1 0.4395833333333333 0.171875 0.2125 0.1640625
1 0.6041666666666666 0.2015625 0.22916666666666666 0.159375
1 0.68125 0.303125 0.18541666666666667 0.1453125
1 0.86875 0.3265625 0.2625 0.16875
1 0.7333333333333333 0.42578125 0.19583333333333333 0.1609375
1 0.5760416666666667 0.40859375 0.18333333333333332 0.140625
1 0.6447916666666667 0.5125 0.22708333333333333 0.134375
1 0.440625 0.65390625 0.17291666666666666 0.1171875
0 0.31145833333333334 0.71015625 0.21875 0.1296875
0 0.19479166666666667 0.59453125 0.24583333333333332 0.190625
1 0.384375 0.4515625 0.23958333333333334 0.13125
1 0.43125 0.53828125 0.19583333333333333 0.1078125
1 0.19375 0.47890625 0.24375 0.1359375
1 0.18333333333333332 0.353125 0.21041666666666667 0.14375
1 0.35520833333333335 0.34140625 0.21041666666666667 0.1484375
1 0.5052083333333334 0.31640625 0.2 0.1578125
1 0.29270833333333335 0.24609375 0.21666666666666667 0.15625