1 0.34270833333333334 0.18984375 0.19375 0.1484375
1 0.5114583333333333 0.19140625 0.21041666666666667 0.1421875
1 0.6177083333333333 0.278125 0.16666666666666666 0.1328125
1 0.8197916666666667 0.2671875 0.26666666666666666 0.146875
1 0.7052083333333333 0.3890625 0.17708333333333334 0.146875
1 0.546875 0.39765625 0.16666666666666666 0.128125
1 0.6447916666666667 0.48828125 0.2125 0.1171875
1 0.48854166666666665 0.66015625 0.15833333333333333 0.1046875
0 0.37916666666666665 0.73671875 0.20416666666666666 0.1140625
0 0.23020833333333332 0.64375 0.22083333333333333 0.1734375
1 0.3729166666666667 0.471875 0.225 0.1125
1 0.44479166666666664 0.54921875 0.18541666666666667 0.0921875
1 0.19583333333333333 0.53046875 0.22916666666666666 0.1171875
1 0.14791666666666667 0.4109375 0.19375 0.1296875
1 0.31145833333333334 0.36953125 0.19166666666666668 0.1328125
1 0.45 0.3203125 0.17916666666666667 0.14375
1 0.221875 0.2875 0.19791666666666666 0.140625