1 0.31796875 0.41875 0.1234375 0.15416666666666667
0 0.2859375 0.6135416666666667 0.1375 0.16041666666666668
0 0.43984375 0.475 0.1078125 0.13541666666666666
0 0.515625 0.45625 0.065625 0.1125
0 0.57890625 0.5052083333333334 0.1046875 0.14375
1 0.57734375 0.6479166666666667 0.1328125 0.15416666666666667
1 0.4875 0.58125 0.1078125 0.13125
1 0.403125 0.64375 0.1046875 0.13333333333333333
1 0.37109375 0.5385416666666667 0.1109375 0.125
1 0.434375 0.3645833333333333 0.115625 0.13125
1 0.5453125 0.3927083333333333 0.1140625 0.1375
1 0.25078125 0.5458333333333333 0.1109375 0.09791666666666667
1 0.515625 0.6822916666666666 0.053125 0.0875