1 0.3375 0.3625 0.1265625 0.15833333333333333
0 0.271875 0.5416666666666666 0.140625 0.16666666666666666
0 0.44609375 0.45625 0.1109375 0.13958333333333334
0 0.52265625 0.4625 0.06875 0.11458333333333333
0 0.57578125 0.53125 0.1078125 0.14791666666666667
1 0.5484375 0.66875 0.1359375 0.15833333333333333
1 0.4734375 0.575 0.109375 0.13541666666666666
1 0.3796875 0.6083333333333333 0.10625 0.1375
1 0.36796875 0.49583333333333335 0.1140625 0.12916666666666668
1 0.4609375 0.34791666666666665 0.11875 0.13541666666666666
1 0.56328125 0.41041666666666665 0.1171875 0.14166666666666666
1 0.25 0.4635416666666667 0.1125 0.10208333333333333
1 0.48203125 0.6822916666666666 0.0546875 0.08958333333333333