1 0.325 0.39375 0.1125 0.13958333333333334
0 0.278125 0.5833333333333334 0.1265625 0.14375
0 0.4421875 0.4666666666666667 0.0984375 0.12291666666666666
0 0.51875 0.4583333333333333 0.0578125 0.10416666666666667
0 0.578125 0.5166666666666667 0.0953125 0.13125
1 0.565625 0.6583333333333333 0.1234375 0.1375
1 0.48125 0.5791666666666667 0.0984375 0.11875
1 0.3921875 0.6291666666666667 0.0953125 0.12083333333333333
1 0.36875 0.5208333333333334 0.103125 0.11041666666666666
1 0.4453125 0.35625 0.1078125 0.11666666666666667
1 0.553125 0.4 0.1046875 0.12291666666666666
1 0.2484375 0.5104166666666666 0.1046875 0.08333333333333333
1 0.5015625 0.6833333333333333 0.046875 0.08125