1 0.36015625 0.415625 0.1125 0.14791666666666667
0 0.48125 0.4864583333333333 0.115625 0.13958333333333334
0 0.5515625 0.48125 0.0703125 0.12083333333333333
0 0.62109375 0.534375 0.1140625 0.1625
0 0.3171875 0.6135416666666667 0.128125 0.1375
1 0.43515625 0.6489583333333333 0.1015625 0.13125
1 0.51875 0.5979166666666667 0.1015625 0.13125
1 0.6109375 0.6791666666666667 0.140625 0.16666666666666666
1 0.58515625 0.4125 0.1125 0.12916666666666668
1 0.47421875 0.3697916666666667 0.121875 0.13541666666666666
1 0.275 0.5364583333333334 0.1046875 0.08333333333333333
1 0.4046875 0.5427083333333333 0.1046875 0.1375
1 0.284375 0.453125 0.0875 0.11041666666666666
1 0.5484375 0.7 0.05 0.07708333333333334