1 0.36875 0.39375 0.1015625 0.13333333333333333
0 0.4828125 0.48333333333333334 0.1046875 0.12291666666666666
0 0.553125 0.4895833333333333 0.0609375 0.1125
0 0.6171875 0.5541666666666667 0.1015625 0.14791666666666667
0 0.3078125 0.5833333333333334 0.11875 0.11875
1 0.421875 0.6375 0.0921875 0.11666666666666667
1 0.509375 0.6 0.0921875 0.11666666666666667
1 0.59375 0.6958333333333333 0.128125 0.14791666666666667
1 0.5921875 0.4270833333333333 0.103125 0.1125
1 0.4859375 0.36666666666666664 0.1125 0.11875
1 0.2734375 0.5 0.0984375 0.06875
1 0.4015625 0.5270833333333333 0.09375 0.12291666666666666
1 0.290625 0.41875 0.0796875 0.09791666666666667
1 0.5296875 0.70625 0.04375 0.07083333333333333