0 0.35365853658536583 0.915625 0.12804878048780488 0.1
0 0.19004065040650406 0.89765625 0.12601626016260162 0.1046875
0 0.3861788617886179 0.82578125 0.10975609756097561 0.071875
0 0.46646341463414637 0.89296875 0.13211382113821138 0.0953125
0 0.556910569105691 0.8609375 0.07926829268292683 0.0734375
0 0.45121951219512196 0.6203125 0.11991869918699187 0.08125
0 0.3445121951219512 0.62109375 0.10569105691056911 0.0734375
0 0.3617886178861789 0.73671875 0.11991869918699187 0.0875
0 0.2601626016260163 0.73203125 0.09552845528455285 0.084375
0 0.10569105691056911 0.76953125 0.12804878048780488 0.0796875
0 0.19004065040650406 0.8109375 0.1016260162601626 0.0796875
0 0.07520325203252033 0.88359375 0.12804878048780488 0.096875
1 0.2855691056910569 0.7984375 0.0975609756097561 0.0671875
1 0.2784552845528455 0.8625 0.10975609756097561 0.0671875
1 0.4380081300813008 0.7765625 0.07926829268292683 0.0703125
1 0.5274390243902439 0.78046875 0.09349593495934959 0.0640625
1 0.48272357723577236 0.81875 0.09552845528455285 0.0578125
1 0.6300813008130082 0.79140625 0.08943089430894309 0.075
1 0.5294715447154471 0.71484375 0.09146341463414634 0.0609375
1 0.5386178861788617 0.65078125 0.09349593495934959 0.06875
1 0.6026422764227642 0.63359375 0.10975609756097561 0.0890625
0 0.625 0.690625 0.0975609756097561 0.0640625
1 0.18699186991869918 0.66640625 0.11178861788617886 0.0765625
1 0.27439024390243905 0.6734375 0.08536585365853659 0.0515625
1 0.11483739837398374 0.7015625 0.11178861788617886 0.0765625
1 0.47764227642276424 0.69140625 0.04878048780487805 0.0421875
1 0.42276422764227645 0.703125 0.07723577235772358 0.0390625
1 0.13008130081300814 0.60859375 0.09146341463414634 0.046875
1 0.2571138211382114 0.6046875 0.0975609756097561 0.0671875
1 0.391260162601626 0.56328125 0.1016260162601626 0.0609375