0 0.28854166666666664 0.875 0.2791666666666667 0.228125
1 0.13541666666666666 0.76640625 0.2708333333333333 0.2109375
1 0.09270833333333334 0.58828125 0.18541666666666667 0.2640625
1 0.2552083333333333 0.5765625 0.25625 0.209375
1 0.45625 0.575 0.26875 0.1890625
1 0.3177083333333333 0.71875 0.23125 0.171875
0 0.18125 0.3953125 0.325 0.2171875
1 0.3072916666666667 0.23671875 0.34791666666666665 0.2390625
1 0.4041666666666667 0.43671875 0.2604166666666667 0.2109375
1 0.5427083333333333 0.4453125 0.21041666666666667 0.146875
1 0.4895833333333333 0.29921875 0.19791666666666666 0.1609375
1 0.603125 0.3328125 0.19166666666666668 0.1625
1 0.5864583333333333 0.1859375 0.19583333333333333 0.1328125
0 0.5416666666666666 0.075 0.24166666666666667 0.15
1 0.421875 0.15078125 0.22916666666666666 0.1453125
1 0.6875 0.2109375 0.1375 0.11875
1 0.71875 0.15234375 0.14166666666666666 0.109375