0 0.37916666666666665 0.878125 0.22708333333333333 0.221875
0 0.15625 0.4140625 0.2875 0.184375
1 0.17291666666666666 0.7765625 0.3020833333333333 0.19375
1 0.10416666666666667 0.6015625 0.20625 0.2203125
1 0.27708333333333335 0.5625 0.20416666666666666 0.15625
1 0.45625 0.5484375 0.19166666666666668 0.1578125
1 0.34791666666666665 0.6921875 0.20625 0.128125
1 0.3625 0.4171875 0.19166666666666668 0.159375
1 0.5145833333333333 0.4109375 0.17916666666666667 0.140625
1 0.26666666666666666 0.23125 0.2708333333333333 0.1890625
1 0.44583333333333336 0.26875 0.15208333333333332 0.15
0 0.58125 0.2828125 0.15416666666666667 0.1375
0 0.36875 0.15 0.20208333333333334 0.1265625
0 0.5166666666666667 0.134375 0.1625 0.11875
1 0.6291666666666667 0.15625 0.11458333333333333 0.11875
1 0.45416666666666666 0.0484375 0.21458333333333332 0.096875
1 0.6416666666666667 0.0828125 0.15833333333333333 0.1140625