0 0.27708333333333335 0.85078125 0.2833333333333333 0.253125
0 0.1875 0.3625 0.3333333333333333 0.225
1 0.13854166666666667 0.71953125 0.27708333333333335 0.2359375
1 0.10729166666666666 0.53671875 0.21458333333333332 0.2484375
1 0.26458333333333334 0.5265625 0.24375 0.184375
1 0.44375 0.540625 0.23125 0.184375
1 0.29791666666666666 0.6640625 0.2375 0.1578125
1 0.3885416666666667 0.39765625 0.23125 0.1859375
1 0.5385416666666667 0.41484375 0.21458333333333332 0.165625
1 0.3458333333333333 0.20078125 0.31666666666666665 0.2265625
1 0.5114583333333333 0.265625 0.18958333333333333 0.1703125
0 0.6395833333333333 0.3 0.18958333333333333 0.1578125
0 0.46875 0.1375 0.23333333333333334 0.1546875
0 0.6177083333333333 0.1453125 0.19166666666666668 0.1421875
1 0.721875 0.18359375 0.14583333333333334 0.134375
1 0.5791666666666667 0.05703125 0.2375 0.1140625
1 0.7541666666666667 0.1140625 0.1875 0.1359375