0 0.20625 0.2671875 0.10208333333333333 0.078125
0 0.28229166666666666 0.24375 0.1 0.084375
0 0.36770833333333336 0.22734375 0.10208333333333333 0.0828125
0 0.4427083333333333 0.2140625 0.08958333333333333 0.08125
0 0.5166666666666667 0.21328125 0.08958333333333333 0.071875
0 0.475 0.1640625 0.08541666666666667 0.05625
0 0.06458333333333334 0.121875 0.08541666666666667 0.0484375
0 0.36875 0.03046875 0.06875 0.0484375
1 0.3104166666666667 0.04765625 0.06458333333333334 0.05
0 0.38125 0.17734375 0.07916666666666666 0.0546875
1 0.121875 0.28515625 0.1125 0.08125
1 0.10520833333333333 0.2421875 0.07708333333333334 0.0359375
1 0.17083333333333334 0.2109375 0.09166666666666666 0.0625
1 0.234375 0.1875 0.08541666666666667 0.059375
1 0.303125 0.18125 0.07916666666666666 0.0546875
1 0.5145833333333333 0.13828125 0.0625 0.05
1 0.5802083333333333 0.18359375 0.08958333333333333 0.08125
1 0.40729166666666666 0.1203125 0.08333333333333333 0.053125
1 0.38229166666666664 0.0859375 0.07916666666666666 0.05
1 0.47708333333333336 0.1125 0.06458333333333334 0.0421875
1 0.46770833333333334 0.08671875 0.08333333333333333 0.05
1 0.33645833333333336 0.1328125 0.07291666666666667 0.0421875
1 0.27708333333333335 0.140625 0.0875 0.0515625
1 0.215625 0.15703125 0.07708333333333334 0.0375
1 0.15520833333333334 0.1765625 0.05416666666666667 0.028125
1 0.09895833333333333 0.2046875 0.08541666666666667 0.0640625
1 0.07708333333333334 0.16640625 0.0625 0.0390625
1 0.13958333333333334 0.14375 0.08541666666666667 0.059375
1 0.20625 0.125 0.06458333333333334 0.04375
1 0.26666666666666666 0.1109375 0.0625 0.034375
1 0.31979166666666664 0.09609375 0.06458333333333334 0.05
1 0.353125 0.06328125 0.05 0.028125
1 0.2375 0.08671875 0.0625 0.0453125
1 0.190625 0.10078125 0.07083333333333333 0.0421875
1 0.140625 0.11171875 0.07083333333333333 0.040625
1 0.11875 0.0875 0.07083333333333333 0.04375
1 0.18229166666666666 0.06171875 0.08541666666666667 0.0546875
1 0.2520833333333333 0.05546875 0.06666666666666667 0.0453125
1 0.04375 0.08359375 0.0875 0.0546875