0 0.496875 0.4979166666666667 0.08125 0.11041666666666666
0 0.6703125 0.24166666666666667 0.0703125 0.11458333333333333
1 0.58984375 0.21666666666666667 0.0875 0.13125
1 0.62578125 0.3260416666666667 0.0828125 0.10833333333333334
1 0.6875 0.37083333333333335 0.0703125 0.10833333333333334
1 0.64296875 0.421875 0.0734375 0.08333333333333333
1 0.653125 0.5177083333333333 0.0765625 0.11875
1 0.63125 0.5989583333333334 0.09375 0.10208333333333333
1 0.521875 0.6 0.109375 0.13541666666666666
1 0.56328125 0.4510416666666667 0.0859375 0.11875
1 0.4703125 0.36354166666666665 0.0953125 0.12083333333333333
1 0.553125 0.35104166666666664 0.0671875 0.075
1 0.578125 0.5229166666666667 0.0671875 0.058333333333333334
1 0.70625 0.496875 0.040625 0.09166666666666666