0 0.496875 0.4979166666666667 0.084375 0.11458333333333333
0 0.6828125 0.25833333333333336 0.0734375 0.11666666666666667
1 0.6046875 0.22604166666666667 0.090625 0.13541666666666666
1 0.634375 0.3385416666666667 0.0859375 0.1125
1 0.69375 0.3885416666666667 0.0734375 0.11041666666666666
1 0.646875 0.4354166666666667 0.075 0.08541666666666667
1 0.65234375 0.53125 0.0796875 0.12083333333333333
1 0.62578125 0.6114583333333333 0.0953125 0.10625
1 0.51640625 0.6010416666666667 0.1125 0.14166666666666666
1 0.565625 0.45625 0.0890625 0.12291666666666666
1 0.47734375 0.36041666666666666 0.0984375 0.125
1 0.56015625 0.35625 0.06875 0.07708333333333334
1 0.57734375 0.5302083333333333 0.06875 0.06041666666666667
1 0.70625 0.5166666666666667 0.0421875 0.09375