0 0.265625 0.40703125 0.07708333333333334 0.075
0 0.33958333333333335 0.43359375 0.10416666666666667 0.0859375
0 0.41875 0.46796875 0.11041666666666666 0.0875
0 0.49583333333333335 0.503125 0.10208333333333333 0.075
0 0.546875 0.54375 0.09791666666666667 0.075
0 0.5677083333333334 0.4890625 0.075 0.0640625
0 0.6604166666666667 0.3484375 0.06458333333333334 0.0578125
0 0.6364583333333333 0.21953125 0.03333333333333333 0.03125
0 0.38958333333333334 0.178125 0.06875 0.0375
0 0.35208333333333336 0.23828125 0.08333333333333333 0.04375
1 0.17604166666666668 0.378125 0.1125 0.08125
1 0.22395833333333334 0.3421875 0.07083333333333333 0.0625
1 0.2989583333333333 0.353125 0.09166666666666666 0.065625
1 0.371875 0.3734375 0.075 0.0578125
1 0.43020833333333336 0.40234375 0.09166666666666666 0.0546875
1 0.49375 0.44375 0.05416666666666667 0.046875
0 0.6354166666666666 0.56328125 0.09166666666666666 0.0765625
1 0.6291666666666667 0.49921875 0.075 0.05625
1 0.6322916666666667 0.46640625 0.07916666666666666 0.0515625
1 0.5770833333333333 0.42421875 0.07708333333333334 0.059375
1 0.5208333333333334 0.3953125 0.06666666666666667 0.046875
1 0.503125 0.41640625 0.07291666666666667 0.0484375
1 0.465625 0.3640625 0.07083333333333333 0.059375
1 0.396875 0.3515625 0.07083333333333333 0.053125
1 0.33541666666666664 0.32890625 0.058333333333333334 0.0453125
1 0.36770833333333336 0.2984375 0.0875 0.059375
1 0.44583333333333336 0.3203125 0.06041666666666667 0.0375
1 0.5 0.34140625 0.04583333333333333 0.0453125
1 0.5479166666666667 0.35390625 0.06875 0.0546875
1 0.5979166666666667 0.39140625 0.07708333333333334 0.0515625
1 0.6614583333333334 0.3921875 0.06458333333333334 0.040625
1 0.6489583333333333 0.43203125 0.07083333333333333 0.0640625
1 0.5947916666666667 0.32421875 0.06041666666666667 0.05
1 0.6083333333333333 0.35625 0.052083333333333336 0.0359375
1 0.5520833333333334 0.30234375 0.05625 0.05
1 0.5072916666666667 0.3109375 0.058333333333333334 0.0390625
1 0.46145833333333336 0.29375 0.058333333333333334 0.0421875
1 0.49375 0.26953125 0.06666666666666667 0.05
1 0.41458333333333336 0.2734375 0.05625 0.0390625
1 0.43125 0.24921875 0.06666666666666667 0.0453125
1 0.303125 0.28203125 0.06041666666666667 0.0421875
1 0.39166666666666666 0.2125 0.0625 0.046875
1 0.44479166666666664 0.21015625 0.058333333333333334 0.0375
1 0.4947916666666667 0.20703125 0.05416666666666667 0.0359375
1 0.4864583333333333 0.2375 0.058333333333333334 0.03125
1 0.5395833333333333 0.23203125 0.05 0.0359375
1 0.578125 0.240625 0.05416666666666667 0.0453125
1 0.5385416666666667 0.2609375 0.04583333333333333 0.0359375
1 0.5854166666666667 0.284375 0.05625 0.040625
1 0.6197916666666666 0.26953125 0.035416666666666666 0.0359375
1 0.6510416666666666 0.2890625 0.035416666666666666 0.0296875
1 0.69375 0.31015625 0.052083333333333336 0.0421875
0 0.6989583333333333 0.2828125 0.058333333333333334 0.040625
1 0.6333333333333333 0.3125 0.04583333333333333 0.040625
1 0.6572916666666667 0.25625 0.03958333333333333 0.034375
0 0.70625 0.2578125 0.05 0.0453125
1 0.4552083333333333 0.153125 0.05416666666666667 0.0453125
1 0.44479166666666664 0.18359375 0.05 0.0375