1 0.39895833333333336 0.20234375 0.18333333333333332 0.1453125
1 0.5114583333333333 0.225 0.12291666666666666 0.10625
1 0.6125 0.31484375 0.13958333333333334 0.13125
1 0.5104166666666666 0.31953125 0.12083333333333333 0.084375
1 0.37083333333333335 0.32421875 0.17708333333333334 0.1390625
1 0.4895833333333333 0.4078125 0.18333333333333332 0.1421875
1 0.6364583333333333 0.41328125 0.1375 0.1140625
1 0.63125 0.51796875 0.17916666666666667 0.1515625
1 0.5729166666666666 0.63515625 0.18125 0.1390625
1 0.4708333333333333 0.5375 0.17916666666666667 0.140625
1 0.30104166666666665 0.53125 0.20416666666666666 0.146875
1 0.3625 0.64765625 0.20208333333333334 0.1453125
1 0.23645833333333333 0.659375 0.15625 0.1296875
1 0.08541666666666667 0.634375 0.15833333333333333 0.1859375
1 0.14479166666666668 0.534375 0.16458333333333333 0.1390625
1 0.23854166666666668 0.403125 0.17916666666666667 0.134375
1 0.13645833333333332 0.38046875 0.1375 0.128125
1 0.196875 0.27734375 0.11041666666666666 0.1296875
1 0.26458333333333334 0.26796875 0.11458333333333333 0.0953125
1 0.453125 0.1125 0.12291666666666666 0.0953125
1 0.55 0.17421875 0.075 0.0578125
1 0.2864583333333333 0.18125 0.11666666666666667 0.0984375