0 0.2765625 0.528125 0.1859375 0.20833333333333334
0 0.2109375 0.2916666666666667 0.1515625 0.14375
0 0.06171875 0.7041666666666667 0.1234375 0.2
0 0.05625 0.5270833333333333 0.1125 0.12916666666666668
0 0.121875 0.8760416666666667 0.171875 0.19791666666666666
0 0.2578125 0.215625 0.1484375 0.15208333333333332
1 0.47421875 0.25 0.1453125 0.18125
1 0.45 0.3729166666666667 0.15 0.175
1 0.47734375 0.521875 0.175 0.18958333333333333
1 0.353125 0.69375 0.175 0.20208333333333334
1 0.20390625 0.7083333333333334 0.190625 0.225
1 0.49609375 0.7104166666666667 0.125 0.19791666666666666
1 0.63828125 0.7270833333333333 0.171875 0.20833333333333334
1 0.71328125 0.5583333333333333 0.121875 0.18958333333333333
1 0.8390625 0.5885416666666666 0.125 0.19375
1 0.9515625 0.6354166666666666 0.096875 0.24583333333333332
1 0.775 0.7427083333333333 0.1453125 0.1875
1 0.88359375 0.7770833333333333 0.1421875 0.22916666666666666
1 0.27265625 0.871875 0.165625 0.2
1 0.41875 0.8927083333333333 0.1390625 0.21041666666666667
1 0.55234375 0.88125 0.1484375 0.18958333333333333
1 0.68828125 0.890625 0.1359375 0.18125
1 0.80546875 0.9135416666666667 0.1328125 0.17291666666666666
1 0.91953125 0.9364583333333333 0.13125 0.12708333333333333
1 0.59375 0.4270833333333333 0.121875 0.14375
1 0.146875 0.4125 0.1296875 0.13333333333333333
1 0.1203125 0.5322916666666667 0.146875 0.12916666666666668