0 0.278125 0.54375 0.178125 0.19583333333333333
0 0.203125 0.3125 0.146875 0.13333333333333333
0 0.0640625 0.7354166666666667 0.128125 0.19166666666666668
0 0.05625 0.5583333333333333 0.1125 0.12083333333333333
0 0.1375 0.9020833333333333 0.1640625 0.1875
0 0.246875 0.23333333333333334 0.14375 0.14166666666666666
1 0.4640625 0.2520833333333333 0.1390625 0.17083333333333334
1 0.4453125 0.3770833333333333 0.14375 0.16458333333333333
1 0.478125 0.5229166666666667 0.16875 0.17708333333333334
1 0.3609375 0.7041666666666667 0.1671875 0.19166666666666668
1 0.2125 0.7291666666666666 0.1828125 0.2125
1 0.5046875 0.7104166666666667 0.1171875 0.18958333333333333
1 0.646875 0.7166666666666667 0.1640625 0.19791666666666666
1 0.715625 0.54375 0.115625 0.18125
1 0.8421875 0.5645833333333333 0.1171875 0.18541666666666667
1 0.95625 0.6041666666666666 0.0875 0.23958333333333334
1 0.784375 0.7229166666666667 0.1390625 0.17708333333333334
1 0.89375 0.75 0.134375 0.22083333333333333
1 0.2875 0.8875 0.1578125 0.18958333333333333
1 0.434375 0.8979166666666667 0.13125 0.20208333333333334
1 0.5671875 0.8770833333333333 0.1421875 0.17916666666666667
1 0.703125 0.8770833333333333 0.1296875 0.17291666666666666
1 0.821875 0.89375 0.1265625 0.16875
1 0.9359375 0.90625 0.1265625 0.11875
1 0.590625 0.42083333333333334 0.1171875 0.13541666666666666
1 0.14375 0.4375 0.125 0.125
1 0.121875 0.5583333333333333 0.1421875 0.11875