0 0.27578125 0.5020833333333333 0.196875 0.22708333333333333
0 0.22578125 0.259375 0.159375 0.15833333333333333
0 0.05859375 0.6510416666666666 0.1171875 0.21458333333333332
0 0.0578125 0.4739583333333333 0.115625 0.13958333333333334
0 0.09921875 0.83125 0.1828125 0.21666666666666667
0 0.27734375 0.18854166666666666 0.1578125 0.16666666666666666
1 0.490625 0.24791666666666667 0.15625 0.19583333333333333
1 0.45859375 0.36770833333333336 0.159375 0.18958333333333333
1 0.47578125 0.51875 0.1859375 0.20625
1 0.340625 0.6760416666666667 0.1859375 0.22083333333333333
1 0.19140625 0.6739583333333333 0.203125 0.24375
1 0.4828125 0.709375 0.1359375 0.21041666666666667
1 0.62265625 0.7416666666666667 0.1828125 0.22708333333333333
1 0.70859375 0.5833333333333334 0.1328125 0.2
1 0.83203125 0.6270833333333333 0.1359375 0.20625
1 0.940625 0.6875 0.1109375 0.25416666666666665
1 0.75859375 0.7739583333333333 0.15625 0.20208333333333334
1 0.8640625 0.8208333333333333 0.15625 0.24375
1 0.24921875 0.8447916666666667 0.1765625 0.21666666666666667
1 0.39375 0.8822916666666667 0.1515625 0.225
1 0.52734375 0.8854166666666666 0.159375 0.20416666666666666
1 0.6609375 0.90625 0.146875 0.1875
1 0.77734375 0.9270833333333334 0.1421875 0.14583333333333334
1 0.8890625 0.95625 0.1375 0.0875
1 0.59765625 0.43854166666666666 0.1296875 0.15625
1 0.15390625 0.371875 0.1375 0.14791666666666667
1 0.11953125 0.4875 0.153125 0.14375