1 0.45 0.228125 0.18958333333333333 0.1421875
1 0.628125 0.2796875 0.21666666666666667 0.1515625
1 0.48125 0.33359375 0.19791666666666666 0.1296875
0 0.36354166666666665 0.3296875 0.125 0.1046875
1 0.2864583333333333 0.246875 0.18958333333333333 0.146875
1 0.22916666666666666 0.096875 0.16875 0.1296875
1 0.38958333333333334 0.0640625 0.16875 0.11875
1 0.49583333333333335 0.103125 0.15833333333333333 0.0984375
1 0.48020833333333335 0.1546875 0.1125 0.08125
1 0.5729166666666666 0.190625 0.14375 0.11875
1 0.22916666666666666 0.19375 0.15208333333333332 0.1125
1 0.13125 0.15546875 0.13125 0.1