0 0.515625 0.61953125 0.33125 0.2875
0 0.26145833333333335 0.49375 0.3458333333333333 0.2390625
1 0.4625 0.37109375 0.325 0.2140625
1 0.7072916666666667 0.5109375 0.2708333333333333 0.2421875
1 0.878125 0.68828125 0.24375 0.2671875
1 0.66875 0.7375 0.2916666666666667 0.18125
1 0.38645833333333335 0.73046875 0.2520833333333333 0.234375
1 0.1625 0.69609375 0.30416666666666664 0.259375
1 0.06875 0.46640625 0.1375 0.2796875
1 0.15520833333333334 0.34296875 0.3104166666666667 0.1765625
1 0.35833333333333334 0.2359375 0.1875 0.1140625
1 0.796875 0.23671875 0.2875 0.171875
1 0.8208333333333333 0.36953125 0.25625 0.165625
1 0.6020833333333333 0.315625 0.20625 0.1625
1 0.9375 0.32421875 0.09375 0.1296875
1 0.9458333333333333 0.459375 0.10833333333333334 0.159375
1 0.8583333333333333 0.5109375 0.125 0.10625