0 0.49583333333333335 0.6203125 0.2916666666666667 0.2625
0 0.26458333333333334 0.471875 0.3145833333333333 0.2125
1 0.48333333333333334 0.36875 0.29583333333333334 0.1890625
1 0.7041666666666667 0.5296875 0.2375 0.221875
1 0.8708333333333333 0.725 0.25833333333333336 0.2453125
1 0.6291666666666667 0.7515625 0.26875 0.1578125
1 0.35 0.71875 0.21875 0.215625
1 0.13333333333333333 0.6640625 0.26666666666666666 0.2375
1 0.0625 0.4265625 0.125 0.2703125
1 0.17916666666666667 0.3125 0.29791666666666666 0.15
1 0.40208333333333335 0.225 0.17291666666666666 0.0984375
1 0.8375 0.265625 0.26458333333333334 0.1484375
1 0.8395833333333333 0.4 0.23541666666666666 0.1453125
1 0.63125 0.3265625 0.18333333333333332 0.146875
1 0.9625 0.365625 0.075 0.1234375
1 0.953125 0.50078125 0.09375 0.1515625
1 0.8541666666666666 0.54375 0.11041666666666666 0.096875