0 0.4270833333333333 0.5171875 0.09583333333333334 0.05625
0 0.49583333333333335 0.5453125 0.06458333333333334 0.053125
0 0.4895833333333333 0.4859375 0.07083333333333333 0.046875
0 0.43125 0.5734375 0.07916666666666666 0.0484375
0 0.28125 0.546875 0.0625 0.0578125
0 0.33125 0.5046875 0.07083333333333333 0.0515625
1 0.20625 0.51875 0.06875 0.059375
0 0.2604166666666667 0.46875 0.06666666666666667 0.03125
1 0.28541666666666665 0.434375 0.04375 0.028125
1 0.33125 0.40625 0.06458333333333334 0.0375
1 0.3625 0.3734375 0.05416666666666667 0.034375
1 0.34791666666666665 0.4421875 0.06875 0.053125
1 0.43125 0.4609375 0.08541666666666667 0.0484375
0 0.49166666666666664 0.43125 0.075 0.053125
0 0.5520833333333334 0.50625 0.06666666666666667 0.0609375
0 0.5770833333333333 0.4671875 0.07083333333333333 0.0359375
1 0.5291666666666667 0.40625 0.06875 0.040625
0 0.5416666666666666 0.4390625 0.035416666666666666 0.0296875
0 0.3625 0.55 0.06458333333333334 0.0375