0 0.4354166666666667 0.53046875 0.1125 0.0734375
0 0.5114583333333333 0.54453125 0.08125 0.0640625
0 0.48541666666666666 0.48828125 0.08541666666666667 0.059375
0 0.459375 0.584375 0.09375 0.0625
0 0.30520833333333336 0.5875 0.08125 0.06875
0 0.3385416666666667 0.5375 0.08541666666666667 0.0640625
1 0.22291666666666668 0.575 0.0875 0.0703125
0 0.25729166666666664 0.51640625 0.075 0.04375
1 0.26979166666666665 0.478125 0.052083333333333336 0.0359375
1 0.30416666666666664 0.4421875 0.075 0.0484375
1 0.32395833333333335 0.4046875 0.06458333333333334 0.04375
1 0.3333333333333333 0.4734375 0.08541666666666667 0.0640625
1 0.4197916666666667 0.47578125 0.1 0.0640625
0 0.46770833333333334 0.43515625 0.09166666666666666 0.065625
0 0.5520833333333334 0.49609375 0.08541666666666667 0.071875
0 0.5635416666666667 0.453125 0.08125 0.0484375
1 0.49583333333333335 0.40390625 0.08125 0.053125
0 0.51875 0.4328125 0.04375 0.0359375
0 0.384375 0.575 0.075 0.0484375