0 0.45 0.465625 0.0859375 0.11875
0 0.665625 0.21770833333333334 0.090625 0.14583333333333334
0 0.4765625 0.5770833333333333 0.1109375 0.13958333333333334
1 0.440625 0.3333333333333333 0.1125 0.12291666666666666
1 0.521875 0.33125 0.0609375 0.09166666666666666
1 0.5234375 0.41458333333333336 0.0875 0.125
1 0.5421875 0.4947916666666667 0.0734375 0.09375
1 0.63203125 0.509375 0.1078125 0.15416666666666667
1 0.60234375 0.5885416666666666 0.084375 0.10208333333333333
1 0.61875 0.4125 0.09375 0.08958333333333333
1 0.60859375 0.30833333333333335 0.0796875 0.11875
1 0.56875 0.18229166666666666 0.0921875 0.14583333333333334
1 0.68203125 0.35625 0.0828125 0.11875
1 0.6859375 0.49583333333333335 0.046875 0.10208333333333333