1 0.28958333333333336 0.5296875 0.22083333333333333 0.1328125
1 0.41458333333333336 0.646875 0.20833333333333334 0.1359375
1 0.3333333333333333 0.784375 0.20625 0.1328125
1 0.19583333333333333 0.66875 0.20833333333333334 0.146875
1 0.10625 0.765625 0.19166666666666668 0.128125
1 0.06875 0.6421875 0.1375 0.1296875
1 0.075 0.4984375 0.15 0.134375
1 0.19166666666666668 0.4109375 0.21666666666666667 0.13125
1 0.35625 0.4140625 0.16041666666666668 0.115625
1 0.4583333333333333 0.525 0.16041666666666668 0.134375
1 0.5020833333333333 0.4203125 0.15208333333333332 0.1125
1 0.25833333333333336 0.296875 0.1625 0.1375
1 0.4 0.315625 0.13333333333333333 0.1296875
1 0.09791666666666667 0.31875 0.12708333333333333 0.090625
1 0.04375 0.3984375 0.0875 0.071875
1 0.2375 0.2109375 0.1125 0.040625
1 0.41041666666666665 0.1796875 0.14791666666666667 0.1109375
1 0.5 0.2703125 0.11041666666666666 0.071875
1 0.51875 0.3359375 0.1 0.05625
1 0.6291666666666667 0.290625 0.09375 0.0796875
1 0.6791666666666667 0.21875 0.09375 0.0734375
1 0.5604166666666667 0.221875 0.10833333333333334 0.090625
1 0.3958333333333333 0.128125 0.08125 0.034375
1 0.48125 0.1046875 0.14375 0.121875
1 0.5958333333333333 0.1875 0.1125 0.075
1 0.60625 0.090625 0.0875 0.059375
1 0.7083333333333334 0.078125 0.05 0.0609375
1 0.6979166666666666 0.1359375 0.058333333333333334 0.0546875
1 0.5854166666666667 0.0453125 0.08541666666666667 0.05625