0 0.1625 0.79453125 0.10625 0.090625
0 0.5583333333333333 0.6390625 0.08958333333333333 0.0578125
0 0.6114583333333333 0.7 0.09583333333333334 0.075
0 0.6802083333333333 0.6046875 0.0875 0.065625
0 0.6583333333333333 0.52734375 0.07083333333333333 0.0546875
0 0.6364583333333333 0.4859375 0.06458333333333334 0.0421875
0 0.521875 0.48671875 0.09166666666666666 0.0640625
0 0.46458333333333335 0.578125 0.09583333333333334 0.0765625
0 0.39791666666666664 0.540625 0.09583333333333334 0.0546875
0 0.31145833333333334 0.49921875 0.09791666666666667 0.0734375
0 0.25625 0.4390625 0.09583333333333334 0.0640625
0 0.325 0.41640625 0.08333333333333333 0.0625
0 0.109375 0.4625 0.10416666666666667 0.0640625
0 0.24375 0.60703125 0.09375 0.0703125
0 0.22916666666666666 0.55625 0.10208333333333333 0.0546875
0 0.153125 0.609375 0.10625 0.075
0 0.175 0.31875 0.09583333333333334 0.065625
0 0.08333333333333333 0.2765625 0.08541666666666667 0.065625
1 0.18645833333333334 0.66171875 0.10625 0.0625
1 0.196875 0.7203125 0.1 0.0625
1 0.25416666666666665 0.771875 0.10625 0.078125
1 0.3072916666666667 0.70625 0.10625 0.0734375
1 0.3 0.65625 0.09166666666666666 0.0609375
1 0.3802083333333333 0.64140625 0.1 0.06875
1 0.40520833333333334 0.6984375 0.10625 0.078125
1 0.38958333333333334 0.76171875 0.09375 0.075
1 0.4739583333333333 0.746875 0.1125 0.0796875
1 0.54375 0.71875 0.08958333333333333 0.090625
1 0.4791666666666667 0.6765625 0.09583333333333334 0.08125
1 0.45208333333333334 0.63203125 0.07916666666666666 0.05
1 0.50625 0.61640625 0.058333333333333334 0.05
1 0.5416666666666666 0.59453125 0.07708333333333334 0.053125
1 0.6104166666666667 0.5875 0.08125 0.053125
1 0.6208333333333333 0.63359375 0.07916666666666666 0.0609375
1 0.6635416666666667 0.67890625 0.09166666666666666 0.0765625
1 0.721875 0.6625 0.08333333333333333 0.071875
1 0.6510416666666666 0.56796875 0.05625 0.0359375
0 0.5979166666666667 0.53203125 0.08333333333333333 0.0640625
1 0.5375 0.54609375 0.09375 0.0703125
1 0.471875 0.528125 0.06458333333333334 0.0421875
0 0.45729166666666665 0.48515625 0.075 0.065625
1 0.39166666666666666 0.4859375 0.0875 0.06875
1 0.41041666666666665 0.43125 0.09791666666666667 0.065625
1 0.525 0.43046875 0.08541666666666667 0.065625
1 0.58125 0.44375 0.06458333333333334 0.0640625
1 0.634375 0.44140625 0.06875 0.0578125
1 0.2125 0.5 0.11666666666666667 0.078125
1 0.12604166666666666 0.5171875 0.11666666666666667 0.0734375
1 0.125 0.56484375 0.07916666666666666 0.0421875
1 0.13125 0.71171875 0.07916666666666666 0.075
0 0.16666666666666666 0.43359375 0.1 0.0625
0 0.13125 0.375 0.11875 0.0734375
1 0.2125 0.3734375 0.07708333333333334 0.0546875
1 0.284375 0.3734375 0.08541666666666667 0.0578125
1 0.359375 0.3671875 0.08541666666666667 0.0609375
1 0.434375 0.39140625 0.08333333333333333 0.0546875
1 0.42916666666666664 0.36015625 0.06458333333333334 0.0359375
1 0.46979166666666666 0.35 0.075 0.0453125
1 0.49375 0.39140625 0.07916666666666666 0.0546875
1 0.5489583333333333 0.3890625 0.05625 0.0421875
1 0.5791666666666667 0.35 0.06458333333333334 0.05625
1 0.5229166666666667 0.35703125 0.0625 0.04375
1 0.47291666666666665 0.3109375 0.06458333333333334 0.0484375
1 0.5291666666666667 0.31484375 0.06875 0.04375
1 0.5125 0.284375 0.05625 0.0359375
1 0.4635416666666667 0.2796875 0.04375 0.0234375
1 0.15833333333333333 0.27109375 0.08541666666666667 0.0484375
1 0.10208333333333333 0.31875 0.07916666666666666 0.05625
1 0.057291666666666664 0.36015625 0.06666666666666667 0.05625
1 0.08333333333333333 0.40859375 0.09166666666666666 0.059375