1 0.45416666666666666 0.4609375 0.16041666666666668 0.134375
1 0.5375 0.5625 0.16875 0.1359375
1 0.61875 0.45625 0.14583333333333334 0.1234375
1 0.5020833333333333 0.3453125 0.19166666666666668 0.1171875
1 0.34375 0.5578125 0.18125 0.1125
1 0.20208333333333334 0.559375 0.14583333333333334 0.1109375
1 0.08125 0.5140625 0.1625 0.15625
1 0.1625 0.4296875 0.12083333333333333 0.121875
1 0.28541666666666665 0.41875 0.15208333333333332 0.1140625
1 0.2625 0.30625 0.18125 0.115625
1 0.16041666666666668 0.290625 0.12083333333333333 0.1140625
1 0.39791666666666664 0.2328125 0.15416666666666667 0.134375
1 0.6125 0.25625 0.125 0.1171875
1 0.6395833333333333 0.359375 0.12083333333333333 0.10625
1 0.24791666666666667 0.1859375 0.09375 0.1125
1 0.3104166666666667 0.190625 0.10625 0.09375
1 0.4583333333333333 0.1390625 0.14166666666666666 0.128125
1 0.5708333333333333 0.1734375 0.10833333333333334 0.1109375
1 0.33541666666666664 0.103125 0.07708333333333334 0.078125
1 0.5145833333333333 0.05625 0.10416666666666667 0.084375
1 0.6395833333333333 0.115625 0.0875 0.0765625
1 0.66875 0.190625 0.06875 0.0640625