1 0.42421875 0.7770833333333333 0.1875 0.2625
1 0.5546875 0.634375 0.190625 0.27708333333333335
1 0.69765625 0.6395833333333333 0.128125 0.16666666666666666
1 0.6859375 0.48854166666666665 0.146875 0.20833333333333334
0 0.64765625 0.33645833333333336 0.134375 0.15625
1 0.57578125 0.4197916666666667 0.1640625 0.23125
1 0.45703125 0.296875 0.21875 0.29583333333333334
1 0.29296875 0.25 0.2015625 0.25625
1 0.26484375 0.4635416666666667 0.1328125 0.20833333333333334
1 0.39921875 0.5166666666666667 0.215625 0.3125
1 0.29296875 0.6885416666666667 0.184375 0.26875