1 0.359375 0.18112244897959184 0.171875 0.1836734693877551
1 0.496875 0.1836734693877551 0.1328125 0.18877551020408162
1 0.6390625 0.15816326530612246 0.115625 0.22193877551020408
0 0.60625 0.35459183673469385 0.171875 0.23979591836734693
0 0.7578125 0.461734693877551 0.1875 0.2602040816326531
0 0.934375 0.44642857142857145 0.1296875 0.2627551020408163
1 0.915625 0.7193877551020408 0.1375 0.29591836734693877
1 0.534375 0.5994897959183674 0.2359375 0.30612244897959184
1 0.6578125 0.576530612244898 0.0921875 0.20918367346938777
1 0.7734375 0.7448979591836735 0.2171875 0.31887755102040816
1 0.6203125 0.8035714285714286 0.1703125 0.23214285714285715
1 0.45625 0.8188775510204082 0.2 0.29336734693877553
1 0.665625 0.9591836734693877 0.1546875 0.08163265306122448
1 0.815625 0.9438775510204082 0.159375 0.11224489795918367
1 0.93359375 0.9132653061224489 0.1328125 0.17346938775510204
1 0.31875 0.8877551020408163 0.2046875 0.22448979591836735
1 0.21875 0.6938775510204082 0.190625 0.32908163265306123
1 0.13125 0.8903061224489796 0.1609375 0.2066326530612245
1 0.05625 0.6632653061224489 0.1125 0.25510204081632654
1 0.165625 0.4642857142857143 0.134375 0.1989795918367347
1 0.140625 0.29591836734693877 0.146875 0.19387755102040816
1 0.046875 0.45408163265306123 0.0921875 0.1836734693877551
1 0.21875 0.1760204081632653 0.1046875 0.15816326530612246
1 0.30625 0.0663265306122449 0.096875 0.10459183673469388
1 0.1375 0.09948979591836735 0.128125 0.16581632653061223
1 0.0625 0.1683673469387755 0.09375 0.1326530612244898
1 0.4375 0.058673469387755105 0.1328125 0.11479591836734694
1 0.759375 0.10714285714285714 0.128125 0.20408163265306123
1 0.859375 0.09693877551020408 0.1234375 0.1913265306122449
1 0.79375 0.2857142857142857 0.1515625 0.17857142857142858
1 0.9375 0.2193877551020408 0.1140625 0.18112244897959184
1 0.6453125 0.02806122448979592 0.125 0.05612244897959184
1 0.5421875 0.09438775510204081 0.103125 0.11224489795918367
1 0.2234375 0.04591836734693878 0.084375 0.08673469387755102
1 0.28125 0.37244897959183676 0.1546875 0.21683673469387754
1 0.4265625 0.3852040816326531 0.1546875 0.26785714285714285
1 0.3328125 0.5612244897959183 0.1421875 0.16071428571428573
1 0.3703125 0.6913265306122449 0.1 0.12244897959183673