1 0.34609375 0.19770408163265307 0.1796875 0.20153061224489796
1 0.48359375 0.18494897959183673 0.140625 0.20408163265306123
1 0.62421875 0.14285714285714285 0.125 0.23469387755102042
0 0.6 0.34311224489795916 0.18125 0.2576530612244898
0 0.75546875 0.43239795918367346 0.1984375 0.28061224489795916
0 0.93046875 0.39668367346938777 0.1390625 0.2780612244897959
1 0.92421875 0.6709183673469388 0.15 0.3112244897959184
1 0.53828125 0.5956632653061225 0.2484375 0.33163265306122447
1 0.6609375 0.5586734693877551 0.1015625 0.2193877551020408
1 0.78359375 0.7130102040816326 0.2296875 0.34183673469387754
1 0.6328125 0.7895408163265306 0.1796875 0.25
1 0.4703125 0.8227040816326531 0.2125 0.3163265306122449
1 0.68515625 0.9387755102040817 0.1578125 0.09948979591836735
1 0.83359375 0.9068877551020408 0.1640625 0.13010204081632654
1 0.93984375 0.8622448979591837 0.1203125 0.18877551020408162
1 0.33515625 0.8915816326530612 0.2140625 0.21683673469387754
1 0.22734375 0.7257653061224489 0.2046875 0.3494897959183674
1 0.1484375 0.9094387755102041 0.16875 0.18112244897959184
1 0.0640625 0.7130102040816326 0.1234375 0.26785714285714285
1 0.16484375 0.5025510204081632 0.1421875 0.21428571428571427
1 0.1328125 0.336734693877551 0.1546875 0.20918367346938777
1 0.04765625 0.5051020408163265 0.0953125 0.19387755102040816
1 0.20546875 0.20918367346938777 0.1109375 0.17091836734693877
1 0.28828125 0.08928571428571429 0.1015625 0.11479591836734694
1 0.12109375 0.14158163265306123 0.134375 0.18112244897959184
1 0.04921875 0.2193877551020408 0.0984375 0.14285714285714285
1 0.41875 0.0663265306122449 0.1375 0.13010204081632654
1 0.74140625 0.09438775510204081 0.1359375 0.18877551020408162
1 0.840625 0.07908163265306123 0.13125 0.15816326530612246
1 0.78359375 0.25255102040816324 0.159375 0.19642857142857142
1 0.92421875 0.16964285714285715 0.121875 0.19387755102040816
1 0.62421875 0.02423469387755102 0.1265625 0.04846938775510204
1 0.525 0.09056122448979592 0.1078125 0.12244897959183673
1 0.2046875 0.07908163265306123 0.0875 0.09693877551020408
1 0.2765625 0.3979591836734694 0.1640625 0.23469387755102042
1 0.421875 0.39413265306122447 0.165625 0.2857142857142857
1 0.3359375 0.5803571428571429 0.1484375 0.1760204081632653
1 0.37890625 0.7053571428571429 0.1046875 0.1326530612244898