1 0.36875 0.3046875 0.18541666666666667 0.14375
1 0.22083333333333333 0.3140625 0.19375 0.128125
0 0.16770833333333332 0.509375 0.2 0.153125
1 0.39479166666666665 0.40859375 0.21041666666666667 0.1453125
1 0.20729166666666668 0.4109375 0.18333333333333332 0.109375
1 0.41875 0.50859375 0.21458333333333332 0.090625
1 0.378125 0.59140625 0.16041666666666668 0.1296875
0 0.23645833333333333 0.628125 0.175 0.128125
0 0.7229166666666667 0.43203125 0.175 0.1453125
1 0.8583333333333333 0.340625 0.21458333333333332 0.159375
1 0.69375 0.30859375 0.16458333333333333 0.128125
1 0.6239583333333333 0.20703125 0.17916666666666667 0.1421875
1 0.4822916666666667 0.16796875 0.16875 0.125
1 0.33229166666666665 0.1921875 0.19166666666666668 0.10625
1 0.5166666666666667 0.296875 0.18958333333333333 0.146875
1 0.5729166666666666 0.40078125 0.15625 0.1203125
1 0.625 0.50703125 0.1875 0.10625