1 0.3333333333333333 0.3203125 0.1625 0.128125
1 0.18958333333333333 0.3453125 0.175 0.1109375
0 0.17291666666666666 0.54375 0.17708333333333334 0.1359375
1 0.37916666666666665 0.4203125 0.18958333333333333 0.1265625
1 0.19375 0.4421875 0.16875 0.0921875
1 0.42083333333333334 0.5171875 0.20416666666666666 0.0703125
1 0.3958333333333333 0.603125 0.13958333333333334 0.115625
0 0.2625 0.6546875 0.15625 0.1125
0 0.7083333333333334 0.409375 0.15208333333333332 0.13125
1 0.825 0.3046875 0.18958333333333333 0.140625
1 0.65625 0.290625 0.14583333333333334 0.1140625
1 0.56875 0.196875 0.15625 0.1265625
1 0.42083333333333334 0.1734375 0.15 0.1109375
1 0.27708333333333335 0.2125 0.17708333333333334 0.0890625
1 0.4791666666666667 0.296875 0.16666666666666666 0.13125
1 0.5541666666666667 0.39375 0.1375 0.10625
1 0.625 0.49375 0.17291666666666666 0.0890625