1 0.3958333333333333 0.2953125 0.2 0.153125
1 0.24895833333333334 0.29375 0.20625 0.1390625
0 0.16875 0.4828125 0.21666666666666667 0.1640625
1 0.4083333333333333 0.40078125 0.225 0.1578125
1 0.221875 0.38828125 0.19375 0.1203125
1 0.41770833333333335 0.50234375 0.22083333333333333 0.1046875
1 0.365625 0.58125 0.17291666666666666 0.1375
0 0.21979166666666666 0.60703125 0.1875 0.1375
0 0.73125 0.45 0.18958333333333333 0.1546875
1 0.878125 0.36953125 0.22916666666666666 0.1703125
1 0.71875 0.325 0.17916666666666667 0.1375
1 0.6645833333333333 0.21796875 0.19166666666666668 0.1515625
1 0.528125 0.16875 0.18125 0.134375
1 0.37604166666666666 0.18046875 0.2 0.11875
1 0.5447916666666667 0.29921875 0.20416666666666666 0.1578125
1 0.5864583333333333 0.40703125 0.16666666666666666 0.128125
1 0.6229166666666667 0.51640625 0.19583333333333333 0.1171875