0 0.6125 0.6109375 0.225 0.1578125
0 0.7166666666666667 0.525 0.23541666666666666 0.125
0 0.8270833333333333 0.584375 0.16458333333333333 0.1234375
0 0.825 0.4328125 0.18125 0.1484375
0 0.7145833333333333 0.0609375 0.16041666666666668 0.1046875
0 0.64375 0.15 0.20208333333333334 0.1046875
0 0.8229166666666666 0.1671875 0.14791666666666667 0.13125
0 0.9333333333333333 0.1828125 0.13125 0.134375
0 0.37916666666666665 0.440625 0.1875 0.1390625
0 0.225 0.4921875 0.22708333333333333 0.1515625
0 0.5041666666666667 0.3734375 0.20208333333333334 0.128125
0 0.7145833333333333 0.2671875 0.16875 0.15
0 0.39375 0.0984375 0.16666666666666666 0.10625
1 0.5375 0.2359375 0.15416666666666667 0.134375
1 0.43333333333333335 0.196875 0.10833333333333334 0.059375
1 0.3625 0.2984375 0.17083333333333334 0.109375
1 0.3104166666666667 0.2015625 0.14791666666666667 0.0890625
1 0.22916666666666666 0.2671875 0.14791666666666667 0.1
1 0.13958333333333334 0.1640625 0.17916666666666667 0.109375
1 0.24166666666666667 0.0796875 0.14791666666666667 0.1234375
1 0.39791666666666664 0.0234375 0.17916666666666667 0.0453125
1 0.5395833333333333 0.0765625 0.1375 0.1
1 0.8458333333333333 0.296875 0.13333333333333333 0.1078125
1 0.9625 0.3265625 0.075 0.1578125
1 0.9375 0.459375 0.12291666666666666 0.13125
1 0.9541666666666667 0.584375 0.09166666666666666 0.1265625
1 0.47708333333333336 0.5375 0.10416666666666667 0.1453125
1 0.5979166666666667 0.453125 0.14375 0.0828125
0 0.8729166666666667 0.0609375 0.15625 0.121875
1 0.6875 0.375 0.15833333333333333 0.115625