0 0.559375 0.43515625 0.0875 0.0734375
0 0.6208333333333333 0.46015625 0.08958333333333333 0.059375
0 0.61875 0.40546875 0.07708333333333334 0.0640625
0 0.4791666666666667 0.4234375 0.09375 0.0703125
0 0.396875 0.41171875 0.0875 0.0765625
0 0.315625 0.40390625 0.08958333333333333 0.0671875
0 0.3104166666666667 0.2203125 0.07291666666666667 0.0453125
0 0.3104166666666667 0.15078125 0.07083333333333333 0.0421875
0 0.5552083333333333 0.11875 0.041666666666666664 0.028125
0 0.6479166666666667 0.16875 0.058333333333333334 0.0375
0 0.6385416666666667 0.240625 0.06875 0.0578125
1 0.228125 0.39609375 0.10416666666666667 0.0765625
1 0.25 0.3546875 0.06875 0.0515625
1 0.31979166666666664 0.346875 0.08958333333333333 0.0640625
1 0.3927083333333333 0.34375 0.06666666666666667 0.05
1 0.45729166666666665 0.3625 0.07916666666666666 0.0640625
0 0.528125 0.38359375 0.075 0.05625
1 0.7041666666666667 0.45625 0.08958333333333333 0.06875
1 0.6666666666666666 0.365625 0.06875 0.0390625
1 0.6739583333333333 0.33671875 0.08125 0.0578125
1 0.596875 0.34140625 0.07083333333333333 0.053125
1 0.5302083333333333 0.325 0.06666666666666667 0.0421875
1 0.525 0.35234375 0.07916666666666666 0.040625
1 0.465625 0.315625 0.07708333333333334 0.0515625
1 0.403125 0.31953125 0.07708333333333334 0.05
1 0.3541666666666667 0.28203125 0.08125 0.046875
1 0.3385416666666667 0.31171875 0.0625 0.0296875
1 0.26979166666666665 0.3046875 0.075 0.0515625
1 0.28229166666666666 0.2703125 0.06666666666666667 0.04375
1 0.42604166666666665 0.27421875 0.06041666666666667 0.0421875
1 0.48854166666666665 0.28203125 0.06458333333333334 0.0453125
1 0.5364583333333334 0.2765625 0.06666666666666667 0.0453125
1 0.5947916666666667 0.30078125 0.075 0.053125
1 0.59375 0.26953125 0.05416666666666667 0.028125
1 0.6552083333333333 0.29453125 0.06666666666666667 0.0421875
1 0.5645833333333333 0.2390625 0.0625 0.04375
1 0.4822916666666667 0.24921875 0.05416666666666667 0.0359375
1 0.5104166666666666 0.22734375 0.05416666666666667 0.0453125
1 0.45 0.21328125 0.07708333333333334 0.0421875
1 0.43125 0.2453125 0.058333333333333334 0.0359375
1 0.3802083333333333 0.24453125 0.06041666666666667 0.0390625
1 0.384375 0.2109375 0.075 0.040625
1 0.328125 0.18671875 0.06041666666666667 0.0421875
1 0.38229166666666664 0.175 0.0625 0.046875
1 0.428125 0.1828125 0.06458333333333334 0.028125
1 0.4864583333333333 0.19375 0.05625 0.034375
1 0.5385416666666667 0.20234375 0.058333333333333334 0.0359375
1 0.6010416666666667 0.21796875 0.05416666666666667 0.0359375
1 0.6052083333333333 0.1859375 0.041666666666666664 0.034375
1 0.6479166666666667 0.2015625 0.06458333333333334 0.04375
1 0.559375 0.175 0.04583333333333333 0.040625
1 0.5947916666666667 0.15234375 0.05 0.0375
1 0.6416666666666667 0.14296875 0.05625 0.0265625
1 0.515625 0.159375 0.052083333333333336 0.04375
1 0.4708333333333333 0.165625 0.058333333333333334 0.040625
1 0.41041666666666665 0.1484375 0.04791666666666667 0.034375
1 0.3625 0.1453125 0.05416666666666667 0.03125
1 0.353125 0.11171875 0.06041666666666667 0.0484375
1 0.42291666666666666 0.121875 0.0625 0.0453125
1 0.47604166666666664 0.12421875 0.05 0.0375