1 0.321875 0.2625 0.265625 0.30416666666666664
1 0.2984375 0.5614583333333333 0.25 0.32708333333333334
1 0.51015625 0.475 0.2078125 0.28541666666666665
1 0.47890625 0.7739583333333333 0.2265625 0.29791666666666666
1 0.2484375 0.8645833333333334 0.325 0.2708333333333333
1 0.14296875 0.7041666666666667 0.1921875 0.16666666666666666
1 0.08515625 0.6010416666666667 0.1328125 0.21041666666666667
1 0.1734375 0.459375 0.1328125 0.21666666666666667
1 0.6703125 0.6770833333333334 0.2015625 0.30625
1 0.7796875 0.5666666666666667 0.1734375 0.25625
1 0.67578125 0.4083333333333333 0.15 0.25416666666666665
1 0.54296875 0.22291666666666668 0.1625 0.275
1 0.671875 0.20625 0.1390625 0.22083333333333333
1 0.79453125 0.159375 0.1375 0.22916666666666666
1 0.78203125 0.35104166666666664 0.1234375 0.20625
1 0.86875 0.49583333333333335 0.1234375 0.16666666666666666
1 0.9546875 0.4479166666666667 0.090625 0.225
1 0.88828125 0.334375 0.11875 0.21041666666666667