1 0.325 0.25833333333333336 0.2609375 0.29791666666666666
1 0.29765625 0.5572916666666666 0.246875 0.3229166666666667
1 0.5109375 0.475 0.203125 0.28125
1 0.47578125 0.7739583333333333 0.221875 0.2916666666666667
1 0.24375 0.8635416666666667 0.321875 0.27291666666666664
1 0.13984375 0.6958333333333333 0.1890625 0.1625
1 0.08359375 0.590625 0.13125 0.20625
1 0.17421875 0.4510416666666667 0.13125 0.2125
1 0.66796875 0.68125 0.196875 0.3020833333333333
1 0.77890625 0.5729166666666666 0.1703125 0.2520833333333333
1 0.67734375 0.4125 0.146875 0.2520833333333333
1 0.54609375 0.22395833333333334 0.159375 0.27291666666666664
1 0.67578125 0.21041666666666667 0.1359375 0.21666666666666667
1 0.7984375 0.165625 0.134375 0.225
1 0.784375 0.35833333333333334 0.121875 0.20208333333333334
1 0.86875 0.5041666666666667 0.1203125 0.1625
1 0.95546875 0.4583333333333333 0.0890625 0.22291666666666668
1 0.88984375 0.34270833333333334 0.1171875 0.20833333333333334