0 0.47291666666666665 0.4796875 0.09166666666666666 0.0640625
0 0.5458333333333333 0.509375 0.0625 0.0546875
0 0.5416666666666666 0.4546875 0.06666666666666667 0.0484375
0 0.47291666666666665 0.534375 0.07708333333333334 0.053125
0 0.38333333333333336 0.46875 0.07083333333333333 0.0625
0 0.5958333333333333 0.4625 0.06041666666666667 0.0484375
0 0.5375 0.396875 0.06041666666666667 0.05625
1 0.48333333333333334 0.425 0.09166666666666666 0.046875
1 0.4041666666666667 0.4140625 0.06666666666666667 0.0484375
1 0.26666666666666666 0.4765625 0.0625 0.05
0 0.31875 0.4328125 0.05625 0.0328125
0 0.32708333333333334 0.46875 0.058333333333333334 0.0375
0 0.3375 0.509375 0.07083333333333333 0.05
0 0.6229166666666667 0.43125 0.07083333333333333 0.0375
1 0.38958333333333334 0.3703125 0.0625 0.0359375
1 0.4166666666666667 0.3390625 0.058333333333333334 0.0375
1 0.3458333333333333 0.4 0.0375 0.03125
1 0.41875 0.509375 0.06458333333333334 0.0375