0 0.4739583333333333 0.47890625 0.09583333333333334 0.0671875
0 0.5447916666666667 0.5109375 0.06666666666666667 0.0578125
0 0.5447916666666667 0.45625 0.07083333333333333 0.0515625
0 0.4708333333333333 0.53359375 0.08125 0.05625
0 0.3854166666666667 0.4640625 0.075 0.065625
0 0.5979166666666667 0.46640625 0.06458333333333334 0.05
0 0.5447916666666667 0.3984375 0.06458333333333334 0.0578125
1 0.48854166666666665 0.42421875 0.09583333333333334 0.05
1 0.41041666666666665 0.41015625 0.07083333333333333 0.0515625
1 0.26875 0.4671875 0.06666666666666667 0.053125
0 0.32395833333333335 0.42578125 0.058333333333333334 0.034375
0 0.32916666666666666 0.46171875 0.06041666666666667 0.0390625
0 0.3375 0.503125 0.075 0.053125
0 0.6270833333333333 0.4359375 0.07291666666666667 0.040625
1 0.39895833333333336 0.36640625 0.06458333333333334 0.0390625
1 0.428125 0.3359375 0.06041666666666667 0.0390625
1 0.353125 0.39375 0.03958333333333333 0.0328125
1 0.41770833333333335 0.50625 0.06666666666666667 0.040625