1 0.3072916666666667 0.5390625 0.24375 0.1640625
0 0.259375 0.6765625 0.2604166666666667 0.1578125
0 0.10729166666666666 0.51484375 0.21458333333333332 0.1953125
1 0.08125 0.6640625 0.1625 0.15625
1 0.4583333333333333 0.5765625 0.1625 0.1765625
1 0.8635416666666667 0.56875 0.27291666666666664 0.2125
1 0.7041666666666667 0.703125 0.29583333333333334 0.19375
1 0.8916666666666667 0.734375 0.16875 0.171875
1 0.64375 0.584375 0.21666666666666667 0.14375
1 0.6770833333333334 0.45625 0.18333333333333332 0.1375
1 0.8666666666666667 0.46328125 0.21041666666666667 0.090625