1 0.3145833333333333 0.55625 0.22083333333333333 0.1453125
0 0.28958333333333336 0.696875 0.23958333333333334 0.1375
0 0.10416666666666667 0.5515625 0.20416666666666666 0.178125
1 0.09166666666666666 0.703125 0.18125 0.140625
1 0.4708333333333333 0.5796875 0.1375 0.165625
1 0.875 0.534375 0.25 0.190625
1 0.7354166666666667 0.6828125 0.2708333333333333 0.1703125
1 0.9270833333333334 0.696875 0.14375 0.159375
1 0.65625 0.5703125 0.19791666666666666 0.1265625
1 0.66875 0.440625 0.16458333333333333 0.1234375
1 0.8583333333333333 0.4296875 0.2 0.0734375