1 0.30625 0.53671875 0.24583333333333332 0.1671875
0 0.2552083333333333 0.67265625 0.2625 0.1609375
0 0.10833333333333334 0.50859375 0.21666666666666667 0.1984375
1 0.08020833333333334 0.65859375 0.16041666666666668 0.1578125
1 0.45625 0.57578125 0.16666666666666666 0.178125
1 0.8614583333333333 0.5734375 0.27708333333333335 0.215625
1 0.6989583333333333 0.70546875 0.3 0.196875
1 0.8864583333333333 0.73984375 0.17291666666666666 0.1734375
1 0.6416666666666667 0.5859375 0.21875 0.1453125
1 0.678125 0.45859375 0.18541666666666667 0.1390625
1 0.8677083333333333 0.46796875 0.2125 0.09375