0 0.6645833333333333 0.40859375 0.09583333333333334 0.0640625
0 0.7604166666666666 0.4703125 0.10833333333333334 0.0859375
0 0.671875 0.46953125 0.08541666666666667 0.06875
0 0.6010416666666667 0.44296875 0.09791666666666667 0.0796875
0 0.5145833333333333 0.42421875 0.1125 0.0890625
0 0.4239583333333333 0.41015625 0.11458333333333333 0.090625
0 0.3385416666666667 0.39609375 0.10416666666666667 0.08125
0 0.3572916666666667 0.20703125 0.0875 0.0484375
0 0.365625 0.1390625 0.08125 0.05625
0 0.7010416666666667 0.2375 0.07291666666666667 0.06875
1 0.24791666666666667 0.38515625 0.10625 0.0796875
1 0.34791666666666665 0.3359375 0.10625 0.065625
1 0.425 0.340625 0.08125 0.0609375
1 0.49583333333333335 0.353125 0.09166666666666666 0.0640625
1 0.5708333333333333 0.3828125 0.08125 0.0625
1 0.7322916666666667 0.403125 0.08333333333333333 0.05625
1 0.7302083333333333 0.36328125 0.10416666666666667 0.0546875
1 0.6489583333333333 0.3359375 0.08125 0.0546875
1 0.7260416666666667 0.325 0.09166666666666666 0.0546875
1 0.5791666666666667 0.3234375 0.07291666666666667 0.046875
1 0.5114583333333333 0.30546875 0.08333333333333333 0.0546875
1 0.44166666666666665 0.3046875 0.07291666666666667 0.04375
1 0.375 0.30546875 0.08333333333333333 0.04375
1 0.30520833333333336 0.29140625 0.07708333333333334 0.05625
1 0.278125 0.3390625 0.08125 0.0515625
1 0.38958333333333334 0.2609375 0.08333333333333333 0.0609375
1 0.47708333333333336 0.265625 0.06458333333333334 0.0453125
1 0.5322916666666667 0.27265625 0.06875 0.0453125
1 0.59375 0.2703125 0.075 0.053125
1 0.6604166666666667 0.29296875 0.08125 0.053125
1 0.6260416666666667 0.2296875 0.07083333333333333 0.05
1 0.53125 0.24140625 0.06458333333333334 0.04375
1 0.565625 0.21953125 0.06875 0.0515625
1 0.5010416666666667 0.2015625 0.07708333333333334 0.0546875
1 0.48020833333333335 0.234375 0.06458333333333334 0.0453125
1 0.4322916666666667 0.19765625 0.06666666666666667 0.04375
1 0.42291666666666666 0.2265625 0.06666666666666667 0.040625
1 0.3770833333333333 0.16796875 0.06875 0.0453125
1 0.43333333333333335 0.15703125 0.06458333333333334 0.0453125
1 0.4864583333333333 0.1671875 0.06458333333333334 0.0390625
1 0.54375 0.1765625 0.06458333333333334 0.040625
1 0.603125 0.1859375 0.07083333333333333 0.0453125
1 0.65625 0.20703125 0.06458333333333334 0.040625
1 0.4166666666666667 0.1234375 0.06041666666666667 0.040625
1 0.478125 0.13359375 0.075 0.0421875
1 0.5291666666666667 0.14296875 0.0625 0.04375
1 0.5791666666666667 0.1453125 0.06041666666666667 0.0390625
1 0.628125 0.16171875 0.05625 0.0421875
1 0.665625 0.175 0.04375 0.040625
1 0.7208333333333333 0.1875 0.06666666666666667 0.0484375
1 0.42083333333333334 0.090625 0.075 0.0484375
0 0.490625 0.1015625 0.07708333333333334 0.05
1 0.54375 0.10703125 0.06666666666666667 0.046875
1 0.6583333333333333 0.13828125 0.06041666666666667 0.0390625
1 0.7145833333333333 0.128125 0.06666666666666667 0.0421875
0 0.715625 0.15703125 0.07291666666666667 0.03125