0 0.6458333333333334 0.3921875 0.08541666666666667 0.05625
0 0.7520833333333333 0.44375 0.09583333333333334 0.0765625
0 0.6645833333333333 0.4515625 0.075 0.0609375
0 0.5895833333333333 0.4328125 0.08541666666666667 0.071875
0 0.5 0.4234375 0.09791666666666667 0.0796875
0 0.4083333333333333 0.41875 0.1 0.08125
0 0.32083333333333336 0.4140625 0.09166666666666666 0.071875
0 0.30416666666666664 0.225 0.08125 0.040625
0 0.3 0.15625 0.07291666666666667 0.0484375
0 0.65 0.21875 0.0625 0.0625
1 0.22916666666666666 0.4125 0.09375 0.0703125
1 0.31875 0.353125 0.09583333333333334 0.05625
1 0.3958333333333333 0.35 0.07083333333333333 0.0546875
1 0.46875 0.3546875 0.08125 0.05625
1 0.5479166666666667 0.3765625 0.07083333333333333 0.05625
1 0.7125 0.3796875 0.075 0.0484375
1 0.7020833333333333 0.340625 0.09583333333333334 0.0453125
1 0.6166666666666667 0.321875 0.07291666666666667 0.046875
1 0.6916666666666667 0.303125 0.08333333333333333 0.046875
1 0.5458333333333333 0.3171875 0.06666666666666667 0.040625
1 0.475 0.30625 0.075 0.046875
1 0.40625 0.3125 0.06666666666666667 0.0375
1 0.33958333333333335 0.3203125 0.07708333333333334 0.0359375
1 0.26875 0.3140625 0.06875 0.05
1 0.25 0.3640625 0.07291666666666667 0.04375
1 0.3458333333333333 0.275 0.075 0.053125
1 0.43333333333333335 0.2703125 0.058333333333333334 0.0390625
1 0.4895833333333333 0.271875 0.0625 0.0390625
1 0.55 0.2625 0.06666666666666667 0.046875
1 0.6208333333333333 0.278125 0.07291666666666667 0.0453125
1 0.575 0.21875 0.0625 0.04375
1 0.48333333333333334 0.240625 0.058333333333333334 0.0375
1 0.5125 0.215625 0.06041666666666667 0.0453125
1 0.44583333333333336 0.2046875 0.06875 0.0484375
1 0.43125 0.2390625 0.058333333333333334 0.0390625
1 0.3770833333333333 0.2078125 0.06041666666666667 0.0375
1 0.3729166666666667 0.2375 0.06041666666666667 0.034375
1 0.31666666666666665 0.184375 0.0625 0.0390625
1 0.37083333333333335 0.1671875 0.058333333333333334 0.0390625
1 0.425 0.171875 0.058333333333333334 0.0328125
1 0.48333333333333334 0.175 0.058333333333333334 0.034375
1 0.54375 0.178125 0.06458333333333334 0.0390625
1 0.6 0.19375 0.058333333333333334 0.034375
1 0.34791666666666665 0.1359375 0.05416666666666667 0.0359375
1 0.41041666666666665 0.1390625 0.06875 0.0359375
1 0.4625 0.14375 0.05625 0.0375
1 0.5125 0.140625 0.05416666666666667 0.034375
1 0.5645833333333333 0.1515625 0.05 0.0375
1 0.6041666666666666 0.1609375 0.0375 0.0375
1 0.6604166666666667 0.1671875 0.06041666666666667 0.0421875
1 0.3458333333333333 0.103125 0.06875 0.0421875
0 0.4166666666666667 0.10625 0.06875 0.04375
1 0.4708333333333333 0.10625 0.06041666666666667 0.040625
1 0.5895833333333333 0.125 0.05416666666666667 0.034375
1 0.64375 0.109375 0.06041666666666667 0.0359375
0 0.65 0.1375 0.06875 0.025