0 0.621875 0.3765625 0.09583333333333334 0.065625
0 0.7375 0.41484375 0.11041666666666666 0.0875
0 0.6520833333333333 0.4328125 0.0875 0.06875
0 0.5739583333333333 0.4234375 0.1 0.08125
0 0.484375 0.42421875 0.1125 0.090625
0 0.3927083333333333 0.43046875 0.11666666666666667 0.0921875
0 0.30520833333333336 0.4359375 0.10625 0.08125
0 0.24895833333333334 0.2515625 0.08958333333333333 0.05
0 0.23125 0.18359375 0.08125 0.05625
0 0.5895833333333333 0.2046875 0.075 0.06875
1 0.21458333333333332 0.4453125 0.10625 0.0796875
1 0.290625 0.3765625 0.10625 0.0671875
1 0.365625 0.3640625 0.08125 0.0625
1 0.43854166666666666 0.36015625 0.09166666666666666 0.065625
1 0.521875 0.37265625 0.08125 0.0640625
1 0.684375 0.35625 0.08333333333333333 0.05625
1 0.6666666666666666 0.31875 0.10416666666666667 0.05625
1 0.578125 0.31015625 0.08125 0.0546875
1 0.6479166666666667 0.2828125 0.09166666666666666 0.05625
1 0.5072916666666667 0.3140625 0.075 0.0484375
1 0.434375 0.31171875 0.08333333333333333 0.0546875
1 0.36875 0.32578125 0.07291666666666667 0.0453125
1 0.30416666666666664 0.34140625 0.08333333333333333 0.0453125
1 0.23333333333333334 0.34375 0.07916666666666666 0.0578125
1 0.225 0.3953125 0.08125 0.0515625
1 0.30104166666666665 0.29609375 0.08541666666666667 0.0609375
1 0.38645833333333335 0.28125 0.06666666666666667 0.0453125
1 0.44166666666666665 0.27578125 0.07083333333333333 0.0453125
1 0.5 0.259375 0.075 0.0546875
1 0.5729166666666666 0.26640625 0.08125 0.053125
1 0.515625 0.21328125 0.07083333333333333 0.05
1 0.42916666666666664 0.24609375 0.06458333333333334 0.04375
1 0.453125 0.21796875 0.06875 0.0515625
1 0.3854166666666667 0.21484375 0.07708333333333334 0.05625
1 0.378125 0.25 0.06666666666666667 0.0453125
1 0.3177083333333333 0.22578125 0.06666666666666667 0.04375
1 0.31979166666666664 0.25546875 0.06666666666666667 0.040625
1 0.253125 0.21015625 0.07083333333333333 0.0453125
1 0.303125 0.18671875 0.06666666666666667 0.0453125
1 0.3572916666666667 0.184375 0.06458333333333334 0.0390625
1 0.415625 0.18125 0.06458333333333334 0.040625
1 0.47604166666666664 0.17734375 0.07291666666666667 0.046875
1 0.534375 0.1859375 0.06458333333333334 0.040625
1 0.27395833333333336 0.15859375 0.06041666666666667 0.0421875
1 0.33645833333333336 0.15390625 0.075 0.04375
1 0.3885416666666667 0.15234375 0.0625 0.04375
1 0.4375 0.14375 0.06041666666666667 0.040625
1 0.490625 0.1484375 0.05625 0.0421875
1 0.5322916666666667 0.153125 0.04583333333333333 0.0421875
1 0.5885416666666666 0.15234375 0.06875 0.0484375
1 0.26458333333333334 0.12578125 0.07708333333333334 0.05
0 0.33541666666666664 0.12109375 0.07708333333333334 0.0515625
1 0.38958333333333334 0.11484375 0.06875 0.046875
1 0.5104166666666666 0.11875 0.06041666666666667 0.040625
1 0.5604166666666667 0.09765625 0.06666666666666667 0.0421875
0 0.5729166666666666 0.12421875 0.07291666666666667 0.0328125