1 0.4046875 0.46111111111111114 0.175 0.2611111111111111
0 0.6890625 0.5847222222222223 0.153125 0.3
1 0.70390625 0.3611111111111111 0.1578125 0.2388888888888889
0 0.57421875 0.4708333333333333 0.115625 0.18055555555555555
1 0.5359375 0.2986111111111111 0.171875 0.2916666666666667
1 0.43671875 0.20555555555555555 0.1140625 0.2388888888888889
0 0.3546875 0.29444444444444445 0.11875 0.18333333333333332
0 0.28125 0.5097222222222222 0.1171875 0.2111111111111111
1 0.346875 0.7194444444444444 0.2109375 0.28055555555555556
1 0.1734375 0.5555555555555556 0.1640625 0.20277777777777778
1 0.159375 0.7791666666666667 0.1875 0.24166666666666667
1 0.528125 0.65 0.146875 0.24166666666666667
1 0.8359375 0.5277777777777778 0.1453125 0.25555555555555554
1 0.67734375 0.15555555555555556 0.1859375 0.23333333333333334