1 0.40625 0.4527777777777778 0.1671875 0.24722222222222223
0 0.6859375 0.6027777777777777 0.1453125 0.2861111111111111
1 0.7078125 0.38055555555555554 0.1515625 0.225
0 0.575 0.4777777777777778 0.1109375 0.16944444444444445
1 0.5421875 0.30277777777777776 0.1640625 0.2777777777777778
1 0.4453125 0.2 0.1078125 0.23055555555555557
0 0.3609375 0.28055555555555556 0.1140625 0.17222222222222222
0 0.28125 0.4888888888888889 0.1109375 0.2
1 0.340625 0.7055555555555556 0.203125 0.2611111111111111
1 0.171875 0.525 0.159375 0.18888888888888888
1 0.1515625 0.7472222222222222 0.18125 0.225
1 0.5234375 0.6527777777777778 0.140625 0.22777777777777777
1 0.834375 0.5583333333333333 0.1390625 0.24166666666666667
1 0.6875 0.17222222222222222 0.1796875 0.21666666666666667