1 0.41015625 0.43333333333333335 0.1828125 0.28055555555555556
0 0.67734375 0.6416666666666667 0.1640625 0.31666666666666665
1 0.7140625 0.4263888888888889 0.165625 0.25555555555555554
0 0.57578125 0.49444444444444446 0.121875 0.19166666666666668
1 0.55546875 0.3138888888888889 0.18125 0.3111111111111111
1 0.46640625 0.19027777777777777 0.1234375 0.25277777777777777
0 0.37734375 0.2513888888888889 0.125 0.19444444444444445
0 0.28359375 0.44166666666666665 0.1234375 0.2222222222222222
1 0.32734375 0.6694444444444444 0.21875 0.30277777777777776
1 0.17265625 0.45416666666666666 0.171875 0.2222222222222222
1 0.1375 0.6694444444444444 0.1953125 0.2638888888888889
1 0.5125 0.6569444444444444 0.1546875 0.25555555555555554
1 0.828125 0.6305555555555555 0.1546875 0.26944444444444443
1 0.70859375 0.2152777777777778 0.19375 0.25277777777777777