1 0.39895833333333336 0.20859375 0.14166666666666666 0.1109375
1 0.534375 0.20078125 0.16458333333333333 0.1140625
1 0.4947916666666667 0.29375 0.1625 0.1125
1 0.628125 0.2921875 0.15 0.103125
1 0.33229166666666665 0.29140625 0.14791666666666667 0.1140625
1 0.309375 0.3875 0.17291666666666666 0.09375
1 0.43125 0.3625 0.09791666666666667 0.04375
1 0.509375 0.4296875 0.19791666666666666 0.159375
1 0.5854166666666667 0.37421875 0.10416666666666667 0.0765625
1 0.70625 0.35234375 0.13333333333333333 0.078125
1 0.721875 0.43046875 0.17291666666666666 0.10625
1 0.32395833333333335 0.48125 0.16458333333333333 0.11875
1 0.16770833333333332 0.61796875 0.2708333333333333 0.1984375
1 0.42916666666666664 0.584375 0.23333333333333334 0.1625
1 0.6333333333333333 0.54375 0.18541666666666667 0.1484375
1 0.8197916666666667 0.51328125 0.20625 0.153125
1 0.9510416666666667 0.50625 0.09791666666666667 0.15
1 0.9135416666666667 0.62890625 0.17291666666666666 0.1296875
1 0.7635416666666667 0.65546875 0.18125 0.1359375
1 0.5864583333333333 0.69609375 0.2125 0.1640625
1 0.3645833333333333 0.76796875 0.2708333333333333 0.159375
1 0.12395833333333334 0.80078125 0.22708333333333333 0.178125
1 0.09166666666666666 0.9515625 0.14583333333333334 0.096875
1 0.2833333333333333 0.9265625 0.25 0.146875
1 0.5447916666666667 0.88046875 0.27708333333333335 0.196875
1 0.7229166666666667 0.81484375 0.19583333333333333 0.1734375
1 0.8875 0.77109375 0.19375 0.1359375