1 0.48671875 0.49375 0.159375 0.2125
1 0.57578125 0.3614583333333333 0.165625 0.25625
1 0.6734375 0.19270833333333334 0.11875 0.14583333333333334
1 0.6859375 0.3229166666666667 0.1296875 0.18541666666666667
1 0.41015625 0.278125 0.165625 0.23958333333333334
1 0.346875 0.4354166666666667 0.1359375 0.18333333333333332
1 0.303125 0.26979166666666665 0.115625 0.14791666666666667
1 0.28515625 0.10520833333333333 0.1640625 0.17291666666666666
1 0.428125 0.084375 0.178125 0.16875
1 0.55234375 0.14270833333333333 0.153125 0.20625
0 0.625 0.06979166666666667 0.128125 0.13958333333333334