1 0.48671875 0.4947916666666667 0.1703125 0.22708333333333333
1 0.56640625 0.353125 0.1796875 0.2708333333333333
1 0.653125 0.17395833333333333 0.1265625 0.15625
1 0.6734375 0.3020833333333333 0.1390625 0.19791666666666666
1 0.39609375 0.28958333333333336 0.1765625 0.25416666666666665
1 0.34375 0.453125 0.1453125 0.19583333333333333
1 0.28828125 0.29375 0.1234375 0.15833333333333333
1 0.26015625 0.13125 0.171875 0.1875
1 0.40078125 0.09479166666666666 0.1859375 0.1875
1 0.528125 0.13854166666666667 0.1640625 0.21875
0 0.596875 0.065625 0.134375 0.13125