1 0.6008316008316008 0.54375 0.24740124740124741 0.190625
1 0.8742203742203742 0.4703125 0.2515592515592516 0.23125
1 0.7920997920997921 0.6484375 0.25363825363825365 0.1640625
1 0.577962577962578 0.6828125 0.21205821205821207 0.1140625
1 0.34511434511434513 0.640625 0.2577962577962578 0.1734375
1 0.12266112266112267 0.6328125 0.2182952182952183 0.146875
1 0.40332640332640335 0.4421875 0.2993762993762994 0.15
1 0.656964656964657 0.3703125 0.23700623700623702 0.175
1 0.8316008316008316 0.2484375 0.2598752598752599 0.1640625
1 0.8461538461538461 0.115625 0.2598752598752599 0.1546875
1 0.6153846153846154 0.121875 0.19750519750519752 0.14375
1 0.5051975051975052 0.1921875 0.17671517671517672 0.1015625
1 0.48232848232848236 0.2875 0.23700623700623702 0.14375
1 0.13513513513513514 0.303125 0.2702702702702703 0.196875
1 0.06652806652806653 0.475 0.13097713097713098 0.175
1 0.33471933471933474 0.175 0.17671517671517672 0.1484375
1 0.41164241164241167 0.0875 0.17671517671517672 0.1078125
1 0.23492723492723494 0.04375 0.21205821205821207 0.0875
1 0.19542619542619544 0.1515625 0.16632016632016633 0.1046875
1 0.24324324324324326 0.5140625 0.20997920997921 0.1140625
1 0.6195426195426196 0.0234375 0.20374220374220375 0.046875