1 0.7364583333333333 0.51875 0.10208333333333333 0.0734375
0 0.6510416666666666 0.52890625 0.08541666666666667 0.065625
0 0.5770833333333333 0.51171875 0.0875 0.0640625
0 0.4895833333333333 0.5 0.09791666666666667 0.06875
0 0.39166666666666666 0.4953125 0.10625 0.08125
0 0.30416666666666664 0.49140625 0.09583333333333334 0.08125
0 0.6302083333333334 0.471875 0.07916666666666666 0.05
0 0.2916666666666667 0.31015625 0.07916666666666666 0.0375
0 0.284375 0.24453125 0.06458333333333334 0.0359375
0 0.6322916666666667 0.3 0.07083333333333333 0.0515625
1 0.2125 0.4953125 0.10416666666666667 0.078125
1 0.23541666666666666 0.45078125 0.07916666666666666 0.05
1 0.303125 0.43515625 0.09375 0.0546875
1 0.38645833333333335 0.43125 0.08125 0.0578125
1 0.45729166666666665 0.43984375 0.07083333333333333 0.05625
0 0.53125 0.45390625 0.06458333333333334 0.05
1 0.6979166666666666 0.46015625 0.07708333333333334 0.0421875
1 0.68125 0.421875 0.08125 0.0359375
1 0.6041666666666666 0.40234375 0.08541666666666667 0.0515625
1 0.528125 0.39453125 0.06666666666666667 0.03125
0 0.5270833333333333 0.41953125 0.07708333333333334 0.03125
0 0.459375 0.38828125 0.08125 0.0484375
0 0.38645833333333335 0.390625 0.07291666666666667 0.0328125
1 0.3333333333333333 0.365625 0.07916666666666666 0.0453125
1 0.25 0.4 0.07083333333333333 0.04375
1 0.32083333333333336 0.4015625 0.0625 0.028125
1 0.26458333333333334 0.3625 0.04791666666666667 0.0296875
1 0.41875 0.35546875 0.06666666666666667 0.0375
1 0.475 0.35546875 0.05625 0.0328125
1 0.5333333333333333 0.35703125 0.06458333333333334 0.046875
1 0.5979166666666667 0.35859375 0.07708333333333334 0.046875
1 0.6802083333333333 0.390625 0.07291666666666667 0.04375
1 0.4708333333333333 0.32421875 0.06041666666666667 0.0359375
1 0.5552083333333333 0.303125 0.058333333333333334 0.04375
1 0.5895833333333333 0.33046875 0.0625 0.028125
1 0.496875 0.3015625 0.0625 0.0421875
1 0.428125 0.28984375 0.06458333333333334 0.0390625
1 0.41458333333333336 0.32421875 0.05416666666666667 0.03125
1 0.36041666666666666 0.32265625 0.05625 0.03125
1 0.36354166666666665 0.29140625 0.058333333333333334 0.0375
1 0.35520833333333335 0.25859375 0.05 0.03125
1 0.40625 0.26484375 0.05416666666666667 0.0203125
1 0.4666666666666667 0.26796875 0.05625 0.0296875
1 0.5270833333333333 0.26953125 0.06666666666666667 0.0296875
1 0.5833333333333334 0.27890625 0.05 0.0203125
1 0.5864583333333333 0.25234375 0.03958333333333333 0.0375
1 0.5447916666666667 0.24453125 0.041666666666666664 0.034375
1 0.49583333333333335 0.2359375 0.05625 0.0359375
1 0.44583333333333336 0.234375 0.05416666666666667 0.0328125
1 0.39375 0.2328125 0.05625 0.028125
1 0.3333333333333333 0.2296875 0.05416666666666667 0.0328125
1 0.29270833333333335 0.33671875 0.0625 0.034375
1 0.30625 0.27109375 0.0625 0.04375
1 0.3260416666666667 0.1984375 0.06041666666666667 0.0359375
1 0.4010416666666667 0.20625 0.0625 0.034375
1 0.459375 0.20625 0.052083333333333336 0.034375
1 0.5072916666666667 0.2015625 0.041666666666666664 0.028125
1 0.571875 0.215625 0.04583333333333333 0.0296875
1 0.6385416666666667 0.2515625 0.06875 0.0484375
1 0.659375 0.35234375 0.05625 0.0328125