1 0.7354166666666667 0.471875 0.11666666666666667 0.084375
0 0.6552083333333333 0.4984375 0.1 0.0765625
0 0.578125 0.49609375 0.10208333333333333 0.075
0 0.4895833333333333 0.5015625 0.1125 0.0796875
0 0.39375 0.51640625 0.12291666666666666 0.09375
0 0.30833333333333335 0.5296875 0.1125 0.0921875
0 0.6166666666666667 0.44765625 0.08958333333333333 0.0609375
0 0.23333333333333334 0.35703125 0.08541666666666667 0.0484375
0 0.20416666666666666 0.29453125 0.07083333333333333 0.04375
0 0.5583333333333333 0.28125 0.08125 0.0609375
1 0.22083333333333333 0.5515625 0.12083333333333333 0.090625
1 0.22708333333333333 0.50390625 0.08958333333333333 0.0609375
1 0.2875 0.47578125 0.10416666666666667 0.065625
1 0.36666666666666664 0.45546875 0.09375 0.06875
1 0.4375 0.45 0.08333333333333333 0.065625
0 0.5145833333333333 0.44921875 0.075 0.0578125
1 0.6770833333333334 0.42265625 0.08541666666666667 0.0515625
1 0.6479166666666667 0.3890625 0.0875 0.046875
1 0.5677083333333334 0.3859375 0.09583333333333334 0.0625
1 0.490625 0.39296875 0.07083333333333333 0.0390625
0 0.4979166666666667 0.4171875 0.08125 0.0421875
0 0.421875 0.4 0.09166666666666666 0.059375
0 0.35208333333333336 0.41640625 0.07916666666666666 0.0421875
1 0.29270833333333335 0.403125 0.0875 0.05625
1 0.22395833333333334 0.4515625 0.07916666666666666 0.053125
1 0.29375 0.43984375 0.06666666666666667 0.0359375
1 0.225 0.4125 0.052083333333333336 0.034375
1 0.371875 0.3765625 0.07291666666666667 0.0453125
1 0.42604166666666665 0.36484375 0.0625 0.0390625
1 0.48333333333333334 0.35546875 0.075 0.0546875
1 0.5458333333333333 0.34453125 0.0875 0.05625
1 0.6364583333333333 0.359375 0.08125 0.053125
1 0.4114583333333333 0.3359375 0.06666666666666667 0.04375
1 0.48541666666666666 0.29921875 0.06666666666666667 0.05
1 0.528125 0.31875 0.06666666666666667 0.0359375
1 0.428125 0.30859375 0.07083333333333333 0.05
1 0.35833333333333334 0.3109375 0.07291666666666667 0.046875
1 0.35625 0.346875 0.06041666666666667 0.0375
1 0.30416666666666664 0.35625 0.0625 0.0375
1 0.296875 0.325 0.06458333333333334 0.04375
1 0.2760416666666667 0.2953125 0.05625 0.0375
1 0.32916666666666666 0.290625 0.058333333333333334 0.028125
1 0.3875 0.28203125 0.06041666666666667 0.0359375
1 0.446875 0.271875 0.07083333333333333 0.0390625
1 0.5041666666666667 0.2703125 0.05416666666666667 0.0265625
1 0.4979166666666667 0.24375 0.04791666666666667 0.040625
1 0.4552083333333333 0.24453125 0.04791666666666667 0.0390625
1 0.4041666666666667 0.2453125 0.0625 0.0421875
1 0.35625 0.25390625 0.06041666666666667 0.0390625
1 0.30520833333333336 0.2625 0.06041666666666667 0.034375
1 0.24583333333333332 0.27109375 0.06041666666666667 0.0390625
1 0.24375 0.3828125 0.06875 0.0421875
1 0.234375 0.31640625 0.07083333333333333 0.0515625
1 0.228125 0.2421875 0.06666666666666667 0.04375
1 0.303125 0.2359375 0.06875 0.0421875
1 0.359375 0.22421875 0.058333333333333334 0.040625
1 0.4041666666666667 0.21015625 0.04583333333333333 0.0328125
1 0.4708333333333333 0.21171875 0.052083333333333336 0.034375
1 0.5479166666666667 0.23359375 0.07916666666666666 0.05625
1 0.603125 0.3265625 0.0625 0.0390625