1 0.578125 0.5666666666666667 0.1125 0.11875
0 0.565625 0.43125 0.0875 0.1125
0 0.5515625 0.3229166666666667 0.121875 0.12083333333333333
1 0.5 0.47291666666666665 0.0796875 0.10416666666666667
1 0.4828125 0.5416666666666666 0.0859375 0.10625
1 0.4515625 0.6833333333333333 0.1 0.10833333333333334
1 0.3703125 0.65625 0.08125 0.11666666666666667
1 0.421875 0.5708333333333333 0.0765625 0.09791666666666667
1 0.4109375 0.4708333333333333 0.06875 0.05416666666666667
1 0.359375 0.525 0.0671875 0.1
1 0.3484375 0.39375 0.046875 0.08958333333333333
1 0.403125 0.3875 0.084375 0.10208333333333333
1 0.484375 0.40208333333333335 0.08125 0.0875
1 0.43125 0.3125 0.09375 0.0875