1 0.5945945945945946 0.821875 0.3284823284823285 0.2171875
1 0.43243243243243246 0.69140625 0.2390852390852391 0.175
1 0.6559251559251559 0.65703125 0.24324324324324326 0.1734375
1 0.33783783783783783 0.5828125 0.2515592515592516 0.1484375
1 0.5155925155925156 0.55625 0.20582120582120583 0.146875
1 0.21205821205821207 0.89296875 0.23700623700623702 0.2140625
1 0.5051975051975052 0.92109375 0.26195426195426197 0.1578125
1 0.24844074844074845 0.70859375 0.22661122661122662 0.1640625
1 0.893970893970894 0.865625 0.21205821205821207 0.1875
0 0.8555093555093555 0.69921875 0.2681912681912682 0.184375
1 0.8762993762993763 0.58984375 0.23076923076923078 0.1484375
1 0.681912681912682 0.52734375 0.17255717255717257 0.146875
1 0.8326403326403327 0.48125 0.18711018711018712 0.1359375
1 0.9241164241164241 0.44453125 0.15176715176715178 0.1421875
1 0.5322245322245323 0.390625 0.18711018711018712 0.134375
1 0.4158004158004158 0.47421875 0.16424116424116425 0.10625
1 0.2692307692307692 0.43828125 0.17671517671517672 0.10625
1 0.3814968814968815 0.37265625 0.17463617463617465 0.1296875
1 0.16943866943866945 0.5765625 0.11642411642411643 0.08125
1 0.10706860706860707 0.6546875 0.1704781704781705 0.1109375
1 0.13513513513513514 0.76328125 0.1787941787941788 0.1421875
1 0.3492723492723493 0.81484375 0.18503118503118504 0.121875
1 0.3191268191268191 0.9671875 0.21413721413721415 0.065625
1 0.7172557172557172 0.9203125 0.19334719334719336 0.134375
1 0.09043659043659044 0.38515625 0.13305613305613306 0.0890625
1 0.22453222453222454 0.3796875 0.1787941787941788 0.1109375
1 0.16424116424116425 0.48203125 0.14553014553014554 0.1046875
1 0.079002079002079 0.54765625 0.158004158004158 0.1109375
1 0.5696465696465697 0.31640625 0.158004158004158 0.0953125
1 0.6808731808731808 0.29375 0.13721413721413722 0.121875
1 0.7941787941787942 0.340625 0.1496881496881497 0.1140625
1 0.6632016632016632 0.4078125 0.1392931392931393 0.11875
1 0.5322245322245323 0.2515625 0.17671517671517672 0.10625
1 0.4521829521829522 0.303125 0.12681912681912683 0.075