1 0.2635416666666667 0.29453125 0.2 0.1671875
1 0.41041666666666665 0.31796875 0.13541666666666666 0.1203125
1 0.5197916666666667 0.4234375 0.16666666666666666 0.1140625
1 0.38125 0.4359375 0.16458333333333333 0.096875
1 0.46770833333333334 0.5296875 0.16666666666666666 0.134375
1 0.43645833333333334 0.66640625 0.2520833333333333 0.159375
1 0.35625 0.79453125 0.23333333333333334 0.1484375
1 0.23541666666666666 0.68125 0.22916666666666666 0.1640625
1 0.3072916666666667 0.53359375 0.2520833333333333 0.1671875
1 0.13125 0.78125 0.22083333333333333 0.15
1 0.08958333333333333 0.6484375 0.16458333333333333 0.1546875
1 0.08333333333333333 0.5125 0.16666666666666666 0.14375
1 0.21979166666666666 0.42734375 0.21666666666666667 0.153125
1 0.11770833333333333 0.34140625 0.12083333333333333 0.128125
1 0.057291666666666664 0.421875 0.11458333333333333 0.084375
1 0.42083333333333334 0.209375 0.15 0.11875
1 0.5072916666666667 0.15 0.12083333333333333 0.1171875
1 0.6083333333333333 0.1140625 0.09791666666666667 0.0640625
1 0.6020833333333333 0.20625 0.1125 0.0921875
1 0.553125 0.2421875 0.11458333333333333 0.0953125
1 0.515625 0.2875 0.12083333333333333 0.1171875
1 0.5885416666666666 0.35 0.10416666666666667 0.059375
1 0.6270833333333333 0.29296875 0.1 0.078125
1 0.678125 0.23515625 0.09375 0.075
1 0.5822916666666667 0.06484375 0.10416666666666667 0.0609375
1 0.5010416666666667 0.08203125 0.09375 0.046875
1 0.7 0.09140625 0.07083333333333333 0.0625
1 0.6885416666666667 0.1515625 0.07291666666666667 0.0546875