1 0.34791666666666665 0.25390625 0.225 0.1828125
1 0.48020833333333335 0.30703125 0.15416666666666667 0.13125
1 0.546875 0.43125 0.18125 0.128125
1 0.409375 0.4140625 0.17708333333333334 0.1109375
1 0.45729166666666665 0.521875 0.1875 0.1484375
1 0.3770833333333333 0.646875 0.275 0.18125
1 0.253125 0.753125 0.25416666666666665 0.16875
1 0.178125 0.61953125 0.2520833333333333 0.1828125
1 0.3020833333333333 0.4921875 0.275 0.1890625
1 0.08125 0.69375 0.1625 0.16875
1 0.07291666666666667 0.55703125 0.14583333333333334 0.1671875
1 0.09479166666666666 0.42578125 0.18958333333333333 0.1578125
1 0.25729166666666664 0.371875 0.23958333333333334 0.1703125
1 0.190625 0.26875 0.14166666666666666 0.1359375
1 0.09791666666666667 0.33203125 0.1375 0.0953125
1 0.5302083333333333 0.2046875 0.16875 0.13125
1 0.6354166666666666 0.165625 0.13958333333333334 0.125
1 0.7458333333333333 0.15078125 0.10625 0.071875
1 0.70625 0.2390625 0.12708333333333333 0.1015625
1 0.6458333333333334 0.26328125 0.12916666666666668 0.1046875
1 0.5927083333333333 0.29921875 0.13958333333333334 0.125
1 0.640625 0.3734375 0.1125 0.06875
1 0.6979166666666666 0.32734375 0.1125 0.0859375
1 0.76875 0.28203125 0.10416666666666667 0.0828125
1 0.7395833333333334 0.09921875 0.1125 0.0703125
1 0.6541666666666667 0.0984375 0.1 0.0546875
1 0.8427083333333333 0.14921875 0.07916666666666666 0.06875
1 0.809375 0.2046875 0.08125 0.0609375