1 0.3875 0.334375 0.08958333333333333 0.0640625
1 0.4479166666666667 0.31875 0.06458333333333334 0.05625
1 0.496875 0.3265625 0.08958333333333333 0.05625
1 0.5791666666666667 0.32421875 0.08541666666666667 0.078125
1 0.6354166666666666 0.35390625 0.08125 0.08125
1 0.5770833333333333 0.38515625 0.05416666666666667 0.040625
1 0.50625 0.38125 0.1125 0.08125
1 0.41875 0.38984375 0.1 0.075
1 0.421875 0.4625 0.10625 0.0765625
1 0.5166666666666667 0.45234375 0.11458333333333333 0.084375
1 0.6020833333333333 0.4296875 0.09791666666666667 0.08125
0 0.6572916666666667 0.4828125 0.10625 0.0828125
1 0.5760416666666667 0.48203125 0.06458333333333334 0.0375
1 0.6072916666666667 0.52890625 0.1125 0.0671875
1 0.5104166666666666 0.53359375 0.10833333333333334 0.0875
1 0.421875 0.5328125 0.1 0.078125