1 0.37916666666666665 0.33671875 0.08541666666666667 0.0625
1 0.4395833333333333 0.31953125 0.0625 0.0546875
1 0.48854166666666665 0.32734375 0.0875 0.0546875
1 0.5708333333333333 0.321875 0.08125 0.075
1 0.6291666666666667 0.35 0.07708333333333334 0.0796875
1 0.571875 0.3828125 0.05416666666666667 0.040625
1 0.5010416666666667 0.38125 0.10833333333333334 0.078125
1 0.41354166666666664 0.3921875 0.09791666666666667 0.0734375
1 0.4197916666666667 0.46484375 0.10416666666666667 0.0734375
1 0.5145833333333333 0.45234375 0.11041666666666666 0.08125
1 0.5989583333333334 0.4265625 0.09375 0.0796875
0 0.65625 0.478125 0.10208333333333333 0.0796875
1 0.575 0.48046875 0.0625 0.0359375
1 0.6083333333333333 0.52578125 0.11041666666666666 0.0640625
1 0.5114583333333333 0.53359375 0.10416666666666667 0.084375
1 0.4239583333333333 0.53515625 0.09583333333333334 0.0765625