0 0.6083333333333333 0.528125 0.10416666666666667 0.08125
0 0.5666666666666667 0.3875 0.09166666666666666 0.08125
0 0.5875 0.459375 0.08958333333333333 0.0609375
0 0.4979166666666667 0.428125 0.08125 0.0453125
1 0.53125 0.478125 0.10833333333333334 0.0796875
1 0.44583333333333336 0.5125 0.1125 0.0703125
1 0.5375 0.5859375 0.09375 0.06875
1 0.51875 0.5375 0.06458333333333334 0.0390625
1 0.44375 0.5953125 0.11875 0.0875
1 0.35833333333333334 0.6125 0.09375 0.0859375
1 0.3375 0.525 0.10833333333333334 0.084375
1 0.33125 0.453125 0.10416666666666667 0.0734375
1 0.4166666666666667 0.434375 0.12708333333333333 0.071875
1 0.2875 0.390625 0.08125 0.0640625
1 0.3875 0.3796875 0.09375 0.0515625
1 0.48333333333333334 0.3640625 0.09791666666666667 0.0890625