0 0.6145833333333334 0.5078125 0.12708333333333333 0.0984375
0 0.528125 0.37890625 0.11458333333333333 0.0953125
0 0.571875 0.44453125 0.10625 0.075
0 0.475 0.43046875 0.09375 0.059375
1 0.5229166666666667 0.4734375 0.13125 0.096875
1 0.4510416666666667 0.521875 0.13125 0.0890625
1 0.5645833333333333 0.5765625 0.1125 0.084375
1 0.5302083333333333 0.5328125 0.075 0.05
1 0.47604166666666664 0.60234375 0.14375 0.10625
1 0.39895833333333336 0.63515625 0.11875 0.1
1 0.35 0.55390625 0.13333333333333333 0.1015625
1 0.32083333333333336 0.48515625 0.125 0.090625
1 0.39791666666666664 0.4515625 0.14583333333333334 0.0921875
1 0.25833333333333336 0.4328125 0.1 0.0765625
1 0.35208333333333336 0.40390625 0.10833333333333334 0.0671875
1 0.4395833333333333 0.37109375 0.12291666666666666 0.1046875