0 0.5958333333333333 0.546875 0.12708333333333333 0.0984375
0 0.6010416666666667 0.403125 0.11458333333333333 0.0953125
0 0.5979166666666667 0.4765625 0.10625 0.075
0 0.5208333333333334 0.4296875 0.09375 0.059375
1 0.5375 0.484375 0.13125 0.096875
1 0.44375 0.50234375 0.13125 0.0890625
1 0.5083333333333333 0.58984375 0.1125 0.084375
1 0.50625 0.53984375 0.075 0.05
1 0.41458333333333336 0.58203125 0.14375 0.10625
1 0.3260416666666667 0.58359375 0.11875 0.1
1 0.334375 0.49453125 0.13333333333333333 0.1015625
1 0.35104166666666664 0.42421875 0.125 0.090625
1 0.440625 0.42109375 0.14583333333333334 0.0921875
1 0.32916666666666666 0.35546875 0.1 0.0765625
1 0.42916666666666664 0.3625 0.10833333333333334 0.0671875
1 0.528125 0.36484375 0.12291666666666666 0.1046875