0 0.5375 0.14722222222222223 0.15625 0.29444444444444445
0 0.3984375 0.1 0.1453125 0.2
0 0.2515625 0.43333333333333335 0.1234375 0.275
0 0.15625 0.3138888888888889 0.08125 0.21388888888888888
0 0.65625 0.7111111111111111 0.171875 0.25555555555555554
0 0.6890625 0.9222222222222223 0.2015625 0.15555555555555556
0 0.48125 0.37777777777777777 0.159375 0.3333333333333333
0 0.284375 0.044444444444444446 0.1 0.08611111111111111
1 0.6453125 0.4361111111111111 0.184375 0.33611111111111114
1 0.690625 0.24722222222222223 0.1453125 0.2361111111111111
0 0.7640625 0.17222222222222222 0.1171875 0.2361111111111111
1 0.8765625 0.24722222222222223 0.1421875 0.18611111111111112
1 0.840625 0.4027777777777778 0.178125 0.2916666666666667
1 0.9125 0.6277777777777778 0.14375 0.26944444444444443
1 0.8265625 0.7333333333333333 0.165625 0.35
1 0.503125 0.6861111111111111 0.153125 0.25833333333333336
1 0.5296875 0.8916666666666667 0.1453125 0.20555555555555555
1 0.3703125 0.575 0.1578125 0.26666666666666666
1 0.40625 0.7972222222222223 0.14375 0.19722222222222222
1 0.375 0.3194444444444444 0.128125 0.225
1 0.253125 0.16944444444444445 0.14375 0.24166666666666667
1 0.15 0.09722222222222222 0.103125 0.19166666666666668
1 0.0921875 0.21666666666666667 0.1390625 0.17222222222222222
1 0.0359375 0.31666666666666665 0.0703125 0.13055555555555556
1 0.096875 0.4 0.09375 0.1638888888888889
1 0.1875 0.5166666666666667 0.084375 0.1388888888888889
1 0.2890625 0.6638888888888889 0.096875 0.15833333333333333
1 0.05625 0.07222222222222222 0.1125 0.14444444444444443