0 0.37083333333333335 0.225 0.3958333333333333 0.2625
0 0.4822916666666667 0.40859375 0.35833333333333334 0.2328125
1 0.6125 0.16875 0.28125 0.20625
1 0.7708333333333334 0.0765625 0.24166666666666667 0.153125
1 0.13854166666666667 0.321875 0.27708333333333335 0.25
0 0.10416666666666667 0.18984375 0.20833333333333334 0.1609375
1 0.065625 0.1171875 0.13125 0.13125
1 0.17291666666666666 0.07578125 0.21666666666666667 0.0984375
1 0.40520833333333334 0.1 0.20833333333333334 0.1421875
1 0.70625 0.3125 0.325 0.24375
1 0.8385416666666666 0.2125 0.22708333333333333 0.2078125
1 0.771875 0.48828125 0.35625 0.2234375
1 0.496875 0.615625 0.37083333333333335 0.2921875
1 0.21354166666666666 0.525 0.36875 0.259375
1 0.8208333333333333 0.71953125 0.35833333333333334 0.3515625
1 0.5916666666666667 0.859375 0.4625 0.28125