0 0.30104166666666665 0.1734375 0.29375 0.2265625
1 0.48020833333333335 0.1828125 0.19166666666666668 0.1890625
0 0.45416666666666666 0.3703125 0.25416666666666665 0.1625
0 0.46458333333333335 0.5015625 0.30416666666666664 0.2203125
1 0.45 0.6609375 0.28958333333333336 0.1984375
1 0.6114583333333333 0.61484375 0.20625 0.165625
1 0.721875 0.56171875 0.21458333333333332 0.15625
1 0.5083333333333333 0.89296875 0.27708333333333335 0.2046875
1 0.703125 0.7953125 0.25 0.1609375
0 0.7364583333333333 0.90859375 0.24583333333333332 0.15625
1 0.89375 0.73046875 0.2125 0.1765625
1 0.9041666666666667 0.853125 0.19166666666666668 0.1875
1 0.6135416666666667 0.459375 0.20208333333333334 0.15