1 0.5916666666666667 0.4359375 0.48541666666666666 0.3515625
1 0.3854166666666667 0.721875 0.41875 0.2859375
1 0.16041666666666668 0.490625 0.32083333333333336 0.3125
1 0.25416666666666665 0.2890625 0.29375 0.1734375
1 0.3770833333333333 0.1671875 0.3020833333333333 0.1484375
1 0.6104166666666667 0.2390625 0.37083333333333335 0.1375
1 0.7833333333333333 0.665625 0.3458333333333333 0.2359375
1 0.6291666666666667 0.8734375 0.35833333333333334 0.253125
1 0.1875 0.909375 0.3625 0.18125
1 0.10416666666666667 0.7265625 0.19583333333333333 0.1734375
1 0.9125 0.8875 0.17291666666666666 0.215625