1 0.78125 0.2671875 0.3 0.1671875
1 0.903125 0.496875 0.19375 0.35
1 0.7708333333333334 0.6609375 0.3125 0.271875
0 0.45729166666666665 0.5984375 0.33958333333333335 0.2078125
0 0.775 0.06015625 0.23125 0.109375
1 0.91875 0.14453125 0.1625 0.2171875
1 0.7052083333333333 0.159375 0.23125 0.1453125
1 0.959375 0.3140625 0.08125 0.090625
1 0.9385416666666667 0.7640625 0.09791666666666667 0.1921875
1 0.6958333333333333 0.446875 0.26875 0.20625
1 0.41875 0.4375 0.25833333333333336 0.1203125
1 0.521875 0.30546875 0.23333333333333334 0.153125
1 0.5510416666666667 0.0953125 0.19166666666666668 0.1625
1 0.41041666666666665 0.20390625 0.2125 0.121875
1 0.31666666666666665 0.34921875 0.18958333333333333 0.1265625
1 0.23541666666666666 0.51953125 0.18125 0.1734375
1 0.09791666666666667 0.475 0.19583333333333333 0.15625
1 0.08958333333333333 0.34140625 0.16666666666666666 0.146875
1 0.21145833333333333 0.26484375 0.13333333333333333 0.121875
1 0.265625 0.128125 0.17083333333333334 0.1515625
1 0.40625 0.0546875 0.1625 0.109375
1 0.10104166666666667 0.20703125 0.125 0.1109375