1 0.48333333333333334 0.1421875 0.3458333333333333 0.284375
1 0.8020833333333334 0.1203125 0.24791666666666667 0.2234375
1 0.8958333333333334 0.3 0.20625 0.240625
1 0.6666666666666666 0.353125 0.3125 0.2078125
0 0.8395833333333333 0.5234375 0.31875 0.2234375
1 0.7416666666666667 0.7 0.2916666666666667 0.203125
0 0.49583333333333335 0.7296875 0.20833333333333334 0.2140625
1 0.29583333333333334 0.621875 0.35 0.234375
1 0.22708333333333333 0.8125 0.30625 0.1671875
0 0.06875 0.7390625 0.13541666666666666 0.2328125
1 0.09166666666666666 0.5140625 0.18333333333333332 0.215625
1 0.0875 0.2890625 0.16666666666666666 0.234375
1 0.275 0.4125 0.2791666666666667 0.165625
1 0.2520833333333333 0.19375 0.25625 0.240625
0 0.13958333333333334 0.1140625 0.15416666666666667 0.1859375