0 0.20833333333333334 0.70234375 0.35 0.2328125
0 0.23541666666666666 0.8921875 0.30416666666666664 0.215625
0 0.425 0.5359375 0.32708333333333334 0.20625
0 0.5052083333333334 0.07890625 0.23125 0.1578125
0 0.875 0.1296875 0.16666666666666666 0.1296875
1 0.54375 0.72421875 0.3645833333333333 0.296875
1 0.525 0.9078125 0.3625 0.184375
1 0.8354166666666667 0.8921875 0.32916666666666666 0.190625
0 0.8489583333333334 0.72890625 0.3020833333333333 0.2546875
1 0.7 0.5203125 0.28958333333333336 0.21875
1 0.3875 0.40078125 0.23958333333333334 0.15
1 0.6072916666666667 0.38125 0.22083333333333333 0.14375
1 0.8739583333333333 0.33984375 0.23958333333333334 0.234375
1 0.9041666666666667 0.5234375 0.19166666666666668 0.234375
1 0.7635416666666667 0.246875 0.21041666666666667 0.1578125
1 0.51875 0.24375 0.27291666666666664 0.2171875
1 0.6989583333333333 0.14296875 0.17083333333333334 0.10625
1 0.7447916666666666 0.04453125 0.15625 0.0890625
1 0.8708333333333333 0.05 0.14583333333333334 0.1
1 0.621875 0.0703125 0.13541666666666666 0.140625
1 0.38333333333333336 0.08359375 0.12291666666666666 0.14375
1 0.371875 0.3 0.09791666666666667 0.084375