0 0.6364583333333333 0.50703125 0.36875 0.2484375
1 0.6375 0.77265625 0.4041666666666667 0.3125
1 0.8791666666666667 0.734375 0.17916666666666667 0.2140625
1 0.878125 0.62265625 0.22083333333333333 0.15
1 0.8177083333333334 0.48984375 0.19791666666666666 0.165625
1 0.6635416666666667 0.31171875 0.2604166666666667 0.175
1 0.5635416666666667 0.178125 0.24791666666666667 0.1671875
1 0.3572916666666667 0.13984375 0.28541666666666665 0.1625
1 0.425 0.28203125 0.26666666666666666 0.2015625
1 0.128125 0.1671875 0.13333333333333333 0.1828125
1 0.25 0.2703125 0.29583333333333334 0.175
1 0.159375 0.3640625 0.31666666666666665 0.271875
1 0.371875 0.43359375 0.26875 0.2
1 0.23958333333333334 0.5828125 0.42916666666666664 0.3078125
1 0.2 0.78359375 0.4 0.2734375
1 0.48541666666666666 0.87890625 0.3333333333333333 0.2421875
1 0.20416666666666666 0.92890625 0.325 0.1140625
1 0.03229166666666667 0.8484375 0.06458333333333334 0.171875
1 0.4395833333333333 0.64375 0.20833333333333334 0.2421875
0 0.07083333333333333 0.559375 0.14166666666666666 0.196875
0 0.01875 0.7015625 0.0375 0.15625