0 0.4375 0.340625 0.38958333333333334 0.3125
1 0.4270833333333333 0.803125 0.48125 0.3828125
1 0.8083333333333333 0.3703125 0.38125 0.35625
1 0.8604166666666667 0.1203125 0.27708333333333335 0.2390625
1 0.6416666666666667 0.0671875 0.19583333333333333 0.134375
1 0.47291666666666665 0.109375 0.2875 0.1875
1 0.32708333333333334 0.528125 0.36666666666666664 0.1859375
1 0.18333333333333332 0.3296875 0.19375 0.2203125
1 0.23958333333333334 0.1265625 0.20208333333333334 0.1671875
1 0.10833333333333334 0.0671875 0.21458333333333332 0.134375
1 0.34791666666666665 0.0296875 0.1875 0.05625
1 0.0625 0.2296875 0.12291666666666666 0.228125
1 0.08333333333333333 0.4296875 0.16458333333333333 0.1609375
1 0.11458333333333333 0.6453125 0.22708333333333333 0.2875