0 0.4395833333333333 0.36875 0.4375 0.2546875
0 0.14166666666666666 0.365625 0.2833333333333333 0.290625
0 0.20833333333333334 0.15078125 0.32708333333333334 0.2515625
0 0.5010416666666667 0.18671875 0.2833333333333333 0.23125
0 0.89375 0.34765625 0.2125 0.1796875
0 0.6739583333333333 0.37109375 0.23333333333333334 0.2390625
1 0.73125 0.546875 0.3020833333333333 0.2140625
1 0.26145833333333335 0.58828125 0.41458333333333336 0.2828125
1 0.4864583333333333 0.56953125 0.2604166666666667 0.1953125
1 0.215625 0.03671875 0.18958333333333333 0.0734375
1 0.415625 0.05625 0.23541666666666666 0.1125
1 0.6364583333333333 0.0640625 0.2125 0.1265625
1 0.7479166666666667 0.190625 0.2520833333333333 0.184375
1 0.8572916666666667 0.140625 0.1875 0.165625
1 0.94375 0.0875 0.1125 0.10625
1 0.9604166666666667 0.1859375 0.07916666666666666 0.11875
1 0.9270833333333334 0.25546875 0.14583333333333334 0.1203125
1 0.9052083333333333 0.54453125 0.18958333333333333 0.1546875