1 0.27708333333333335 0.5703125 0.4270833333333333 0.3359375
1 0.5989583333333334 0.61484375 0.4125 0.315625
1 0.8416666666666667 0.67578125 0.30416666666666664 0.3
1 0.7927083333333333 0.4453125 0.41458333333333336 0.253125
1 0.478125 0.38203125 0.35208333333333336 0.246875
1 0.17395833333333333 0.37578125 0.34791666666666665 0.2765625
1 0.321875 0.2109375 0.4041666666666667 0.253125
1 0.675 0.2640625 0.31666666666666665 0.2234375
1 0.8947916666666667 0.32890625 0.21041666666666667 0.2359375
1 0.8625 0.20703125 0.275 0.1921875
1 0.5177083333333333 0.13125 0.33958333333333335 0.225
1 0.7427083333333333 0.09296875 0.22708333333333333 0.153125
1 0.5 0.03671875 0.275 0.0734375
1 0.9135416666666667 0.1359375 0.17291666666666666 0.16875