0 0.19375 0.74921875 0.37916666666666665 0.2953125
0 0.08854166666666667 0.22421875 0.17708333333333334 0.1015625
0 0.084375 0.34609375 0.16041666666666668 0.20625
0 0.41354166666666664 0.35546875 0.14166666666666666 0.090625
1 0.27395833333333336 0.3890625 0.23125 0.1625
1 0.403125 0.4484375 0.16666666666666666 0.096875
1 0.37395833333333334 0.53125 0.2708333333333333 0.10625
1 0.38125 0.665625 0.23958333333333334 0.215625
1 0.59375 0.5859375 0.24166666666666667 0.16875
1 0.615625 0.4484375 0.24166666666666667 0.109375
1 0.8416666666666667 0.565625 0.2625 0.2171875
0 0.5677083333333334 0.36015625 0.17291666666666666 0.096875
0 0.7979166666666667 0.40390625 0.19583333333333333 0.1609375
0 0.8447916666666667 0.2671875 0.15 0.090625
0 0.71875 0.3078125 0.17916666666666667 0.121875
1 0.41770833333333335 0.29453125 0.15208333333333332 0.096875
1 0.5989583333333334 0.284375 0.12291666666666666 0.0953125
1 0.9020833333333333 0.33515625 0.15208333333333332 0.0796875
1 0.9510416666666667 0.4328125 0.09791666666666667 0.1234375
0 0.6052083333333333 0.821875 0.2833333333333333 0.15625
1 0.45 0.90625 0.4875 0.1875