0 0.375 0.43125 0.34375 0.1953125
0 0.37083333333333335 0.6421875 0.35208333333333336 0.2609375
0 0.6979166666666666 0.6671875 0.3541666666666667 0.2734375
0 0.58125 0.8890625 0.44166666666666665 0.221875
0 0.12916666666666668 0.3421875 0.25625 0.2140625
0 0.81875 0.1296875 0.21875 0.1875
0 0.9479166666666666 0.2484375 0.10208333333333333 0.10625
0 0.74375 0.31875 0.2520833333333333 0.1453125
1 0.9166666666666666 0.409375 0.16666666666666666 0.203125
0 0.61875 0.1609375 0.28958333333333336 0.1875
1 0.3770833333333333 0.2515625 0.29375 0.1703125
0 0.39166666666666666 0.078125 0.25416666666666665 0.1421875
1 0.1125 0.1375 0.225 0.1859375
1 0.9333333333333333 0.621875 0.13333333333333333 0.1921875