0 0.46875 0.69765625 0.41041666666666665 0.2671875
0 0.478125 0.5046875 0.225 0.184375
0 0.65 0.30234375 0.21041666666666667 0.1359375
1 0.8458333333333333 0.2078125 0.2625 0.171875
1 0.8427083333333333 0.34921875 0.3145833333333333 0.2578125
1 0.6802083333333333 0.42578125 0.28958333333333336 0.1703125
1 0.7583333333333333 0.60546875 0.35208333333333336 0.25
1 0.7739583333333333 0.821875 0.3770833333333333 0.35625
1 0.36666666666666664 0.896875 0.5041666666666667 0.20625
1 0.15520833333333334 0.71171875 0.3104166666666667 0.2796875
1 0.24479166666666666 0.49609375 0.425 0.30625
1 0.421875 0.346875 0.2875 0.175
1 0.18333333333333332 0.3515625 0.20833333333333334 0.1046875
0 0.9489583333333333 0.56015625 0.10208333333333333 0.2171875