0 0.28854166666666664 0.37265625 0.46041666666666664 0.3046875
0 0.2635416666666667 0.1921875 0.3333333333333333 0.2109375
0 0.75625 0.0953125 0.36666666666666664 0.190625
0 0.9208333333333333 0.4 0.15833333333333333 0.20625
0 0.3302083333333333 0.60625 0.425 0.259375
0 0.7364583333333333 0.51484375 0.44166666666666665 0.290625
1 0.8989583333333333 0.68203125 0.20208333333333334 0.2828125
1 0.825 0.884375 0.35 0.203125
1 0.421875 0.83359375 0.5729166666666666 0.3328125
1 0.16875 0.83671875 0.275 0.3265625
1 0.09166666666666666 0.60078125 0.18333333333333332 0.2328125
1 0.06041666666666667 0.440625 0.12083333333333333 0.165625
1 0.08541666666666667 0.31015625 0.15208333333333332 0.1265625
1 0.027083333333333334 0.25234375 0.05416666666666667 0.1546875
1 0.07395833333333333 0.17109375 0.13333333333333333 0.1140625
1 0.496875 0.14375 0.21666666666666667 0.165625