0 0.5125 0.334375 0.26875 0.2125
1 0.45208333333333334 0.5421875 0.38333333333333336 0.2546875
1 0.13125 0.46875 0.2625 0.25625
1 0.20625 0.6578125 0.32916666666666666 0.184375
1 0.5083333333333333 0.7375 0.35 0.196875
0 0.2520833333333333 0.8875 0.3145833333333333 0.2234375
1 0.5666666666666667 0.903125 0.4166666666666667 0.19375
1 0.7479166666666667 0.825 0.23958333333333334 0.234375
1 0.7375 0.65 0.275 0.1796875
1 0.7291666666666666 0.478125 0.2916666666666667 0.1953125
1 0.8333333333333334 0.3578125 0.23125 0.1921875
1 0.25416666666666665 0.228125 0.17708333333333334 0.13125
1 0.09375 0.171875 0.18541666666666667 0.1390625
1 0.125 0.2890625 0.25 0.153125
1 0.27708333333333335 0.4109375 0.20416666666666666 0.115625
1 0.3375 0.325 0.15833333333333333 0.1140625
1 0.05416666666666667 0.853125 0.10625 0.2203125