0 0.24791666666666667 0.48515625 0.36041666666666666 0.2609375
0 0.221875 0.75234375 0.4083333333333333 0.3234375
0 0.5875 0.75 0.5479166666666667 0.35625
0 0.8239583333333333 0.60390625 0.31875 0.21875
0 0.5760416666666667 0.46640625 0.36041666666666666 0.303125
1 0.840625 0.36796875 0.31875 0.2796875
1 0.671875 0.17734375 0.24583333333333332 0.19375
1 0.8520833333333333 0.14765625 0.20625 0.1359375
1 0.8666666666666667 0.24140625 0.2 0.1125
1 0.6020833333333333 0.3046875 0.22708333333333333 0.159375
1 0.4197916666666667 0.23828125 0.27291666666666664 0.1625
1 0.425 0.36171875 0.18958333333333333 0.1
1 0.196875 0.23515625 0.24791666666666667 0.18125
1 0.06979166666666667 0.2640625 0.13958333333333334 0.21875
1 0.18541666666666667 0.35859375 0.25625 0.10625
1 0.8927083333333333 0.78671875 0.21458333333333332 0.2515625
1 0.45729166666666665 0.9203125 0.45208333333333334 0.159375
1 0.9614583333333333 0.525 0.07708333333333334 0.165625