0 0.80625 0.7671875 0.3854166666666667 0.3921875
0 0.6520833333333333 0.3578125 0.3770833333333333 0.246875
1 0.3729166666666667 0.8859375 0.35833333333333334 0.2265625
1 0.6479166666666667 0.8671875 0.3458333333333333 0.265625
1 0.375 0.6484375 0.3541666666666667 0.2640625
1 0.8791666666666667 0.5046875 0.23958333333333334 0.24375
1 0.6291666666666667 0.5671875 0.23541666666666666 0.16875
1 0.8958333333333334 0.3234375 0.17291666666666666 0.228125
1 0.5979166666666667 0.1 0.4583333333333333 0.2
1 0.28958333333333336 0.0796875 0.19375 0.1171875
1 0.32916666666666666 0.190625 0.24583333333333332 0.1625
1 0.31875 0.3359375 0.26875 0.153125
1 0.9291666666666667 0.0484375 0.13958333333333334 0.096875
1 0.95 0.1453125 0.1 0.2171875