1 0.35833333333333334 0.31875 0.44375 0.334375
1 0.6208333333333333 0.2984375 0.2 0.2171875
1 0.4666666666666667 0.1109375 0.34375 0.2203125
1 0.7708333333333334 0.096875 0.2708333333333333 0.1921875
1 0.8645833333333334 0.2546875 0.26875 0.2046875
1 0.94375 0.121875 0.11041666666666666 0.1296875
1 0.8854166666666666 0.459375 0.22916666666666666 0.221875
1 0.8854166666666666 0.671875 0.22916666666666666 0.278125
1 0.825 0.9171875 0.34791666666666665 0.165625
1 0.45416666666666666 0.928125 0.3958333333333333 0.14375
1 0.6916666666666667 0.75 0.34375 0.253125
1 0.3625 0.73125 0.2875 0.2515625
1 0.6458333333333334 0.5140625 0.3229166666666667 0.240625
1 0.30416666666666664 0.5203125 0.32708333333333334 0.1578125
1 0.11041666666666666 0.6234375 0.21875 0.2515625
1 0.14375 0.8609375 0.2875 0.240625
1 0.09166666666666666 0.4 0.18125 0.203125
1 0.08333333333333333 0.209375 0.16666666666666666 0.178125