1 0.5604166666666667 0.1296875 0.22916666666666666 0.1640625
1 0.403125 0.1265625 0.22083333333333333 0.1453125
1 0.2375 0.0796875 0.17916666666666667 0.115625
1 0.41458333333333336 0.26640625 0.23958333333333334 0.159375
1 0.4197916666666667 0.39296875 0.2833333333333333 0.203125
1 0.18854166666666666 0.32109375 0.25625 0.178125
1 0.253125 0.22109375 0.18333333333333332 0.121875
1 0.6614583333333334 0.37265625 0.25625 0.165625
1 0.6020833333333333 0.52421875 0.29375 0.18125
1 0.7354166666666667 0.684375 0.32916666666666666 0.2515625
1 0.3625 0.55 0.3 0.225
1 0.134375 0.478125 0.26875 0.209375
0 0.10833333333333334 0.65703125 0.21666666666666667 0.2046875
1 0.28125 0.7 0.2604166666666667 0.1921875
1 0.4791666666666667 0.76796875 0.2833333333333333 0.2453125
1 0.703125 0.87734375 0.3145833333333333 0.2453125
1 0.8322916666666667 0.45546875 0.1625 0.1171875
1 0.7583333333333333 0.3015625 0.22291666666666668 0.13125
1 0.4114583333333333 0.04765625 0.18541666666666667 0.0953125
1 0.5677083333333334 0.27421875 0.19166666666666668 0.13125