1 0.6583333333333333 0.3203125 0.30416666666666664 0.2390625
1 0.14791666666666667 0.246875 0.25625 0.1671875
1 0.3802083333333333 0.21484375 0.26458333333333334 0.20625
1 0.6333333333333333 0.1796875 0.24375 0.1609375
1 0.9041666666666667 0.325 0.19166666666666668 0.21875
1 0.16145833333333334 0.39453125 0.29791666666666666 0.1578125
1 0.4 0.37734375 0.2625 0.1390625
1 0.125 0.559375 0.25 0.19375
1 0.3072916666666667 0.5125 0.21666666666666667 0.196875
1 0.4708333333333333 0.52890625 0.30416666666666664 0.2328125
1 0.7791666666666667 0.5328125 0.38958333333333334 0.2484375
1 0.3385416666666667 0.696875 0.34375 0.209375
1 0.1 0.734375 0.2 0.2375
1 0.24270833333333333 0.9 0.33541666666666664 0.1921875
1 0.6072916666666667 0.8734375 0.48125 0.253125
1 0.6104166666666667 0.6875 0.2833333333333333 0.1703125
1 0.834375 0.66953125 0.26875 0.171875