1 0.2791666666666667 0.58984375 0.475 0.3421875
1 0.534375 0.74453125 0.475 0.3734375
1 0.809375 0.62890625 0.38125 0.2984375
1 0.6104166666666667 0.46328125 0.42083333333333334 0.31875
1 0.8541666666666666 0.425 0.2916666666666667 0.284375
1 0.75625 0.2265625 0.3854166666666667 0.25
1 0.41041666666666665 0.2640625 0.4041666666666667 0.28125
1 0.15625 0.353125 0.3125 0.278125
1 0.17708333333333334 0.14296875 0.3541666666666667 0.2421875
1 0.6020833333333333 0.090625 0.39166666666666666 0.18125
1 0.81875 0.85859375 0.3625 0.2390625
1 0.9645833333333333 0.77109375 0.07083333333333333 0.2671875
1 0.509375 0.91796875 0.4395833333333333 0.1640625
1 0.209375 0.82109375 0.3229166666666667 0.33125
1 0.22916666666666666 0.96328125 0.20416666666666666 0.0734375
1 0.075 0.534375 0.15 0.259375