0 0.53125 0.5859375 0.4625 0.35
1 0.65625 0.43359375 0.36041666666666666 0.2703125
1 0.5729166666666666 0.1953125 0.40208333333333335 0.3
1 0.8104166666666667 0.26953125 0.31666666666666665 0.275
1 0.2520833333333333 0.84921875 0.37083333333333335 0.3015625
1 0.1875 0.60703125 0.375 0.3640625
1 0.3 0.3828125 0.40208333333333335 0.2703125
1 0.07916666666666666 0.3953125 0.15833333333333333 0.234375
1 0.13229166666666667 0.215625 0.26458333333333334 0.3
1 0.31875 0.15546875 0.28958333333333336 0.25
1 0.5072916666666667 0.04921875 0.22291666666666668 0.0984375
1 0.7541666666666667 0.05078125 0.20833333333333334 0.1015625
1 0.8197916666666667 0.1375 0.17291666666666666 0.1265625