1 0.453125 0.096875 0.33958333333333335 0.19375
1 0.653125 0.078125 0.19375 0.1453125
1 0.8125 0.08515625 0.19583333333333333 0.1703125
1 0.7375 0.2109375 0.33125 0.225
1 0.821875 0.4078125 0.35625 0.259375
1 0.9416666666666667 0.60390625 0.11666666666666667 0.2578125
1 0.7208333333333333 0.62578125 0.4354166666666667 0.296875
1 0.5145833333333333 0.48515625 0.37083333333333335 0.2296875
1 0.3697916666666667 0.67265625 0.3854166666666667 0.278125
1 0.20833333333333334 0.50625 0.29583333333333334 0.196875
1 0.3125 0.35703125 0.325 0.2046875
1 0.5739583333333333 0.3265625 0.3229166666666667 0.215625
1 0.43333333333333335 0.21875 0.35208333333333336 0.21875
1 0.24375 0.159375 0.23333333333333334 0.15625
1 0.21354166666666666 0.3015625 0.2520833333333333 0.1421875
1 0.10208333333333333 0.4265625 0.20416666666666666 0.175
1 0.14895833333333333 0.696875 0.2708333333333333 0.2796875
1 0.64375 0.8984375 0.38333333333333336 0.203125
1 0.8895833333333333 0.859375 0.22083333333333333 0.2