1 0.13958333333333334 0.13203125 0.2791666666666667 0.2421875
0 0.3625 0.103125 0.25 0.1984375
0 0.315625 0.275 0.3 0.184375
0 0.775 0.38203125 0.22083333333333333 0.1703125
0 0.8864583333333333 0.68671875 0.22708333333333333 0.2109375
0 0.8541666666666666 0.83828125 0.2916666666666667 0.2828125
0 0.53125 0.32265625 0.20625 0.14375
1 0.6541666666666667 0.26953125 0.21458333333333332 0.1484375
1 0.48020833333333335 0.2 0.21458333333333332 0.134375
1 0.39895833333333336 0.42578125 0.2375 0.1578125
1 0.6427083333333333 0.4390625 0.28125 0.1375
1 0.553125 0.55546875 0.3104166666666667 0.1859375
1 0.8927083333333333 0.4859375 0.21458333333333332 0.153125
1 0.771875 0.5453125 0.26458333333333334 0.1625
1 0.7135416666666666 0.665625 0.24791666666666667 0.1734375