1 0.26875 0.37109375 0.24166666666666667 0.15625
1 0.5416666666666666 0.29453125 0.20833333333333334 0.1546875
1 0.6739583333333333 0.21640625 0.19791666666666666 0.1203125
1 0.8833333333333333 0.22578125 0.19583333333333333 0.1515625
1 0.821875 0.340625 0.3020833333333333 0.1890625
1 0.628125 0.40078125 0.20416666666666666 0.140625
1 0.45208333333333334 0.43046875 0.22291666666666668 0.1234375
1 0.5947916666666667 0.53125 0.23541666666666666 0.146875
1 0.8416666666666667 0.48984375 0.20833333333333334 0.15
1 0.8041666666666667 0.65 0.2791666666666667 0.20625
1 0.54375 0.68125 0.25833333333333336 0.2
1 0.36875 0.57265625 0.22083333333333333 0.178125
1 0.14583333333333334 0.571875 0.2833333333333333 0.1640625
1 0.26979166666666665 0.721875 0.23125 0.1453125
1 0.09791666666666667 0.7375 0.1625 0.2015625
1 0.134375 0.43125 0.225 0.1625