1 0.5229166666666667 0.3859375 0.36041666666666666 0.2484375
1 0.6229166666666667 0.6125 0.36666666666666664 0.25625
1 0.30625 0.4765625 0.275 0.175
1 0.15625 0.6546875 0.3104166666666667 0.265625
1 0.10208333333333333 0.95 0.20416666666666666 0.0890625
1 0.3645833333333333 0.9421875 0.33958333333333335 0.115625
0 0.7020833333333333 0.9375 0.37083333333333335 0.125
1 0.9458333333333333 0.784375 0.10625 0.1578125
1 0.9 0.675 0.19791666666666666 0.175
1 0.88125 0.540625 0.16875 0.10625
1 0.7583333333333333 0.4609375 0.18333333333333332 0.165625
1 0.2875 0.3234375 0.21041666666666667 0.1203125
1 0.11666666666666667 0.3796875 0.23333333333333334 0.19375
1 0.06666666666666667 0.4828125 0.13125 0.125
1 0.9229166666666667 0.365625 0.14583333333333334 0.071875
1 0.9354166666666667 0.4609375 0.12916666666666668 0.103125
1 0.75625 0.365625 0.16666666666666666 0.078125