0 0.571875 0.5953125 0.4625 0.365625
0 0.46875 0.8421875 0.44166666666666665 0.315625
0 0.28125 0.6375 0.31666666666666665 0.259375
0 0.11666666666666667 0.54375 0.23333333333333334 0.225
0 0.22604166666666667 0.4015625 0.2916666666666667 0.2234375
0 0.31875 0.23828125 0.30833333333333335 0.26875
0 0.5833333333333334 0.22734375 0.34791666666666665 0.246875
0 0.553125 0.4171875 0.28958333333333336 0.196875
0 0.8197916666666667 0.35625 0.3020833333333333 0.2234375
1 0.8375 0.56171875 0.3104166666666667 0.2890625
1 0.8114583333333333 0.82734375 0.3770833333333333 0.3015625
1 0.17916666666666667 0.81875 0.25625 0.2859375
1 0.45 0.08828125 0.19583333333333333 0.15
1 0.6291666666666667 0.09296875 0.21875 0.1453125
1 0.8208333333333333 0.1890625 0.23541666666666666 0.203125
1 0.809375 0.06953125 0.17291666666666666 0.1390625
1 0.653125 0.040625 0.23125 0.08125
1 0.30104166666666665 0.07734375 0.20416666666666666 0.1359375
1 0.46979166666666666 0.03359375 0.21875 0.0671875