1 0.41458333333333336 0.346875 0.23333333333333334 0.18125
0 0.5125 0.5046875 0.22291666666666668 0.153125
0 0.20416666666666666 0.64375 0.27708333333333335 0.178125
1 0.7666666666666667 0.8421875 0.38958333333333334 0.296875
0 0.2875 0.884375 0.40208333333333335 0.2296875
1 0.2708333333333333 0.4953125 0.2520833333333333 0.1625
1 0.7270833333333333 0.4265625 0.23541666666666666 0.1734375
1 0.59375 0.359375 0.14375 0.1234375
0 0.69375 0.2875 0.22291666666666668 0.1140625
1 0.09791666666666667 0.428125 0.19583333333333333 0.1671875
1 0.21041666666666667 0.3171875 0.18958333333333333 0.11875
1 0.30833333333333335 0.2171875 0.16875 0.1171875
1 0.46458333333333335 0.2140625 0.17708333333333334 0.1
1 0.8229166666666666 0.63125 0.28958333333333336 0.2046875
1 0.9208333333333333 0.5015625 0.15625 0.1953125
1 0.052083333333333336 0.7078125 0.10208333333333333 0.215625
1 0.03958333333333333 0.5390625 0.07708333333333334 0.1203125
1 0.05416666666666667 0.3234375 0.10625 0.0921875
1 0.1625 0.2421875 0.14375 0.0609375
1 0.7645833333333333 0.1453125 0.21041666666666667 0.184375
1 0.9375 0.15 0.125 0.1953125
1 0.9125 0.0421875 0.17291666666666666 0.084375
0 0.7583333333333333 0.025 0.13958333333333334 0.0484375
1 0.4791666666666667 0.1515625 0.15 0.0859375
1 0.5333333333333333 0.096875 0.15416666666666667 0.090625
1 0.37916666666666665 0.1171875 0.09791666666666667 0.0921875
1 0.61875 0.1609375 0.11666666666666667 0.109375