0 0.15 0.89375 0.21875 0.2109375
0 0.09791666666666667 0.65 0.19583333333333333 0.1859375
0 0.15625 0.575 0.17708333333333334 0.0875
0 0.8145833333333333 0.5953125 0.19166666666666668 0.1296875
0 0.8958333333333334 0.7234375 0.20625 0.153125
0 0.6104166666666667 0.303125 0.14791666666666667 0.0796875
0 0.6583333333333333 0.3859375 0.18333333333333332 0.1515625
0 0.29375 0.4328125 0.20625 0.165625
1 0.4 0.2984375 0.19583333333333333 0.134375
1 0.48125 0.428125 0.18125 0.14375
1 0.6104166666666667 0.5390625 0.19375 0.1375
1 0.95 0.575 0.09791666666666667 0.1390625
1 0.6666666666666666 0.6640625 0.19791666666666666 0.109375
1 0.7375 0.8 0.23541666666666666 0.1734375
0 0.89375 0.9171875 0.21041666666666667 0.165625
0 0.6041666666666666 0.9640625 0.27708333333333335 0.0703125
1 0.5 0.85 0.25 0.178125
1 0.49375 0.6890625 0.20416666666666666 0.15
1 0.2833333333333333 0.7171875 0.21666666666666667 0.1578125
1 0.03333333333333333 0.8046875 0.06666666666666667 0.1640625
0 0.15833333333333333 0.50625 0.13958333333333334 0.0796875
0 0.06041666666666667 0.440625 0.11875 0.0984375
1 0.1625 0.4390625 0.07708333333333334 0.059375
1 0.14166666666666666 0.3921875 0.11041666666666666 0.046875
1 0.2625 0.334375 0.13541666666666666 0.0734375
1 0.5083333333333333 0.2578125 0.09583333333333334 0.0703125
1 0.6270833333333333 0.246875 0.13333333333333333 0.0828125