0 0.39479166666666665 0.74609375 0.35833333333333334 0.259375
0 0.4552083333333333 0.3671875 0.18125 0.103125
0 0.8645833333333334 0.23125 0.2375 0.1234375
0 0.33958333333333335 0.08359375 0.125 0.06875
0 0.7177083333333333 0.0421875 0.11666666666666667 0.0703125
1 0.6479166666666667 0.11953125 0.15833333333333333 0.10625
1 0.6635416666666667 0.24375 0.20208333333333334 0.1671875
0 0.8541666666666666 0.3515625 0.27291666666666664 0.175
0 0.6864583333333333 0.46171875 0.2520833333333333 0.1625
0 0.47291666666666665 0.50703125 0.29791666666666666 0.2203125
0 0.159375 0.54921875 0.31875 0.2421875
1 0.084375 0.77421875 0.16875 0.2234375
1 0.14479166666666668 0.92890625 0.28125 0.1265625
1 0.5822916666666667 0.9328125 0.38125 0.134375
1 0.8625 0.93828125 0.22083333333333333 0.1234375
1 0.7458333333333333 0.74453125 0.4708333333333333 0.2390625
1 0.8677083333333333 0.59609375 0.26458333333333334 0.2453125
1 0.22291666666666668 0.346875 0.29791666666666666 0.1984375
1 0.234375 0.234375 0.2 0.0890625
1 0.46041666666666664 0.259375 0.19375 0.1546875
1 0.5010416666666667 0.15078125 0.17916666666666667 0.0796875
1 0.33229166666666665 0.15390625 0.15416666666666667 0.0875
1 0.21041666666666667 0.07734375 0.19375 0.15
1 0.08854166666666667 0.05078125 0.12291666666666666 0.1015625
1 0.8177083333333334 0.16640625 0.15833333333333333 0.0875
1 0.7645833333333333 0.09296875 0.17083333333333334 0.08125
1 0.4625 0.08828125 0.13333333333333333 0.0765625
1 0.359375 0.03828125 0.14375 0.0765625
1 0.61875 0.04921875 0.15833333333333333 0.09375