1 0.3229166666666667 0.1484375 0.24375 0.14375
1 0.4479166666666667 0.05625 0.21875 0.1078125
1 0.53125 0.1703125 0.19166666666666668 0.159375
1 0.6541666666666667 0.1015625 0.16458333333333333 0.140625
1 0.8854166666666666 0.0890625 0.20625 0.16875
1 0.7708333333333334 0.184375 0.20208333333333334 0.1078125
1 0.6625 0.2515625 0.23333333333333334 0.134375
1 0.8479166666666667 0.2953125 0.1625 0.1390625
1 0.7270833333333333 0.390625 0.20416666666666666 0.1578125
1 0.5375 0.334375 0.21041666666666667 0.1625
1 0.31666666666666665 0.2640625 0.2625 0.1859375
0 0.35625 0.4140625 0.2875 0.1875
1 0.18125 0.5328125 0.3104166666666667 0.1859375
1 0.4375 0.575 0.2520833333333333 0.165625
1 0.6291666666666667 0.496875 0.25833333333333336 0.1828125
1 0.88125 0.4921875 0.19375 0.153125
1 0.5666666666666667 0.7265625 0.4354166666666667 0.2828125
1 0.225 0.759375 0.275 0.2296875
1 0.46458333333333335 0.9046875 0.28125 0.1859375
0 0.19375 0.9484375 0.3541666666666667 0.103125
1 0.052083333333333336 0.3890625 0.10416666666666667 0.2140625