1 0.4125 0.1578125 0.26875 0.1921875
1 0.5916666666666667 0.3015625 0.3333333333333333 0.2109375
1 0.7604166666666666 0.1578125 0.25416666666666665 0.1515625
1 0.81875 0.2578125 0.17708333333333334 0.1328125
1 0.9333333333333333 0.1671875 0.13125 0.10625
1 0.8729166666666667 0.4109375 0.25416666666666665 0.209375
1 0.5854166666666667 0.50625 0.30416666666666664 0.2265625
1 0.30416666666666664 0.4234375 0.29375 0.2296875
1 0.26458333333333334 0.6671875 0.3645833333333333 0.2828125
1 0.6625 0.7703125 0.4625 0.3703125
1 0.8916666666666667 0.6578125 0.21458333333333332 0.28125