0 0.7125 0.7953125 0.4041666666666667 0.35625
0 0.39166666666666666 0.6015625 0.35833333333333334 0.240625
0 0.3645833333333333 0.33125 0.21666666666666667 0.134375
1 0.5833333333333334 0.3484375 0.24166666666666667 0.175
1 0.60625 0.51875 0.2833333333333333 0.1921875
1 0.33125 0.4703125 0.3020833333333333 0.146875
1 0.125 0.2234375 0.22083333333333333 0.146875
1 0.27708333333333335 0.0828125 0.31666666666666665 0.15625
1 0.075 0.0734375 0.15 0.146875
1 0.14791666666666667 0.3765625 0.2125 0.0984375
1 0.09791666666666667 0.4984375 0.19583333333333333 0.1421875
0 0.125 0.6859375 0.2375 0.234375
1 0.0875 0.9 0.175 0.2
1 0.33958333333333335 0.8609375 0.39166666666666666 0.278125