1 0.6104166666666667 0.721875 0.5354166666666667 0.4140625
1 0.8239583333333333 0.70078125 0.325 0.3171875
1 0.90625 0.3453125 0.1875 0.246875
1 0.684375 0.3828125 0.3854166666666667 0.2609375
1 0.5177083333333333 0.175 0.4 0.28125
1 0.32916666666666666 0.328125 0.3875 0.2296875
1 0.46041666666666664 0.50234375 0.35 0.2328125
1 0.22708333333333333 0.66328125 0.40625 0.271875
1 0.16354166666666667 0.4640625 0.32708333333333334 0.240625
1 0.13020833333333334 0.2765625 0.1875 0.1921875
1 0.225 0.04140625 0.1875 0.0828125
1 0.37083333333333335 0.0859375 0.2916666666666667 0.171875
1 0.6052083333333333 0.0578125 0.23125 0.115625
1 0.8125 0.16953125 0.375 0.2828125
1 0.9520833333333333 0.15625 0.09583333333333334 0.171875
1 0.053125 0.6609375 0.10625 0.23125
1 0.9375 0.5171875 0.125 0.18125