1 0.625 0.23203125 0.2375 0.1609375
1 0.8677083333333333 0.24296875 0.23958333333333334 0.1703125
1 0.7458333333333333 0.38203125 0.27291666666666664 0.2140625
1 0.434375 0.30234375 0.27708333333333335 0.1640625
1 0.5333333333333333 0.4328125 0.20625 0.1640625
1 0.3489583333333333 0.4640625 0.22708333333333333 0.1203125
1 0.48541666666666666 0.58515625 0.25416666666666665 0.1765625
1 0.7583333333333333 0.56015625 0.23958333333333334 0.1578125
1 0.9322916666666666 0.4375 0.13541666666666666 0.153125
1 0.9302083333333333 0.5640625 0.13958333333333334 0.109375
1 0.9020833333333333 0.75078125 0.19583333333333333 0.2515625
1 0.671875 0.74375 0.28541666666666665 0.240625
1 0.384375 0.7515625 0.28125 0.2109375
1 0.21979166666666666 0.603125 0.24166666666666667 0.19375
1 0.14791666666666667 0.39140625 0.275 0.1703125
1 0.121875 0.76796875 0.21875 0.1796875