0 0.3229166666666667 0.5796875 0.425 0.2390625
0 0.9083333333333333 0.5265625 0.18333333333333332 0.2578125
1 0.7958333333333333 0.1984375 0.38125 0.315625
1 0.4041666666666667 0.1484375 0.40208333333333335 0.296875
1 0.12083333333333333 0.134375 0.23958333333333334 0.2671875
1 0.19583333333333333 0.3984375 0.39166666666666666 0.31875
1 0.15416666666666667 0.8171875 0.30833333333333335 0.3140625
1 0.4895833333333333 0.803125 0.375 0.2796875
0 0.76875 0.696875 0.35208333333333336 0.284375
1 0.6166666666666667 0.4390625 0.37916666666666665 0.2453125
1 0.9604166666666667 0.771875 0.07916666666666666 0.24375