0 0.5989583333333334 0.603125 0.48125 0.3359375
0 0.8770833333333333 0.59296875 0.24583333333333332 0.3515625
0 0.21979166666666666 0.4515625 0.2708333333333333 0.16875
0 0.30625 0.584375 0.3020833333333333 0.2203125
0 0.3927083333333333 0.8453125 0.53125 0.309375
1 0.784375 0.81015625 0.43125 0.3484375
1 0.41458333333333336 0.35703125 0.2791666666666667 0.225
1 0.6145833333333334 0.43515625 0.31875 0.19375
1 0.18020833333333333 0.740625 0.2833333333333333 0.246875
1 0.10833333333333334 0.58671875 0.21666666666666667 0.1734375
1 0.03333333333333333 0.45546875 0.06666666666666667 0.1546875
1 0.042708333333333334 0.24375 0.08541666666666667 0.265625