1 0.4 0.3640625 0.4895833333333333 0.3359375
1 0.7458333333333333 0.603125 0.475 0.365625
1 0.5833333333333334 0.878125 0.4479166666666667 0.24375
1 0.2875 0.6921875 0.41875 0.2984375
1 0.825 0.3046875 0.34791666666666665 0.2875
1 0.7979166666666667 0.090625 0.36875 0.1796875
1 0.5520833333333334 0.203125 0.23333333333333334 0.134375
1 0.17291666666666666 0.234375 0.30416666666666664 0.23125
1 0.13541666666666666 0.078125 0.2604166666666667 0.1109375
1 0.41041666666666665 0.0875 0.27708333333333335 0.1453125
1 0.1125 0.4921875 0.20208333333333334 0.159375
1 0.06458333333333334 0.73125 0.12708333333333333 0.196875