1 0.16666666666666666 0.6703125 0.3333333333333333 0.275
1 0.08541666666666667 0.9 0.17083333333333334 0.2
1 0.3729166666666667 0.784375 0.23125 0.265625
1 0.61875 0.8234375 0.3 0.2359375
1 0.6083333333333333 0.63125 0.22916666666666666 0.15
1 0.8458333333333333 0.6234375 0.3020833333333333 0.228125
1 0.3645833333333333 0.5625 0.26666666666666666 0.20625
1 0.5625 0.45 0.24583333333333332 0.1984375
1 0.6708333333333333 0.3765625 0.16458333333333333 0.1578125
1 0.55 0.2390625 0.225 0.1875
1 0.29375 0.3859375 0.27708333333333335 0.1796875
1 0.30416666666666664 0.25625 0.2604166666666667 0.15625
1 0.42291666666666666 0.1140625 0.24583333333333332 0.190625
1 0.11458333333333333 0.4828125 0.22708333333333333 0.14375
1 0.04375 0.365625 0.08541666666666667 0.121875