1 0.5145833333333333 0.24375 0.31875 0.20625
1 0.8666666666666667 0.25546875 0.225 0.228125
1 0.7364583333333333 0.16328125 0.23958333333333334 0.165625
0 0.775 0.41171875 0.35 0.25
1 0.7072916666666667 0.60078125 0.29375 0.225
1 0.440625 0.4171875 0.2916666666666667 0.196875
1 0.21145833333333333 0.4796875 0.2708333333333333 0.175
1 0.40729166666666666 0.5765625 0.30833333333333335 0.2375
0 0.28854166666666664 0.70703125 0.22916666666666666 0.1875
0 0.35520833333333335 0.834375 0.23541666666666666 0.1765625
1 0.53125 0.73984375 0.21666666666666667 0.1515625
1 0.7375 0.78203125 0.29375 0.2609375
1 0.9302083333333333 0.8640625 0.13958333333333334 0.20625
1 0.8979166666666667 0.6703125 0.20416666666666666 0.259375
1 0.5625 0.89921875 0.2916666666666667 0.2015625
1 0.11770833333333333 0.6390625 0.21875 0.165625
1 0.2916666666666667 0.35546875 0.21875 0.1234375
1 0.21666666666666667 0.26796875 0.2604166666666667 0.1640625
1 0.10833333333333334 0.41328125 0.21666666666666667 0.1515625
1 0.06145833333333333 0.30859375 0.12291666666666666 0.1203125
0 0.4822916666666667 0.0828125 0.19166666666666668 0.13125