1 0.6 0.27578125 0.35625 0.26875
0 0.35833333333333334 0.45390625 0.3541666666666667 0.2046875
1 0.415625 0.61953125 0.3229166666666667 0.2265625
1 0.16145833333333334 0.5765625 0.3229166666666667 0.24375
1 0.6520833333333333 0.59765625 0.29375 0.203125
1 0.6427083333333333 0.81484375 0.45208333333333334 0.3359375
1 0.8708333333333333 0.6125 0.25833333333333336 0.246875
1 0.7052083333333333 0.4640625 0.24375 0.171875
1 0.85625 0.3171875 0.2875 0.25
1 0.9302083333333333 0.17421875 0.13958333333333334 0.2203125
1 0.3875 0.134375 0.2833333333333333 0.2140625
1 0.33541666666666664 0.290625 0.2833333333333333 0.1765625
1 0.196875 0.134375 0.21666666666666667 0.1734375
1 0.15520833333333334 0.2765625 0.23125 0.1875
1 0.078125 0.41796875 0.15625 0.159375
1 0.09479166666666666 0.76640625 0.18958333333333333 0.2578125