0 0.69375 0.890625 0.475 0.21875
0 0.4 0.3484375 0.16875 0.1046875
0 0.9270833333333334 0.409375 0.14375 0.1390625
1 0.8875 0.55625 0.22291666666666668 0.1703125
1 0.8333333333333334 0.7109375 0.33125 0.209375
1 0.6416666666666667 0.5578125 0.2916666666666667 0.2
1 0.41875 0.7265625 0.3645833333333333 0.2453125
1 0.21041666666666667 0.6140625 0.23958333333333334 0.1828125
1 0.40625 0.5234375 0.2125 0.1578125
1 0.5375 0.3046875 0.18541666666666667 0.1234375
1 0.20833333333333334 0.334375 0.24791666666666667 0.15
1 0.29583333333333334 0.43125 0.18333333333333332 0.09375
1 0.11875 0.496875 0.2375 0.1421875
0 0.5145833333333333 0.41875 0.20208333333333334 0.1015625
1 0.7145833333333333 0.31875 0.19583333333333333 0.0609375
0 0.75 0.409375 0.23541666666666666 0.1421875
0 0.15416666666666667 0.175 0.2375 0.1546875
1 0.05416666666666667 0.24375 0.10833333333333334 0.1890625
0 0.06458333333333334 0.0828125 0.12708333333333333 0.11875