1 0.45416666666666666 0.3453125 0.33958333333333335 0.2078125
1 0.225 0.3375 0.19583333333333333 0.209375
1 0.30833333333333335 0.4953125 0.25625 0.134375
1 0.5916666666666667 0.5453125 0.3 0.215625
1 0.11458333333333333 0.6390625 0.22916666666666666 0.2953125
0 0.3729166666666667 0.684375 0.35625 0.275
1 0.6708333333333333 0.765625 0.2875 0.2625
1 0.6666666666666666 0.93125 0.3416666666666667 0.1375
1 0.32083333333333336 0.896875 0.3541666666666667 0.20625
1 0.9291666666666667 0.884375 0.14166666666666666 0.2296875
1 0.9333333333333333 0.690625 0.13333333333333333 0.2078125
1 0.7854166666666667 0.596875 0.1375 0.18125
1 0.9125 0.5109375 0.17291666666666666 0.1640625
1 0.8125 0.3765625 0.2125 0.209375
0 0.7083333333333334 0.159375 0.14791666666666667 0.13125
1 0.80625 0.23125 0.14375 0.0921875
1 0.65 0.3046875 0.15416666666666667 0.0890625
1 0.4625 0.2328125 0.16041666666666668 0.0640625