0 0.44583333333333336 0.5359375 0.33541666666666664 0.25625
1 0.7104166666666667 0.4015625 0.325 0.2203125
1 0.9375 0.40625 0.125 0.24375
1 0.8395833333333333 0.18125 0.32083333333333336 0.240625
1 0.4666666666666667 0.296875 0.2875 0.2046875
1 0.2604166666666667 0.38125 0.32916666666666666 0.2109375
1 0.13125 0.559375 0.2604166666666667 0.2359375
1 0.2833333333333333 0.7640625 0.36875 0.2890625
1 0.7041666666666667 0.8546875 0.42083333333333334 0.290625
1 0.9166666666666666 0.9453125 0.16458333333333333 0.109375
1 0.3416666666666667 0.934375 0.32083333333333336 0.13125
1 0.10416666666666667 0.8953125 0.20833333333333334 0.2078125