0 0.40208333333333335 0.221875 0.25 0.1859375
0 0.5885416666666666 0.3640625 0.33958333333333335 0.246875
0 0.6125 0.571875 0.35833333333333334 0.259375
0 0.9197916666666667 0.5125 0.16041666666666668 0.159375
0 0.15 0.3171875 0.26666666666666666 0.225
1 0.3020833333333333 0.49765625 0.4 0.2734375
1 0.7760416666666666 0.45234375 0.19375 0.1625
1 0.5104166666666666 0.86953125 0.3375 0.2609375
1 0.20208333333333334 0.83984375 0.375 0.290625
1 0.7635416666666667 0.88515625 0.33958333333333335 0.2296875
1 0.203125 0.64609375 0.26458333333333334 0.1875
1 0.43333333333333335 0.665625 0.2916666666666667 0.2046875
1 0.7114583333333333 0.7453125 0.325 0.253125
1 0.8208333333333333 0.609375 0.2125 0.159375
1 0.34791666666666665 0.353125 0.19583333333333333 0.1359375
1 0.659375 0.21015625 0.17291666666666666 0.125
1 0.890625 0.24921875 0.21875 0.1796875
1 0.8895833333333333 0.37734375 0.22083333333333333 0.1765625
1 0.7375 0.3078125 0.18958333333333333 0.1484375
1 0.06458333333333334 0.58828125 0.12916666666666668 0.1984375
1 0.25 0.10546875 0.23125 0.1640625
1 0.42291666666666666 0.10078125 0.20208333333333334 0.1375