0 0.39479166666666665 0.36328125 0.3125 0.190625
0 0.35104166666666664 0.1796875 0.2875 0.190625
0 0.7572916666666667 0.1765625 0.28958333333333336 0.1609375
0 0.8625 0.440625 0.16041666666666668 0.1625
1 0.8552083333333333 0.64375 0.27708333333333335 0.209375
1 0.784375 0.8484375 0.38125 0.303125
1 0.45729166666666665 0.7953125 0.39166666666666666 0.353125
1 0.18125 0.90078125 0.3625 0.1796875
0 0.37395833333333334 0.54375 0.27708333333333335 0.1828125
1 0.6833333333333333 0.50703125 0.2875 0.2078125
1 0.15520833333333334 0.71640625 0.3104166666666667 0.2515625
1 0.11458333333333333 0.50546875 0.22916666666666666 0.2171875
1 0.20625 0.40390625 0.19583333333333333 0.178125
1 0.078125 0.35 0.1375 0.1296875
1 0.16666666666666666 0.25234375 0.18541666666666667 0.1375
1 0.153125 0.14296875 0.17708333333333334 0.0890625
1 0.125 0.07421875 0.16041666666666668 0.071875
0 0.309375 0.0875 0.14583333333333334 0.0796875
1 0.3125 0.03515625 0.15416666666666667 0.0703125
1 0.478125 0.05390625 0.20625 0.1078125
1 0.5552083333333333 0.17109375 0.225 0.1828125
1 0.7052083333333333 0.3203125 0.28541666666666665 0.1859375
1 0.9166666666666666 0.3 0.16666666666666666 0.175