1 0.18958333333333333 0.5 0.35 0.253125
1 0.41458333333333336 0.3578125 0.32083333333333336 0.2078125
1 0.5145833333333333 0.5828125 0.36041666666666666 0.278125
1 0.7333333333333333 0.4265625 0.32708333333333334 0.2546875
1 0.9208333333333333 0.3015625 0.15833333333333333 0.30625
1 0.8416666666666667 0.671875 0.3145833333333333 0.28125
1 0.63125 0.846875 0.37916666666666665 0.29375
0 0.2604166666666667 0.7734375 0.37083333333333335 0.2953125
1 0.06666666666666667 0.6828125 0.13125 0.2046875
1 0.1125 0.2984375 0.22291666666666668 0.2421875
1 0.13541666666666666 0.15 0.175 0.1515625
1 0.37083333333333335 0.15625 0.2875 0.2015625
1 0.8354166666666667 0.1375 0.3145833333333333 0.2359375
1 0.5979166666666667 0.0703125 0.29791666666666666 0.140625
1 0.34791666666666665 0.0375 0.22291666666666668 0.075
0 0.13541666666666666 0.046875 0.20416666666666666 0.09375