1 0.23854166666666668 0.18828125 0.36875 0.2921875
0 0.20520833333333333 0.46328125 0.41041666666666665 0.3234375
0 0.640625 0.55625 0.6020833333333333 0.4421875
1 0.5666666666666667 0.2359375 0.46458333333333335 0.3
1 0.8833333333333333 0.21953125 0.23333333333333334 0.3421875
1 0.6989583333333333 0.08984375 0.3625 0.1796875
1 0.7885416666666667 0.70859375 0.3729166666666667 0.2796875
1 0.7135416666666666 0.90234375 0.3770833333333333 0.1953125
1 0.49375 0.82734375 0.40208333333333335 0.3140625
1 0.2 0.71015625 0.4 0.2921875
1 0.31666666666666665 0.0546875 0.2625 0.109375
1 0.9302083333333333 0.48671875 0.13958333333333334 0.2515625