1 0.6479166666666667 0.434375 0.3229166666666667 0.2625
1 0.8604166666666667 0.75703125 0.2791666666666667 0.4109375
1 0.4947916666666667 0.66953125 0.46041666666666664 0.2984375
0 0.31354166666666666 0.8796875 0.55625 0.240625
0 0.15520833333333334 0.5578125 0.3104166666666667 0.290625
1 0.375 0.4609375 0.24791666666666667 0.1953125
1 0.5197916666666667 0.2625 0.3125 0.1953125
1 0.14166666666666666 0.303125 0.2833333333333333 0.24375
1 0.33541666666666664 0.328125 0.15625 0.13125
1 0.45625 0.165625 0.2 0.115625
1 0.42916666666666664 0.06953125 0.25833333333333336 0.1390625
1 0.20520833333333333 0.0984375 0.14375 0.1125
1 0.28854166666666664 0.20234375 0.20833333333333334 0.1203125
1 0.09479166666666666 0.13671875 0.18958333333333333 0.1671875