0 0.2833333333333333 0.1421875 0.3020833333333333 0.26875
0 0.14166666666666666 0.3234375 0.28125 0.2375
0 0.12083333333333333 0.5265625 0.24166666666666667 0.2578125
0 0.44166666666666665 0.56875 0.29791666666666666 0.2203125
0 0.7166666666666667 0.7140625 0.26666666666666666 0.259375
0 0.7833333333333333 0.471875 0.36041666666666666 0.2015625
0 0.56875 0.3609375 0.24583333333333332 0.184375
0 0.5604166666666667 0.184375 0.25833333333333336 0.209375
1 0.325 0.4328125 0.21041666666666667 0.121875
1 0.3541666666666667 0.8 0.4125 0.2515625
1 0.8854166666666666 0.6765625 0.19375 0.1828125
1 0.9166666666666666 0.3109375 0.16666666666666666 0.1359375
1 0.8416666666666667 0.178125 0.22083333333333333 0.1515625
1 0.7416666666666667 0.2984375 0.18541666666666667 0.11875
1 0.7458333333333333 0.0625 0.25416666666666665 0.1234375
0 0.5583333333333333 0.0453125 0.125 0.090625
1 0.4375 0.0515625 0.16875 0.103125
1 0.075 0.1453125 0.15 0.109375
1 0.15416666666666667 0.0265625 0.14375 0.0515625
1 0.058333333333333334 0.053125 0.11458333333333333 0.1046875
1 0.36041666666666666 0.309375 0.15208333333333332 0.10625