0 0.771875 0.60546875 0.39791666666666664 0.2703125
1 0.42604166666666665 0.43046875 0.4166666666666667 0.2328125
1 0.446875 0.646875 0.34791666666666665 0.2296875
1 0.603125 0.8453125 0.35208333333333336 0.2546875
1 0.8375 0.7703125 0.29375 0.2015625
1 0.24479166666666666 0.840625 0.36041666666666666 0.25
1 0.15208333333333332 0.63125 0.29791666666666666 0.2046875
1 0.1875 0.40078125 0.21666666666666667 0.2171875
1 0.058333333333333334 0.46953125 0.11666666666666667 0.1890625
1 0.05520833333333333 0.28203125 0.10208333333333333 0.225
1 0.12395833333333334 0.21328125 0.19791666666666666 0.1390625
1 0.34479166666666666 0.19765625 0.28958333333333336 0.15625
1 0.4427083333333333 0.2953125 0.26666666666666666 0.075
1 0.6979166666666666 0.41953125 0.22916666666666666 0.1453125
1 0.9375 0.425 0.125 0.134375
1 0.8989583333333333 0.3 0.20208333333333334 0.140625
0 0.9020833333333333 0.1484375 0.19583333333333333 0.165625
1 0.9166666666666666 0.925 0.13333333333333333 0.15