0 0.48541666666666666 0.434375 0.26875 0.2140625
0 0.8604166666666667 0.54375 0.27708333333333335 0.228125
0 0.6875 0.7125 0.4083333333333333 0.34375
1 0.35208333333333336 0.625 0.3229166666666667 0.2265625
1 0.3416666666666667 0.8515625 0.42083333333333334 0.296875
1 0.9166666666666666 0.8046875 0.16666666666666666 0.265625
1 0.08333333333333333 0.8125 0.16458333333333333 0.33125
1 0.15416666666666667 0.48125 0.30833333333333335 0.215625
1 0.275 0.3078125 0.26666666666666666 0.19375
1 0.5145833333333333 0.2515625 0.22708333333333333 0.159375
1 0.6916666666666667 0.3859375 0.22291666666666668 0.2046875
1 0.2625 0.18125 0.21041666666666667 0.1171875
1 0.075 0.2625 0.15 0.16875