1 0.36041666666666666 0.64375 0.42291666666666666 0.3109375
1 0.6645833333333333 0.778125 0.34791666666666665 0.2609375
1 0.7104166666666667 0.559375 0.37916666666666665 0.2578125
1 0.8395833333333333 0.3546875 0.32083333333333336 0.2828125
1 0.9229166666666667 0.753125 0.15208333333333332 0.26875
1 0.7291666666666666 0.103125 0.3875 0.20625
1 0.625 0.3421875 0.22708333333333333 0.1953125
0 0.43125 0.453125 0.2875 0.1453125
1 0.3875 0.3 0.225 0.1796875
1 0.525 0.171875 0.18125 0.1640625
1 0.39791666666666664 0.0515625 0.25 0.103125
1 0.36666666666666664 0.14375 0.18541666666666667 0.1296875
1 0.17916666666666667 0.1828125 0.33541666666666664 0.2375
1 0.14166666666666666 0.0453125 0.28125 0.090625
1 0.18541666666666667 0.3734375 0.2375 0.15
1 0.052083333333333336 0.4953125 0.10208333333333333 0.240625
1 0.18541666666666667 0.54375 0.20208333333333334 0.2046875