0 0.5104166666666666 0.20859375 0.38333333333333336 0.2515625
0 0.5270833333333333 0.41015625 0.34791666666666665 0.221875
1 0.7635416666666667 0.22109375 0.2708333333333333 0.1984375
1 0.9229166666666667 0.16015625 0.15416666666666667 0.1828125
1 0.209375 0.2265625 0.34791666666666665 0.240625
0 0.25416666666666665 0.09765625 0.25625 0.153125
1 0.22395833333333334 0.03671875 0.24375 0.0734375
1 0.396875 0.03125 0.21458333333333332 0.0625
1 0.603125 0.10078125 0.20208333333333334 0.1375
1 0.7822916666666667 0.38046875 0.3145833333333333 0.234375
1 0.9229166666666667 0.321875 0.15416666666666667 0.203125
1 0.759375 0.5625 0.34791666666666665 0.2125
1 0.44166666666666665 0.60703125 0.35625 0.2828125
1 0.21979166666666666 0.44609375 0.35833333333333334 0.2484375
1 0.74375 0.80546875 0.44583333333333336 0.3390625
1 0.4083333333333333 0.8625 0.45 0.275