0 0.7208333333333333 0.3859375 0.35833333333333334 0.246875
0 0.6291666666666667 0.16875 0.29375 0.2234375
0 0.3958333333333333 0.7921875 0.3729166666666667 0.2515625
0 0.11041666666666666 0.6671875 0.22083333333333333 0.2484375
1 0.4395833333333333 0.5171875 0.43125 0.2890625
1 0.7270833333333333 0.6640625 0.2916666666666667 0.2875
1 0.9270833333333334 0.8171875 0.14583333333333334 0.30625
1 0.91875 0.5078125 0.1625 0.275
1 0.9041666666666667 0.2640625 0.18958333333333333 0.2265625
1 0.8729166666666667 0.084375 0.25416666666666665 0.1671875
1 0.35625 0.16875 0.27708333333333335 0.1890625
1 0.3729166666666667 0.3453125 0.3229166666666667 0.140625
1 0.07916666666666666 0.3984375 0.15625 0.20625
1 0.10208333333333333 0.2109375 0.20208333333333334 0.20625
1 0.22291666666666668 0.0546875 0.3020833333333333 0.1078125