0 0.4864583333333333 0.3140625 0.39791666666666664 0.2984375
1 0.18541666666666667 0.14921875 0.3645833333333333 0.2796875
1 0.20833333333333334 0.3859375 0.35833333333333334 0.2640625
1 0.328125 0.58828125 0.33541666666666664 0.240625
1 0.5875 0.53046875 0.3020833333333333 0.2203125
1 0.840625 0.4484375 0.31875 0.346875
1 0.7885416666666667 0.74296875 0.42291666666666666 0.3484375
1 0.4666666666666667 0.825 0.40208333333333335 0.34375
1 0.16979166666666667 0.78515625 0.30833333333333335 0.334375
1 0.09375 0.540625 0.1875 0.215625
1 0.05 0.153125 0.1 0.25
1 0.4875 0.14609375 0.2833333333333333 0.1609375
1 0.8333333333333334 0.23671875 0.29375 0.196875
1 0.8177083333333334 0.10546875 0.2604166666666667 0.16875
0 0.821875 0.0296875 0.2520833333333333 0.059375
1 0.96875 0.85 0.0625 0.240625