0 0.5072916666666667 0.5421875 0.49583333333333335 0.3859375
0 0.19895833333333332 0.41640625 0.3958333333333333 0.2875
1 0.46041666666666664 0.2671875 0.35208333333333336 0.2484375
1 0.790625 0.4328125 0.38125 0.2859375
1 0.8979166666666667 0.66171875 0.20416666666666666 0.3515625
1 0.6864583333333333 0.71640625 0.37083333333333335 0.25625
1 0.14895833333333333 0.675 0.29791666666666666 0.375
1 0.3458333333333333 0.715625 0.3145833333333333 0.2984375
1 0.80625 0.165625 0.275 0.2
0 0.8395833333333333 0.3078125 0.27708333333333335 0.2015625
1 0.321875 0.19375 0.1875 0.115625
1 0.12916666666666668 0.2640625 0.25833333333333336 0.165625