1 0.425 0.26640625 0.3020833333333333 0.20625
1 0.5635416666666667 0.190625 0.18958333333333333 0.146875
1 0.7541666666666667 0.19921875 0.2375 0.165625
1 0.675 0.32109375 0.20625 0.1375
1 0.878125 0.32421875 0.22916666666666666 0.13125
1 0.8145833333333333 0.4328125 0.24375 0.15625
1 0.55 0.43359375 0.3333333333333333 0.1953125
1 0.440625 0.60078125 0.32708333333333334 0.23125
1 0.7427083333333333 0.5640625 0.25416666666666665 0.1796875
1 0.9302083333333333 0.5359375 0.13958333333333334 0.15
1 0.9083333333333333 0.7 0.18333333333333332 0.1875
1 0.6979166666666666 0.7390625 0.32083333333333336 0.2171875
1 0.39479166666666665 0.846875 0.33958333333333335 0.2984375
1 0.6541666666666667 0.9265625 0.3625 0.146875
1 0.8822916666666667 0.878125 0.23541666666666666 0.221875