0 0.38333333333333336 0.403125 0.23958333333333334 0.2171875
0 0.6708333333333333 0.46875 0.325 0.2078125
0 0.9083333333333333 0.4921875 0.18333333333333332 0.203125
0 0.7625 0.28125 0.2604166666666667 0.2078125
1 0.825 0.690625 0.34791666666666665 0.240625
1 0.6104166666666667 0.7046875 0.1625 0.178125
1 0.37083333333333335 0.6859375 0.275 0.225
1 0.15625 0.646875 0.21458333333333332 0.1953125
1 0.2520833333333333 0.5 0.2 0.1453125
1 0.10208333333333333 0.4375 0.18125 0.140625
1 0.058333333333333334 0.546875 0.11666666666666667 0.1203125
1 0.41041666666666665 0.2453125 0.19375 0.1140625
1 0.5541666666666667 0.3421875 0.14166666666666666 0.1078125
1 0.5895833333333333 0.2359375 0.14791666666666667 0.071875
1 0.5104166666666666 0.109375 0.24583333333333332 0.178125
1 0.6854166666666667 0.134375 0.1125 0.1234375
1 0.9354166666666667 0.3140625 0.12708333333333333 0.1875
1 0.8604166666666667 0.175 0.21875 0.0984375
1 0.3 0.096875 0.17708333333333334 0.09375
1 0.2708333333333333 0.1890625 0.15833333333333333 0.103125
1 0.13958333333333334 0.2765625 0.2625 0.20625