1 0.34791666666666665 0.08515625 0.3541666666666667 0.1703125
1 0.6239583333333333 0.19609375 0.32708333333333334 0.2515625
1 0.90625 0.1484375 0.1875 0.221875
1 0.7302083333333333 0.06875 0.26875 0.1265625
1 0.378125 0.26328125 0.27291666666666664 0.1921875
1 0.14895833333333333 0.2140625 0.2604166666666667 0.2
1 0.22083333333333333 0.39921875 0.38125 0.2640625
1 0.5458333333333333 0.43046875 0.3145833333333333 0.253125
1 0.7802083333333333 0.35625 0.27291666666666664 0.23125
1 0.8541666666666666 0.54453125 0.2916666666666667 0.2515625
1 0.6583333333333333 0.66171875 0.41875 0.2578125
1 0.328125 0.62265625 0.31666666666666665 0.2515625
1 0.10833333333333334 0.5671875 0.21666666666666667 0.2625
1 0.07604166666666666 0.79296875 0.15208333333333332 0.2328125
1 0.26979166666666665 0.859375 0.36666666666666664 0.2734375
1 0.6416666666666667 0.87109375 0.42083333333333334 0.2578125
1 0.8916666666666667 0.80546875 0.18541666666666667 0.2828125