0 0.3958333333333333 0.5171875 0.2604166666666667 0.2203125
0 0.6229166666666667 0.5328125 0.22083333333333333 0.18125
0 0.5041666666666667 0.709375 0.2875 0.1453125
0 0.175 0.571875 0.19375 0.1265625
0 0.04583333333333333 0.7296875 0.09166666666666666 0.209375
0 0.32916666666666666 0.2859375 0.17708333333333334 0.1375
0 0.6791666666666667 0.2796875 0.13333333333333333 0.096875
1 0.86875 0.5875 0.225 0.153125
1 0.8645833333333334 0.48125 0.2125 0.1078125
1 0.88125 0.75 0.23541666666666666 0.184375
1 0.7125 0.834375 0.26666666666666666 0.1828125
1 0.43125 0.9109375 0.32708333333333334 0.178125
1 0.22291666666666668 0.753125 0.29791666666666666 0.2625
1 0.1625 0.4078125 0.2875 0.1609375
1 0.4875 0.3703125 0.2 0.1421875
1 0.7083333333333334 0.4328125 0.15208333333333332 0.109375
1 0.725 0.3578125 0.19375 0.109375
0 0.07291666666666667 0.0828125 0.14375 0.1640625
0 0.0375 0.159375 0.07291666666666667 0.209375
1 0.16666666666666666 0.15 0.14583333333333334 0.121875
1 0.3875 0.215625 0.10625 0.05625
1 0.5604166666666667 0.28125 0.12291666666666666 0.1125
1 0.6020833333333333 0.2171875 0.10833333333333334 0.0703125
1 0.4875 0.19375 0.1 0.090625
1 0.44375 0.1234375 0.11458333333333333 0.071875
1 0.31875 0.1078125 0.11875 0.05
1 0.31875 0.1609375 0.14166666666666666 0.0671875
1 0.7208333333333333 0.625 0.16458333333333333 0.1328125