0 0.18541666666666667 0.6421875 0.37083333333333335 0.3875
0 0.6166666666666667 0.8078125 0.59375 0.384375
0 0.9166666666666666 0.896875 0.16458333333333333 0.2046875
0 0.7729166666666667 0.43125 0.45416666666666666 0.39375
1 0.37083333333333335 0.103125 0.46458333333333335 0.20625
1 0.7104166666666667 0.078125 0.21041666666666667 0.1546875
1 0.6145833333333334 0.24375 0.3020833333333333 0.153125
1 0.44166666666666665 0.471875 0.23541666666666666 0.2578125
1 0.26875 0.2765625 0.30833333333333335 0.2078125
1 0.09791666666666667 0.16875 0.19583333333333333 0.18125
1 0.10416666666666667 0.0484375 0.16666666666666666 0.0953125
1 0.05625 0.325 0.11041666666666666 0.1578125
1 0.15416666666666667 0.434375 0.2916666666666667 0.140625
1 0.17291666666666666 0.9125 0.33541666666666664 0.175
1 0.9041666666666667 0.128125 0.18958333333333333 0.2328125