0 0.7625 0.3171875 0.23958333333333334 0.190625
0 0.13541666666666666 0.909375 0.25833333333333336 0.18125
1 0.359375 0.175 0.20208333333333334 0.171875
1 0.5645833333333333 0.15859375 0.20416666666666666 0.196875
1 0.7833333333333333 0.14921875 0.24166666666666667 0.2125
1 0.29375 0.33828125 0.24166666666666667 0.159375
1 0.5239583333333333 0.2921875 0.2604166666666667 0.18125
1 0.390625 0.46875 0.2708333333333333 0.190625
1 0.6739583333333333 0.47265625 0.34791666666666665 0.2375
1 0.68125 0.67890625 0.375 0.215625
1 0.296875 0.63046875 0.3229166666666667 0.165625
1 0.09791666666666667 0.70390625 0.18958333333333333 0.2625
1 0.384375 0.8203125 0.4625 0.2671875