1 0.49166666666666664 0.2078125 0.3958333333333333 0.275
1 0.7875 0.2953125 0.325 0.2515625
1 0.5604166666666667 0.496875 0.30416666666666664 0.228125
1 0.8583333333333333 0.51875 0.2833333333333333 0.253125
1 0.8375 0.771875 0.3229166666666667 0.328125
1 0.5145833333333333 0.7515625 0.33541666666666664 0.2984375
1 0.20625 0.659375 0.32708333333333334 0.2515625
1 0.28958333333333336 0.428125 0.35625 0.278125
1 0.19166666666666668 0.2609375 0.22083333333333333 0.146875
1 0.07083333333333333 0.4078125 0.13958333333333334 0.153125
1 0.3020833333333333 0.084375 0.32083333333333336 0.1671875
1 0.8291666666666667 0.078125 0.3416666666666667 0.1546875
1 0.9125 0.2265625 0.17291666666666666 0.24375