0 0.653125 0.73671875 0.36666666666666664 0.3015625
0 0.33958333333333335 0.58125 0.375 0.284375
0 0.5625 0.4109375 0.3729166666666667 0.246875
0 0.4083333333333333 0.22578125 0.29791666666666666 0.2296875
1 0.8375 0.084375 0.325 0.15
1 0.6864583333333333 0.2265625 0.33125 0.2546875
1 0.9114583333333334 0.23671875 0.17708333333333334 0.2171875
1 0.9052083333333333 0.4640625 0.18958333333333333 0.259375
0 0.32083333333333336 0.8546875 0.4166666666666667 0.290625
1 0.4895833333333333 0.075 0.3458333333333333 0.15
1 0.9083333333333333 0.8609375 0.14166666666666666 0.278125