1 0.5416666666666666 0.1515625 0.24375 0.1765625
1 0.6958333333333333 0.2828125 0.22916666666666666 0.1734375
1 0.7604166666666666 0.4140625 0.3458333333333333 0.140625
1 0.7625 0.5921875 0.2375 0.1828125
1 0.6083333333333333 0.7078125 0.2520833333333333 0.1609375
1 0.7458333333333333 0.8609375 0.26458333333333334 0.2015625
1 0.475 0.8828125 0.275 0.165625
1 0.3458333333333333 0.703125 0.26875 0.1890625
1 0.20625 0.8890625 0.24375 0.2171875
1 0.05416666666666667 0.8578125 0.10833333333333334 0.1890625
1 0.10833333333333334 0.6703125 0.21458333333333332 0.196875
1 0.25625 0.54375 0.2791666666666667 0.1703125
1 0.50625 0.528125 0.25 0.2
1 0.4666666666666667 0.3734375 0.22916666666666666 0.1578125
1 0.27708333333333335 0.3828125 0.2 0.1578125
1 0.09583333333333334 0.4828125 0.18958333333333333 0.18125
1 0.08958333333333333 0.334375 0.17916666666666667 0.11875
1 0.37916666666666665 0.2390625 0.23541666666666666 0.159375
1 0.21875 0.225 0.23125 0.1640625
1 0.07083333333333333 0.23125 0.125 0.1328125
1 0.05416666666666667 0.1375 0.10833333333333334 0.1
1 0.17083333333333334 0.140625 0.19791666666666666 0.0828125