0 0.7510416666666667 0.4296875 0.4270833333333333 0.3046875
0 0.7322916666666667 0.20234375 0.35625 0.2703125
0 0.30416666666666664 0.76484375 0.44375 0.3125
0 0.10729166666666666 0.590625 0.21458333333333332 0.28125
1 0.4354166666666667 0.50546875 0.5125 0.359375
1 0.6677083333333333 0.70078125 0.375 0.33125
1 0.8114583333333333 0.86171875 0.23958333333333334 0.2765625
1 0.890625 0.5828125 0.21875 0.296875
1 0.9197916666666667 0.34453125 0.16041666666666668 0.2546875
1 0.9229166666666667 0.16328125 0.15416666666666667 0.2078125
1 0.46770833333333334 0.15234375 0.32916666666666666 0.234375
1 0.4270833333333333 0.3265625 0.35833333333333334 0.1953125
1 0.12395833333333334 0.325 0.21875 0.228125
1 0.20729166666666668 0.14765625 0.2625 0.2375
1 0.37395833333333334 0.0484375 0.32708333333333334 0.096875