1 0.47291666666666665 0.2640625 0.3729166666666667 0.2390625
1 0.7 0.2578125 0.13958333333333334 0.1625
1 0.84375 0.371875 0.3125 0.278125
1 0.8020833333333334 0.603125 0.2875 0.23125
1 0.5833333333333334 0.4484375 0.29583333333333334 0.1703125
1 0.5375 0.6609375 0.32083333333333336 0.23125
1 0.7395833333333334 0.8890625 0.32916666666666666 0.2203125
1 0.23333333333333334 0.59375 0.33125 0.19375
1 0.3229166666666667 0.409375 0.22291666666666668 0.2265625
1 0.1625 0.8015625 0.3229166666666667 0.259375
1 0.4270833333333333 0.8546875 0.3 0.28125
1 0.9291666666666667 0.1171875 0.14166666666666666 0.221875