1 0.5375 0.58125 0.23541666666666666 0.1640625
0 0.61875 0.7703125 0.21875 0.215625
0 0.8208333333333333 0.490625 0.20625 0.128125
0 0.2708333333333333 0.9234375 0.30625 0.1515625
0 0.86875 0.196875 0.18333333333333332 0.0765625
0 0.7958333333333333 0.25625 0.14166666666666666 0.08125
0 0.9229166666666667 0.2640625 0.12708333333333333 0.0703125
0 0.7625 0.34375 0.14791666666666667 0.1328125
0 0.8875 0.3671875 0.22291666666666668 0.1765625
1 0.8645833333333334 0.690625 0.26875 0.190625
1 0.6979166666666666 0.56875 0.15 0.165625
1 0.35208333333333336 0.7375 0.25416666666666665 0.18125
1 0.13541666666666666 0.6328125 0.225 0.1890625
1 0.2875 0.4890625 0.21041666666666667 0.1171875
1 0.08958333333333333 0.4953125 0.17916666666666667 0.128125
1 0.22291666666666668 0.4046875 0.16041666666666668 0.059375
1 0.40208333333333335 0.403125 0.17083333333333334 0.134375
1 0.5458333333333333 0.3859375 0.15833333333333333 0.115625
1 0.45 0.25625 0.1125 0.0984375
1 0.5645833333333333 0.3109375 0.1375 0.071875
1 0.60625 0.2453125 0.14791666666666667 0.0921875
1 0.9125 0.915625 0.17291666666666666 0.153125
1 0.04583333333333333 0.7734375 0.09166666666666666 0.184375