0 0.44479166666666664 0.53515625 0.3416666666666667 0.2609375
1 0.7125 0.4046875 0.32916666666666666 0.225
1 0.9364583333333333 0.41171875 0.12708333333333333 0.2453125
1 0.8416666666666667 0.18515625 0.31666666666666665 0.2453125
1 0.471875 0.29609375 0.2916666666666667 0.2078125
1 0.2635416666666667 0.378125 0.3333333333333333 0.215625
1 0.13125 0.55390625 0.2625 0.2390625
1 0.27708333333333335 0.7609375 0.375 0.29375
1 0.6947916666666667 0.8546875 0.4270833333333333 0.290625
1 0.90625 0.94765625 0.16666666666666666 0.1046875
1 0.33125 0.93203125 0.3229166666666667 0.1359375
1 0.1 0.88984375 0.2 0.2109375