1 0.79375 0.5921875 0.3125 0.23125
1 0.46458333333333335 0.55625 0.2916666666666667 0.2171875
1 0.48541666666666666 0.3609375 0.28541666666666665 0.171875
1 0.7604166666666666 0.4140625 0.26458333333333334 0.1859375
1 0.8770833333333333 0.3125 0.16666666666666666 0.121875
1 0.9395833333333333 0.4640625 0.12083333333333333 0.2203125
0 0.8979166666666667 0.8453125 0.20208333333333334 0.2640625
1 0.6875 0.7953125 0.24375 0.1984375
1 0.4979166666666667 0.746875 0.175 0.1953125
1 0.27708333333333335 0.75 0.4166666666666667 0.3046875
1 0.16041666666666668 0.4921875 0.2604166666666667 0.140625
1 0.08958333333333333 0.6359375 0.17916666666666667 0.1765625
1 0.2791666666666667 0.3796875 0.175 0.115625
1 0.3416666666666667 0.253125 0.14166666666666666 0.1171875
1 0.55625 0.1703125 0.16666666666666666 0.128125
1 0.7833333333333333 0.2 0.2375 0.153125
1 0.6916666666666667 0.2921875 0.21875 0.14375
1 0.4166666666666667 0.0546875 0.2 0.109375
1 0.43125 0.15625 0.15208333333333332 0.103125
1 0.3333333333333333 0.1421875 0.12916666666666668 0.09375
1 0.24583333333333332 0.209375 0.175 0.1078125
1 0.18541666666666667 0.290625 0.1625 0.084375
1 0.06041666666666667 0.3078125 0.12083333333333333 0.0875
1 0.10833333333333334 0.384375 0.17708333333333334 0.08125
1 0.03125 0.496875 0.06041666666666667 0.1296875