1 0.10208333333333333 0.053125 0.20208333333333334 0.1
1 0.3375 0.1171875 0.24583333333333332 0.146875
1 0.7645833333333333 0.04375 0.23125 0.0859375
0 0.8729166666666667 0.13125 0.19375 0.1484375
0 0.65625 0.3171875 0.27291666666666664 0.2046875
0 0.5583333333333333 0.471875 0.31875 0.2046875
0 0.84375 0.596875 0.3104166666666667 0.2953125
0 0.22291666666666668 0.2734375 0.38333333333333336 0.2078125
0 0.21041666666666667 0.4484375 0.39166666666666666 0.25
0 0.125 0.1484375 0.25 0.15
1 0.44583333333333336 0.2390625 0.22291666666666668 0.1609375
1 0.5291666666666667 0.7 0.375 0.259375
1 0.8458333333333333 0.39375 0.21041666666666667 0.1703125
0 0.7833333333333333 0.246875 0.2 0.1328125
1 0.5479166666666667 0.1609375 0.19791666666666666 0.1515625
0 0.60625 0.040625 0.15 0.08125
0 0.9375 0.246875 0.125 0.128125