0 0.7583333333333333 0.7875 0.4666666666666667 0.315625
0 0.17083333333333334 0.8515625 0.33958333333333335 0.2734375
0 0.2125 0.4859375 0.2604166666666667 0.1453125
0 0.14583333333333334 0.371875 0.10208333333333333 0.0984375
1 0.20416666666666666 0.2921875 0.1875 0.1484375
1 0.5770833333333333 0.41875 0.3125 0.2
1 0.32083333333333336 0.6453125 0.33958333333333335 0.25
1 0.7625 0.5375 0.21458333333333332 0.184375
1 0.5708333333333333 0.6 0.2 0.146875
1 0.9375 0.453125 0.12291666666666666 0.2265625
1 0.9458333333333333 0.66875 0.10625 0.2375
0 0.48541666666666666 0.8453125 0.25416666666666665 0.221875
1 0.06041666666666667 0.4 0.11875 0.2265625
1 0.06666666666666667 0.6078125 0.13333333333333333 0.178125
1 0.35 0.3671875 0.15833333333333333 0.15
1 0.5333333333333333 0.2640625 0.2 0.1078125
1 0.7729166666666667 0.3265625 0.30625 0.2
1 0.8958333333333334 0.1375 0.20625 0.2546875
1 0.61875 0.121875 0.21041666666666667 0.1703125
1 0.33958333333333335 0.18125 0.23958333333333334 0.1625
1 0.21666666666666667 0.1046875 0.1875 0.1109375
0 0.12291666666666666 0.209375 0.12916666666666668 0.0875
0 0.43333333333333335 0.0671875 0.225 0.134375