1 0.4708333333333333 0.415625 0.5416666666666666 0.371875
0 0.7739583333333333 0.63984375 0.44583333333333336 0.30625
1 0.16770833333333332 0.47890625 0.33541666666666664 0.3484375
1 0.13229166666666667 0.790625 0.26458333333333334 0.3375
1 0.2375 0.70546875 0.2375 0.215625
1 0.4739583333333333 0.66640625 0.34791666666666665 0.2140625
1 0.8125 0.3515625 0.2708333333333333 0.2390625
1 0.9239583333333333 0.49609375 0.15208333333333332 0.1828125
1 0.7708333333333334 0.4921875 0.21458333333333332 0.11875
1 0.31354166666666666 0.2046875 0.4270833333333333 0.2828125
1 0.6458333333333334 0.159375 0.39791666666666664 0.2921875
1 0.8833333333333333 0.165625 0.23333333333333334 0.1875
1 0.9447916666666667 0.31640625 0.11041666666666666 0.1890625
1 0.971875 0.1890625 0.05625 0.16875
1 0.184375 0.06875 0.16875 0.1375
1 0.37916666666666665 0.06953125 0.3 0.1390625
1 0.109375 0.21875 0.14166666666666666 0.2484375
1 0.6489583333333333 0.04375 0.28541666666666665 0.0875