0 0.6625 0.2671875 0.39166666666666666 0.328125
0 0.6208333333333333 0.58125 0.4979166666666667 0.3109375
0 0.9041666666666667 0.578125 0.18958333333333333 0.2875
0 0.17708333333333334 0.5140625 0.3541666666666667 0.3203125
1 0.24166666666666667 0.078125 0.425 0.1546875
1 0.725 0.065625 0.28125 0.1296875
1 0.4395833333333333 0.18125 0.23125 0.140625
1 0.175 0.2296875 0.29375 0.1890625
1 0.38333333333333336 0.35625 0.25 0.19375
1 0.9145833333333333 0.2875 0.16875 0.2625
1 0.9208333333333333 0.1296875 0.15833333333333333 0.103125
1 0.9291666666666667 0.0484375 0.13958333333333334 0.096875
1 0.8208333333333333 0.853125 0.35625 0.2921875
1 0.575 0.8171875 0.20416666666666666 0.18125
1 0.3020833333333333 0.859375 0.39791666666666664 0.2796875
1 0.07708333333333334 0.8609375 0.15208333333333332 0.246875
1 0.10208333333333333 0.3671875 0.20416666666666666 0.0765625