0 0.325 0.865625 0.5083333333333333 0.26875
0 0.21458333333333332 0.52578125 0.3770833333333333 0.275
1 0.8135416666666667 0.82265625 0.3229166666666667 0.3546875
1 0.5166666666666667 0.715625 0.5104166666666666 0.353125
1 0.709375 0.50390625 0.39166666666666666 0.25625
1 0.6416666666666667 0.31640625 0.33541666666666664 0.203125
1 0.5822916666666667 0.21484375 0.25 0.1453125
1 0.6145833333333334 0.0953125 0.3104166666666667 0.1765625
1 0.4 0.0875 0.20833333333333334 0.13125
1 0.21458333333333332 0.08828125 0.2833333333333333 0.1671875
1 0.41458333333333336 0.18984375 0.18958333333333333 0.1078125
1 0.25833333333333336 0.25859375 0.35625 0.2546875
1 0.4479166666666667 0.4859375 0.21666666666666667 0.2015625
1 0.44375 0.3203125 0.13125 0.1484375
1 0.065625 0.809375 0.13125 0.3125
1 0.209375 0.7234375 0.25833333333333336 0.1609375
1 0.659375 0.940625 0.27708333333333335 0.11875