1 0.28125 0.2296875 0.22916666666666666 0.146875
1 0.6010416666666667 0.1640625 0.225 0.1703125
1 0.7604166666666666 0.275 0.20208333333333334 0.140625
1 0.8520833333333333 0.3671875 0.24166666666666667 0.1796875
1 0.5104166666666666 0.3640625 0.22708333333333333 0.1609375
1 0.675 0.4046875 0.16458333333333333 0.1234375
1 0.7302083333333333 0.53984375 0.26666666666666666 0.1890625
1 0.9072916666666667 0.5203125 0.18541666666666667 0.225
1 0.9260416666666667 0.71171875 0.14791666666666667 0.2171875
1 0.8677083333333333 0.83671875 0.26458333333333334 0.2515625
1 0.6020833333333333 0.6640625 0.29583333333333334 0.2546875
1 0.4083333333333333 0.640625 0.21875 0.2046875
1 0.5166666666666667 0.49765625 0.20625 0.14375
1 0.340625 0.4921875 0.2 0.1453125
1 0.3145833333333333 0.36484375 0.21666666666666667 0.15625
1 0.17083333333333334 0.47890625 0.24791666666666667 0.15625
1 0.1125 0.5890625 0.22083333333333333 0.153125
1 0.23645833333333333 0.60625 0.22083333333333333 0.1703125
1 0.15729166666666666 0.72578125 0.2 0.15
1 0.3020833333333333 0.7421875 0.225 0.153125
1 0.4708333333333333 0.77421875 0.18541666666666667 0.134375
1 0.6260416666666667 0.809375 0.25833333333333336 0.1734375
1 0.21666666666666667 0.8453125 0.1625 0.1671875
1 0.365625 0.87578125 0.22083333333333333 0.2078125
1 0.54375 0.90703125 0.20833333333333334 0.1859375
1 0.05520833333333333 0.37890625 0.11041666666666666 0.1484375
1 0.19791666666666666 0.3421875 0.14375 0.128125
1 0.44895833333333335 0.18515625 0.1625 0.1015625
1 0.46145833333333336 0.26015625 0.17708333333333334 0.096875
1 0.684375 0.096875 0.18541666666666667 0.159375
1 0.73125 0.0375 0.175 0.075
1 0.5739583333333333 0.03515625 0.18125 0.0703125