0 0.6739583333333333 0.88984375 0.48541666666666666 0.2203125
0 0.40729166666666666 0.34609375 0.17291666666666666 0.109375
0 0.928125 0.41953125 0.14375 0.1421875
1 0.884375 0.56640625 0.23125 0.1765625
1 0.8229166666666666 0.71953125 0.3416666666666667 0.2171875
1 0.6385416666666667 0.56171875 0.3 0.2078125
1 0.4083333333333333 0.72421875 0.375 0.2546875
1 0.20520833333333333 0.60625 0.24791666666666667 0.1890625
1 0.40520833333333334 0.52109375 0.21875 0.1625
1 0.546875 0.30546875 0.19166666666666668 0.128125
1 0.21666666666666667 0.3265625 0.25416666666666665 0.15625
1 0.2989583333333333 0.42578125 0.1875 0.0984375
1 0.11979166666666667 0.48671875 0.23958333333333334 0.1484375
0 0.51875 0.41953125 0.20625 0.10625
1 0.7229166666666667 0.32421875 0.19791666666666666 0.065625
0 0.7541666666666667 0.415625 0.24166666666666667 0.1484375
0 0.16979166666666667 0.16640625 0.24375 0.1609375
1 0.06666666666666667 0.23203125 0.11666666666666667 0.1921875
0 0.084375 0.071875 0.13333333333333333 0.121875