0 0.12708333333333333 0.58125 0.25416666666666665 0.228125
0 0.8604166666666667 0.39375 0.24166666666666667 0.1421875
0 0.875 0.53125 0.24791666666666667 0.2078125
0 0.8375 0.7515625 0.325 0.2765625
0 0.6541666666666667 0.846875 0.3104166666666667 0.25
1 0.35208333333333336 0.73125 0.39791666666666664 0.2875
1 0.24791666666666667 0.5265625 0.23125 0.1484375
1 0.1875 0.4390625 0.23958333333333334 0.084375
1 0.4354166666666667 0.4734375 0.2520833333333333 0.1484375
1 0.6291666666666667 0.425 0.19791666666666666 0.159375
0 0.5666666666666667 0.2921875 0.17916666666666667 0.128125
1 0.7458333333333333 0.3109375 0.17083333333333334 0.0921875
1 0.3958333333333333 0.34375 0.17916666666666667 0.078125
1 0.22708333333333333 0.3671875 0.17916666666666667 0.0921875
1 0.07708333333333334 0.3109375 0.15208333333333332 0.153125
0 0.19583333333333333 0.2734375 0.125 0.075
1 0.3416666666666667 0.2734375 0.1875 0.0828125
1 0.46875 0.203125 0.14791666666666667 0.1
1 0.63125 0.23125 0.12916666666666668 0.0734375
1 0.18958333333333333 0.2140625 0.17083333333333334 0.075
1 0.35625 0.1953125 0.125 0.078125
0 0.58125 0.16875 0.1 0.071875
1 0.2375 0.925 0.38958333333333334 0.15