0 0.5791666666666667 0.5546875 0.4791666666666667 0.2828125
0 0.21041666666666667 0.4671875 0.3625 0.2421875
0 0.39166666666666666 0.215625 0.2916666666666667 0.2515625
0 0.7270833333333333 0.2890625 0.30625 0.25625
0 0.06875 0.3359375 0.13541666666666666 0.1890625
1 0.3229166666666667 0.746875 0.40625 0.3
1 0.88125 0.7625 0.23541666666666666 0.2484375
1 0.6229166666666667 0.7453125 0.23541666666666666 0.16875
1 0.9541666666666667 0.2921875 0.09166666666666666 0.2109375
1 0.8833333333333333 0.1703125 0.23333333333333334 0.140625
1 0.9375 0.0828125 0.125 0.165625
1 0.7020833333333333 0.0671875 0.28125 0.134375
1 0.22291666666666668 0.05 0.3104166666666667 0.1
1 0.47291666666666665 0.0453125 0.2125 0.090625
1 0.14583333333333334 0.1375 0.2520833333333333 0.15625
1 0.2 0.2671875 0.1375 0.140625