0 0.10625 0.5171875 0.21041666666666667 0.1984375
0 0.6479166666666667 0.340625 0.21666666666666667 0.16875
0 0.7270833333333333 0.5109375 0.28125 0.1875
0 0.14791666666666667 0.78125 0.27291666666666664 0.240625
0 0.475 0.8859375 0.3458333333333333 0.228125
0 0.4270833333333333 0.478125 0.28125 0.1359375
0 0.8479166666666667 0.2765625 0.22708333333333333 0.134375
1 0.16458333333333333 0.36875 0.23333333333333334 0.1546875
1 0.06458333333333334 0.2234375 0.12916666666666668 0.1421875
0 0.28125 0.1984375 0.24583333333333332 0.115625
0 0.4041666666666667 0.3359375 0.2520833333333333 0.18125
0 0.8958333333333334 0.415625 0.20833333333333334 0.1484375
1 0.9166666666666666 0.6296875 0.16666666666666666 0.2359375
1 0.55625 0.653125 0.3458333333333333 0.234375
1 0.76875 0.7578125 0.2375 0.271875
1 0.9375 0.8625 0.12291666666666666 0.225