1 0.259375 0.1703125 0.26875 0.1671875
1 0.365625 0.065625 0.2375 0.1296875
1 0.46979166666666666 0.1703125 0.21875 0.178125
1 0.5791666666666667 0.0890625 0.18958333333333333 0.15625
1 0.8052083333333333 0.0734375 0.23541666666666666 0.146875
1 0.709375 0.159375 0.22083333333333333 0.128125
1 0.6145833333333334 0.23671875 0.25625 0.1578125
1 0.80625 0.2609375 0.1875 0.1546875
1 0.7041666666666667 0.36796875 0.23125 0.178125
1 0.50625 0.33203125 0.2375 0.1828125
1 0.275 0.28515625 0.29375 0.2109375
0 0.3416666666666667 0.4296875 0.31875 0.215625
1 0.190625 0.565625 0.3416666666666667 0.2171875
1 0.45208333333333334 0.58046875 0.28125 0.190625
1 0.6270833333333333 0.48359375 0.28958333333333336 0.2078125
1 0.8760416666666667 0.45234375 0.22083333333333333 0.171875
1 0.6083333333333333 0.7171875 0.48333333333333334 0.325
1 0.2760416666666667 0.7859375 0.3145833333333333 0.25625
1 0.5395833333333333 0.8984375 0.3125 0.203125
0 0.2791666666666667 0.953125 0.37083333333333335 0.09375
1 0.053125 0.43671875 0.10625 0.2234375