0 0.7833333333333333 0.35 0.40625 0.2765625
0 0.24166666666666667 0.3765625 0.4083333333333333 0.240625
0 0.8354166666666667 0.5921875 0.32916666666666666 0.2515625
0 0.5895833333333333 0.775 0.45625 0.3234375
0 0.8875 0.8359375 0.22291666666666668 0.2609375
0 0.5270833333333333 0.5234375 0.3625 0.2140625
1 0.225 0.61875 0.3625 0.2125
1 0.19791666666666666 0.859375 0.3958333333333333 0.28125
1 0.31875 0.246875 0.29791666666666666 0.1765625
1 0.49375 0.35625 0.25625 0.1546875
1 0.33125 0.1296875 0.17083333333333334 0.146875
1 0.4979166666666667 0.1328125 0.22291666666666668 0.134375
1 0.61875 0.21875 0.275 0.1609375
1 0.8104166666666667 0.1484375 0.28125 0.115625