0 0.31666666666666665 0.2984375 0.45 0.2984375
0 0.5760416666666667 0.1296875 0.41458333333333336 0.259375
0 0.32083333333333336 0.54296875 0.36875 0.28125
0 0.628125 0.86171875 0.39375 0.2765625
0 0.8760416666666667 0.83359375 0.1375 0.16875
1 0.8729166666666667 0.64140625 0.25416666666666665 0.275
1 0.9239583333333333 0.42109375 0.15208333333333332 0.2359375
1 0.6895833333333333 0.36015625 0.4395833333333333 0.321875
1 0.6260416666666667 0.60234375 0.4375 0.284375
1 0.2520833333333333 0.8078125 0.5041666666666667 0.378125
1 0.8739583333333333 0.18046875 0.2520833333333333 0.2953125