0 0.3 0.45859375 0.31875 0.2046875
0 0.5177083333333333 0.59296875 0.34791666666666665 0.2453125
1 0.7541666666666667 0.42734375 0.49166666666666664 0.3734375
1 0.7614583333333333 0.7359375 0.47708333333333336 0.44375
1 0.35 0.8328125 0.575 0.334375
1 0.203125 0.6234375 0.30833333333333335 0.1875
1 0.1 0.4390625 0.2 0.28125
1 0.07291666666666667 0.2359375 0.14583333333333334 0.20625
1 0.271875 0.26015625 0.34791666666666665 0.26875
1 0.5875 0.196875 0.23958333333333334 0.1828125
1 0.5489583333333333 0.35546875 0.2791666666666667 0.19375
1 0.09791666666666667 0.15 0.19583333333333333 0.1375