1 0.43645833333333334 0.10625 0.36875 0.2125
1 0.671875 0.24375 0.3145833333333333 0.225
1 0.7979166666666667 0.12265625 0.29583333333333334 0.1515625
1 0.896875 0.2359375 0.20625 0.2125
1 0.9395833333333333 0.3921875 0.12083333333333333 0.1875
1 0.803125 0.4203125 0.3229166666666667 0.2265625
1 0.5875 0.46796875 0.3541666666666667 0.2515625
1 0.8552083333333333 0.6015625 0.28958333333333336 0.24375
1 0.675 0.6796875 0.38958333333333334 0.2734375
1 0.35104166666666664 0.6421875 0.3416666666666667 0.2390625
1 0.2833333333333333 0.3859375 0.3854166666666667 0.26875
1 0.134375 0.54453125 0.26875 0.2640625
1 0.07916666666666666 0.7734375 0.15833333333333333 0.24375
1 0.2552083333333333 0.853125 0.3854166666666667 0.2828125
1 0.6333333333333333 0.878125 0.45416666666666666 0.24375
1 0.18020833333333333 0.0796875 0.23541666666666666 0.159375
1 0.19166666666666668 0.22421875 0.3145833333333333 0.1859375