0 0.675 0.7875 0.5583333333333333 0.425
1 0.265625 0.64765625 0.53125 0.3984375
1 0.5625 0.4671875 0.4270833333333333 0.2765625
1 0.8385416666666666 0.51328125 0.3229166666666667 0.3578125
1 0.9583333333333334 0.7765625 0.08333333333333333 0.2875
1 0.7135416666666666 0.2375 0.44583333333333336 0.3484375
1 0.7395833333333334 0.0625 0.275 0.125
1 0.49375 0.1234375 0.39166666666666666 0.246875
1 0.36041666666666666 0.30078125 0.40625 0.28125
1 0.18958333333333333 0.4640625 0.37916666666666665 0.209375
1 0.09270833333333334 0.35859375 0.18541666666666667 0.2078125
1 0.19166666666666668 0.19296875 0.38333333333333336 0.2359375
0 0.296875 0.06484375 0.22291666666666668 0.1140625