0 0.16354166666666667 0.84140625 0.30625 0.2875
0 0.459375 0.78828125 0.30833333333333335 0.1984375
0 0.49583333333333335 0.6328125 0.23541666666666666 0.1734375
0 0.7385416666666667 0.4828125 0.25625 0.19375
0 0.5229166666666667 0.31953125 0.21666666666666667 0.153125
0 0.3770833333333333 0.2265625 0.275 0.16875
1 0.5822916666666667 0.08125 0.26458333333333334 0.159375
1 0.3104166666666667 0.075 0.24583333333333332 0.15
0 0.615625 0.203125 0.21041666666666667 0.1125
1 0.5125 0.465625 0.22708333333333333 0.1609375
1 0.29375 0.36015625 0.24375 0.14375
1 0.2791666666666667 0.50390625 0.26458333333333334 0.159375
1 0.253125 0.653125 0.25416666666666665 0.1578125
1 0.7416666666666667 0.646875 0.27291666666666664 0.1734375
1 0.796875 0.790625 0.38125 0.1984375
1 0.7302083333333333 0.3109375 0.24375 0.1640625