0 0.509375 0.5296875 0.2916666666666667 0.190625
0 0.9135416666666667 0.59375 0.17291666666666666 0.15625
1 0.76875 0.63046875 0.23333333333333334 0.1703125
1 0.5479166666666667 0.67578125 0.25416666666666665 0.109375
1 0.35833333333333334 0.68515625 0.16875 0.159375
1 0.3958333333333333 0.87734375 0.2 0.2453125
1 0.6375 0.8546875 0.41458333333333336 0.2765625
1 0.896875 0.80546875 0.20625 0.2484375
1 0.8552083333333333 0.434375 0.18541666666666667 0.1359375
1 0.68125 0.3984375 0.14583333333333334 0.121875
1 0.5489583333333333 0.4265625 0.20208333333333334 0.0609375
1 0.3416666666666667 0.49453125 0.16875 0.1765625
1 0.33229166666666665 0.3890625 0.1625 0.075
1 0.56875 0.3296875 0.11666666666666667 0.078125
1 0.5333333333333333 0.23359375 0.16458333333333333 0.1109375
1 0.37083333333333335 0.24375 0.17916666666666667 0.1109375
1 0.3104166666666667 0.321875 0.125 0.0578125
1 0.4552083333333333 0.35390625 0.12291666666666666 0.1015625
1 0.7447916666666666 0.3375 0.12916666666666668 0.075
1 0.696875 0.28515625 0.09791666666666667 0.046875
1 0.8208333333333333 0.30546875 0.09583333333333334 0.071875
1 0.9364583333333333 0.37109375 0.12083333333333333 0.0796875