1 0.25416666666666665 0.45625 0.275 0.165625
1 0.43125 0.621875 0.28958333333333336 0.259375
1 0.15 0.7796875 0.3 0.284375
1 0.4270833333333333 0.878125 0.3458333333333333 0.2421875
1 0.6895833333333333 0.759375 0.28958333333333336 0.2265625
1 0.7208333333333333 0.940625 0.25833333333333336 0.1171875
1 0.8958333333333334 0.853125 0.20833333333333334 0.2515625
1 0.725 0.5890625 0.3 0.228125
1 0.575 0.421875 0.28958333333333336 0.146875
1 0.41458333333333336 0.2796875 0.25416666666666665 0.190625
1 0.175 0.175 0.2875 0.221875
1 0.10625 0.3234375 0.21041666666666667 0.21875
1 0.08958333333333333 0.5390625 0.17708333333333334 0.209375