1 0.5291666666666667 0.571875 0.34375 0.2546875
0 0.740625 0.55234375 0.30833333333333335 0.2390625
1 0.9135416666666667 0.51484375 0.17291666666666666 0.1796875
1 0.43645833333333334 0.403125 0.19375 0.125
1 0.5625 0.365625 0.18125 0.1078125
1 0.7375 0.353125 0.21875 0.1359375
1 0.6333333333333333 0.4375 0.19791666666666666 0.1109375
1 0.48541666666666666 0.471875 0.20833333333333334 0.09375
1 0.390625 0.33828125 0.17291666666666666 0.0921875
0 0.365625 0.275 0.20208333333333334 0.115625
1 0.30104166666666665 0.2109375 0.17083333333333334 0.1171875
1 0.540625 0.26171875 0.16041666666666668 0.08125
1 0.51875 0.31796875 0.16875 0.0921875
1 0.64375 0.28515625 0.175 0.1015625
0 0.49583333333333335 0.1984375 0.2125 0.1296875