1 0.4197916666666667 0.1375 0.28958333333333336 0.1828125
1 0.20208333333333334 0.1953125 0.35625 0.2265625
1 0.346875 0.38125 0.2916666666666667 0.209375
1 0.5625 0.37578125 0.24166666666666667 0.1859375
1 0.6854166666666667 0.50546875 0.2708333333333333 0.2015625
1 0.46770833333333334 0.553125 0.28125 0.221875
1 0.19895833333333332 0.61171875 0.39791666666666664 0.2390625
1 0.409375 0.79609375 0.44583333333333336 0.3890625
1 0.846875 0.71875 0.30625 0.29375
1 0.621875 0.72734375 0.2625 0.2390625
1 0.17916666666666667 0.87265625 0.2875 0.2546875
0 0.115625 0.4046875 0.23125 0.29375
1 0.05416666666666667 0.2234375 0.10833333333333334 0.153125
1 0.7520833333333333 0.23828125 0.25625 0.1984375
1 0.7520833333333333 0.3859375 0.2520833333333333 0.1578125
0 0.6645833333333333 0.10859375 0.24583333333333332 0.15625
0 0.60625 0.0234375 0.14166666666666666 0.046875
1 0.496875 0.05859375 0.15208333333333332 0.0984375
1 0.821875 0.09453125 0.16666666666666666 0.1171875
1 0.8510416666666667 0.03671875 0.13958333333333334 0.0734375
1 0.7322916666666667 0.02578125 0.11458333333333333 0.0515625
1 0.93125 0.5421875 0.1375 0.209375
1 0.9083333333333333 0.3953125 0.175 0.1328125
1 0.9135416666666667 0.26484375 0.13125 0.153125
1 0.34375 0.0453125 0.16875 0.08125
1 0.42916666666666664 0.26171875 0.20208333333333334 0.13125
1 0.5739583333333333 0.28359375 0.1375 0.0984375
1 0.8875 0.16953125 0.1375 0.09375