1 0.4 0.1671875 0.2708333333333333 0.1828125
1 0.3385416666666667 0.290625 0.2520833333333333 0.1625
1 0.28541666666666665 0.403125 0.24375 0.16875
1 0.19479166666666667 0.54375 0.29791666666666666 0.2015625
1 0.14791666666666667 0.7375 0.29583333333333334 0.246875
1 0.403125 0.7453125 0.29583333333333334 0.2578125
1 0.45208333333333334 0.54296875 0.2708333333333333 0.1796875
1 0.5177083333333333 0.39140625 0.23958333333333334 0.175
1 0.6270833333333333 0.27734375 0.25 0.184375
1 0.7822916666666667 0.14375 0.25833333333333336 0.1671875
1 0.86875 0.27421875 0.23333333333333334 0.1796875
1 0.734375 0.46953125 0.28541666666666665 0.209375
1 0.6677083333333333 0.6359375 0.29791666666666666 0.221875
1 0.6385416666666667 0.8546875 0.31875 0.271875
1 0.853125 0.88828125 0.21458333333333332 0.2234375
1 0.8947916666666667 0.70546875 0.18125 0.1921875
1 0.9020833333333333 0.5328125 0.19583333333333333 0.18125
1 0.9052083333333333 0.4078125 0.18958333333333333 0.146875
1 0.9583333333333334 0.20546875 0.08333333333333333 0.1171875
1 0.9104166666666667 0.08984375 0.17916666666666667 0.1296875