0 0.8104166666666667 0.8453125 0.37916666666666665 0.3078125
0 0.16875 0.2453125 0.30833333333333335 0.2109375
1 0.36875 0.209375 0.19166666666666668 0.18125
1 0.6125 0.234375 0.29583333333333334 0.159375
1 0.6770833333333334 0.390625 0.2833333333333333 0.1703125
1 0.8958333333333334 0.58125 0.20625 0.2328125
1 0.5708333333333333 0.5046875 0.3958333333333333 0.265625
1 0.475 0.7734375 0.33958333333333335 0.2828125
1 0.2 0.896875 0.36875 0.20625
1 0.21041666666666667 0.6578125 0.2916666666666667 0.2140625
1 0.11666666666666667 0.4609375 0.23125 0.2171875
1 0.3458333333333333 0.4203125 0.20208333333333334 0.21875
1 0.04583333333333333 0.6546875 0.09166666666666666 0.190625