0 0.5729166666666666 0.503125 0.3125 0.2328125
1 0.33541666666666664 0.515625 0.21875 0.1828125
1 0.3697916666666667 0.325 0.2833333333333333 0.2125
1 0.6083333333333333 0.3578125 0.25625 0.1375
1 0.7604166666666666 0.4875 0.15833333333333333 0.1375
1 0.8541666666666666 0.640625 0.28958333333333336 0.2640625
1 0.628125 0.653125 0.225 0.159375
1 0.4197916666666667 0.68125 0.24166666666666667 0.1796875
1 0.48854166666666665 0.86640625 0.27708333333333335 0.253125
1 0.753125 0.83671875 0.34791666666666665 0.259375
1 0.22916666666666666 0.81484375 0.3 0.2125
1 0.16875 0.63359375 0.29791666666666666 0.1953125
1 0.884375 0.41171875 0.23125 0.1640625
1 0.8791666666666667 0.2828125 0.24166666666666667 0.1625
1 0.9125 0.15625 0.175 0.15625
1 0.37395833333333334 0.146875 0.23541666666666666 0.13125
1 0.09895833333333333 0.17421875 0.14583333333333334 0.2078125
1 0.19375 0.14609375 0.18333333333333332 0.125
1 0.20208333333333334 0.2953125 0.17291666666666666 0.190625
1 0.075 0.3453125 0.13333333333333333 0.153125
1 0.134375 0.46484375 0.24583333333333332 0.1640625
1 0.04791666666666667 0.7578125 0.09583333333333334 0.209375