1 0.38125 0.0984375 0.2833333333333333 0.1765625
1 0.6083333333333333 0.1765625 0.225 0.11875
1 0.88125 0.2296875 0.2375 0.175
1 0.86875 0.0859375 0.2625 0.1703125
1 0.7479166666666667 0.3421875 0.3229166666666667 0.2453125
1 0.475 0.33125 0.28541666666666665 0.19375
1 0.225 0.2828125 0.2375 0.1765625
0 0.16875 0.4875 0.29791666666666666 0.1984375
1 0.45208333333333334 0.540625 0.28958333333333336 0.20625
1 0.7729166666666667 0.55 0.3020833333333333 0.215625
1 0.1 0.6984375 0.19375 0.2296875
1 0.3125 0.7265625 0.26875 0.2421875
1 0.6541666666666667 0.796875 0.3645833333333333 0.3109375
1 0.9083333333333333 0.8359375 0.18333333333333332 0.2953125