0 0.6229166666666667 0.434375 0.4395833333333333 0.328125
0 0.7135416666666666 0.68984375 0.4166666666666667 0.2953125
0 0.9291666666666667 0.79921875 0.14166666666666666 0.3140625
0 0.31875 0.6484375 0.45 0.3203125
0 0.325 0.45234375 0.3625 0.26875
0 0.5010416666666667 0.22578125 0.38125 0.2984375
0 0.8010416666666667 0.23671875 0.33541666666666664 0.25
0 0.8635416666666667 0.4390625 0.27291666666666664 0.265625
1 0.27708333333333335 0.2921875 0.24166666666666667 0.15
1 0.22291666666666668 0.178125 0.23958333333333334 0.1578125
0 0.18645833333333334 0.08203125 0.22708333333333333 0.1234375
1 0.37916666666666665 0.05 0.20833333333333334 0.1
1 0.40729166666666666 0.1234375 0.23333333333333334 0.15
1 0.5635416666666667 0.05859375 0.20208333333333334 0.1171875
1 0.7291666666666666 0.028125 0.2125 0.05625
0 0.7645833333333333 0.09375 0.18333333333333332 0.140625
0 0.865625 0.0796875 0.13125 0.159375
1 0.94375 0.54765625 0.1125 0.1765625
1 0.6427083333333333 0.875 0.4354166666666667 0.25