1 0.30520833333333336 0.47109375 0.30833333333333335 0.1703125
1 0.596875 0.42890625 0.2520833333333333 0.159375
1 0.5052083333333334 0.5625 0.25833333333333336 0.190625
1 0.6604166666666667 0.64453125 0.19791666666666666 0.1546875
1 0.8510416666666667 0.665625 0.2375 0.1703125
0 0.9197916666666667 0.546875 0.16041666666666668 0.153125
1 0.775 0.53828125 0.19166666666666668 0.1078125
1 0.3572916666666667 0.69453125 0.3145833333333333 0.1890625
0 0.121875 0.72109375 0.24375 0.1984375
0 0.7145833333333333 0.81171875 0.2916666666666667 0.1828125
1 0.49375 0.85625 0.2604166666666667 0.1578125
0 0.259375 0.921875 0.25416666666666665 0.134375
1 0.6604166666666667 0.94453125 0.2375 0.1109375
0 0.13333333333333333 0.2265625 0.17083333333333334 0.1078125
1 0.346875 0.29296875 0.19166666666666668 0.1328125
0 0.5385416666666667 0.30703125 0.18333333333333332 0.11875
1 0.7291666666666666 0.33125 0.2125 0.1328125
1 0.9166666666666666 0.3375 0.16666666666666666 0.1375
1 0.8302083333333333 0.43515625 0.19166666666666668 0.1046875
1 0.12083333333333333 0.44453125 0.19166666666666668 0.115625
0 0.06770833333333333 0.5546875 0.13541666666666666 0.140625
1 0.175 0.32578125 0.18333333333333332 0.115625
1 0.04895833333333333 0.32890625 0.0875 0.1203125
1 0.865625 0.93515625 0.23541666666666666 0.1296875
1 0.08125 0.875 0.1625 0.146875