1 0.265625 0.1828125 0.2916666666666667 0.2078125
1 0.44479166666666664 0.16015625 0.18541666666666667 0.1734375
1 0.5958333333333333 0.178125 0.13541666666666666 0.0734375
1 0.6729166666666667 0.2859375 0.2833333333333333 0.221875
1 0.8145833333333333 0.409375 0.16041666666666668 0.1359375
1 0.5416666666666666 0.46171875 0.26458333333333334 0.1921875
1 0.7760416666666666 0.5171875 0.19375 0.165625
1 0.928125 0.4828125 0.14375 0.1125
1 0.8979166666666667 0.596875 0.20416666666666666 0.165625
1 0.825 0.7171875 0.25833333333333336 0.1921875
1 0.671875 0.60234375 0.25833333333333336 0.19375
1 0.6291666666666667 0.815625 0.33125 0.2546875
1 0.45208333333333334 0.66640625 0.27291666666666664 0.2171875
1 0.3104166666666667 0.5078125 0.28958333333333336 0.2015625
1 0.41354166666666664 0.3171875 0.24166666666666667 0.184375
1 0.18020833333333333 0.3296875 0.32083333333333336 0.2109375
1 0.017708333333333333 0.35234375 0.035416666666666666 0.1703125
1 0.09791666666666667 0.478125 0.19583333333333333 0.20625
1 0.16979166666666667 0.6609375 0.32083333333333336 0.228125
1 0.19583333333333333 0.8671875 0.3125 0.265625
1 0.3729166666666667 0.8375 0.23333333333333334 0.2484375