1 0.24791666666666667 0.4890625 0.30833333333333335 0.1984375
1 0.46041666666666664 0.62890625 0.3458333333333333 0.29375
1 0.21979166666666666 0.82109375 0.36041666666666666 0.31875
1 0.5145833333333333 0.8703125 0.3958333333333333 0.259375
1 0.746875 0.73046875 0.3375 0.2609375
1 0.8197916666666667 0.90546875 0.28125 0.1484375
1 0.9197916666666667 0.7953125 0.16041666666666668 0.275
1 0.7427083333333333 0.55859375 0.34791666666666665 0.2640625
1 0.55625 0.41328125 0.31875 0.1828125
1 0.3645833333333333 0.29453125 0.29375 0.2203125
1 0.13645833333333332 0.221875 0.27291666666666664 0.25625
1 0.1 0.37734375 0.2 0.2421875
1 0.10833333333333334 0.59140625 0.21666666666666667 0.2296875