1 0.51875 0.275 0.24583333333333332 0.165625
1 0.39166666666666666 0.4296875 0.22916666666666666 0.1546875
1 0.6333333333333333 0.4046875 0.22916666666666666 0.15
1 0.8645833333333334 0.38125 0.25416666666666665 0.1484375
1 0.8083333333333333 0.503125 0.2833333333333333 0.18125
1 0.32708333333333334 0.5953125 0.2604166666666667 0.184375
1 0.28541666666666665 0.76875 0.2833333333333333 0.19375
1 0.5375 0.809375 0.22916666666666666 0.25
1 0.64375 0.615625 0.26666666666666666 0.2390625
1 0.9104166666666667 0.64375 0.17916666666666667 0.2015625
1 0.8041666666666667 0.815625 0.3145833333333333 0.221875