1 0.45208333333333334 0.153125 0.28958333333333336 0.209375
1 0.6145833333333334 0.30859375 0.35625 0.23125
1 0.7989583333333333 0.17578125 0.2708333333333333 0.1671875
1 0.8458333333333333 0.2796875 0.19166666666666668 0.14375
1 0.9489583333333333 0.19609375 0.10208333333333333 0.1140625
1 0.871875 0.4359375 0.25625 0.225
1 0.584375 0.51171875 0.32916666666666666 0.2453125
1 0.31354166666666666 0.4109375 0.31875 0.2484375
1 0.24583333333333332 0.65078125 0.3958333333333333 0.30625
1 0.6302083333333334 0.7796875 0.5041666666666667 0.3984375
1 0.871875 0.6828125 0.24583333333333332 0.29375