0 0.234375 0.46171875 0.2916666666666667 0.225
0 0.75 0.4203125 0.29583333333333334 0.225
0 0.7135416666666666 0.26953125 0.25625 0.165625
0 0.5135416666666667 0.23828125 0.22083333333333333 0.1421875
0 0.8864583333333333 0.2921875 0.18958333333333333 0.2015625
1 0.8520833333333333 0.5421875 0.29583333333333334 0.296875
1 0.8427083333333333 0.8140625 0.3145833333333333 0.33125
1 0.471875 0.384375 0.275 0.178125
1 0.296875 0.30234375 0.24375 0.1421875
1 0.40208333333333335 0.18203125 0.18333333333333332 0.134375
1 0.5572916666666666 0.1296875 0.16666666666666666 0.128125
1 0.753125 0.13125 0.28541666666666665 0.1625