1 0.60625 0.4265625 0.3625 0.26875
1 0.90625 0.371875 0.1875 0.2625
1 0.8083333333333333 0.6390625 0.38333333333333336 0.3234375
1 0.6895833333333333 0.865625 0.39375 0.2671875
1 0.3104166666666667 0.878125 0.4666666666666667 0.2421875
1 0.37083333333333335 0.6234375 0.38125 0.2578125
1 0.325 0.3421875 0.28125 0.2359375
1 0.14166666666666666 0.4765625 0.25833333333333336 0.190625
1 0.10833333333333334 0.6890625 0.21666666666666667 0.228125
1 0.10625 0.25625 0.21041666666666667 0.2
1 0.275 0.1359375 0.31666666666666665 0.1828125
1 0.5479166666666667 0.178125 0.29583333333333334 0.2359375
1 0.8541666666666666 0.1328125 0.2916666666666667 0.225
1 0.11458333333333333 0.06875 0.22708333333333333 0.1359375