1 0.3020833333333333 0.5125 0.34375 0.2125
1 0.5677083333333334 0.41171875 0.2875 0.19375
1 0.528125 0.559375 0.3020833333333333 0.225
1 0.7072916666666667 0.60625 0.23333333333333334 0.1796875
1 0.8802083333333334 0.5859375 0.23958333333333334 0.2
0 0.9114583333333334 0.4578125 0.17708333333333334 0.171875
1 0.7791666666666667 0.4796875 0.21458333333333332 0.134375
1 0.434375 0.71640625 0.35625 0.23125
0 0.21041666666666667 0.7921875 0.30416666666666664 0.23125
0 0.8208333333333333 0.75546875 0.33125 0.221875
1 0.625 0.84375 0.29583333333333334 0.19375
0 0.4239583333333333 0.93515625 0.28125 0.1296875
1 0.81875 0.89765625 0.2625 0.1515625
0 0.071875 0.31171875 0.14375 0.1296875
1 0.27708333333333335 0.33203125 0.22083333333333333 0.1578125
0 0.465625 0.30703125 0.21041666666666667 0.14375
1 0.6583333333333333 0.28984375 0.24166666666666667 0.1625
1 0.8458333333333333 0.25625 0.20833333333333334 0.159375
1 0.79375 0.36953125 0.21458333333333332 0.13125
1 0.115625 0.525 0.21875 0.1421875
0 0.103125 0.6421875 0.175 0.1578125
1 0.12291666666666666 0.4 0.21041666666666667 0.140625
1 0.03125 0.42890625 0.0625 0.1296875
1 0.9395833333333333 0.84765625 0.12083333333333333 0.1734375
1 0.225 0.93203125 0.21666666666666667 0.1359375