0 0.17916666666666667 0.85 0.29375 0.2796875
0 0.47291666666666665 0.7890625 0.3 0.190625
0 0.5020833333333333 0.6328125 0.22708333333333333 0.1671875
0 0.7375 0.4765625 0.24791666666666667 0.1875
0 0.5145833333333333 0.31875 0.21041666666666667 0.1484375
0 0.3645833333333333 0.2296875 0.26666666666666666 0.1625
1 0.5625 0.0796875 0.25833333333333336 0.153125
1 0.2916666666666667 0.078125 0.23958333333333334 0.15
0 0.6020833333333333 0.2 0.20625 0.1078125
1 0.5104166666666666 0.465625 0.22083333333333333 0.1546875
1 0.2875 0.365625 0.2375 0.1375
1 0.2791666666666667 0.509375 0.25833333333333336 0.153125
1 0.2604166666666667 0.659375 0.24791666666666667 0.1515625
1 0.7479166666666667 0.640625 0.26458333333333334 0.1671875
1 0.8104166666666667 0.7828125 0.3729166666666667 0.1890625
1 0.7208333333333333 0.3046875 0.2375 0.1578125