1 0.684375 0.27109375 0.43333333333333335 0.3140625
0 0.22916666666666666 0.24296875 0.43333333333333335 0.3390625
0 0.3260416666666667 0.55546875 0.45416666666666666 0.3046875
0 0.8010416666666667 0.584375 0.39791666666666664 0.3375
1 0.371875 0.8234375 0.4166666666666667 0.275
1 0.7083333333333334 0.846875 0.35625 0.278125
1 0.11979166666666667 0.69765625 0.23958333333333334 0.2609375
1 0.06666666666666667 0.48359375 0.12708333333333333 0.16875
1 0.13958333333333334 0.07578125 0.26666666666666666 0.1515625
1 0.6302083333333334 0.115625 0.35208333333333336 0.18125
1 0.9197916666666667 0.22734375 0.16041666666666668 0.3015625
1 0.9270833333333334 0.89765625 0.12916666666666668 0.2046875
1 0.7145833333333333 0.0484375 0.28125 0.09375