1 0.49583333333333335 0.5171875 0.42291666666666666 0.2875
1 0.7385416666666667 0.4171875 0.34791666666666665 0.2359375
1 0.8791666666666667 0.6078125 0.24166666666666667 0.265625
1 0.7239583333333334 0.725 0.4270833333333333 0.3046875
1 0.41354166666666664 0.35390625 0.2875 0.196875
1 0.428125 0.2046875 0.28125 0.1875
1 0.6729166666666667 0.271875 0.20208333333333334 0.125
1 0.8166666666666667 0.21875 0.18541666666666667 0.1125
1 0.5052083333333334 0.103125 0.20625 0.1046875
1 0.6333333333333333 0.1796875 0.13333333333333333 0.1078125
1 0.6416666666666667 0.9640625 0.38333333333333336 0.071875