1 0.3875 0.446875 0.36875 0.2625
1 0.24583333333333332 0.7375 0.4 0.3125
1 0.5875 0.665625 0.32916666666666666 0.259375
1 0.8354166666666667 0.80625 0.32916666666666666 0.2984375
1 0.50625 0.8953125 0.40625 0.209375
1 0.16666666666666666 0.9265625 0.33125 0.1453125
1 0.73125 0.459375 0.3541666666666667 0.2546875
1 0.6666666666666666 0.25 0.38958333333333334 0.190625
1 0.275 0.2515625 0.375 0.2171875
1 0.5145833333333333 0.0859375 0.3125 0.171875
1 0.15 0.0921875 0.3 0.184375
1 0.08125 0.3046875 0.16041666666666668 0.20625
1 0.12291666666666666 0.5390625 0.24583333333333332 0.284375