0 0.578125 0.45859375 0.5041666666666667 0.3609375
1 0.775 0.76171875 0.45 0.4046875
1 0.2375 0.74453125 0.44583333333333336 0.4265625
1 0.3125 0.91484375 0.425 0.1703125
1 0.48020833333333335 0.721875 0.3 0.290625
1 0.23958333333333334 0.51953125 0.34375 0.2453125
1 0.07916666666666666 0.375 0.15833333333333333 0.1875
1 0.228125 0.31328125 0.30625 0.23125
1 0.46458333333333335 0.2390625 0.30416666666666664 0.2140625
1 0.259375 0.1546875 0.26875 0.1828125
1 0.09270833333333334 0.184375 0.18541666666666667 0.21875
1 0.7635416666666667 0.3703125 0.21458333333333332 0.184375
1 0.9010416666666666 0.51875 0.19791666666666666 0.253125