0 0.17291666666666666 0.53203125 0.3458333333333333 0.2265625
0 0.121875 0.35390625 0.23125 0.2234375
0 0.459375 0.2703125 0.28958333333333336 0.1671875
0 0.6354166666666666 0.51953125 0.17916666666666667 0.1609375
0 0.9229166666666667 0.23671875 0.13958333333333334 0.0953125
0 0.4739583333333333 0.09296875 0.21875 0.1859375
0 0.721875 0.6984375 0.29583333333333334 0.221875
1 0.4895833333333333 0.628125 0.27708333333333335 0.225
0 0.18125 0.75703125 0.3625 0.2296875
1 0.4010416666666667 0.9015625 0.42291666666666666 0.196875
1 0.75 0.88984375 0.37916666666666665 0.2203125
1 0.44895833333333335 0.41953125 0.32916666666666666 0.209375
1 0.23645833333333333 0.28984375 0.2708333333333333 0.1890625
1 0.12604166666666666 0.1453125 0.13333333333333333 0.11875
1 0.30416666666666664 0.05625 0.19166666666666668 0.1125
1 0.634375 0.1015625 0.2 0.1703125
1 0.7625 0.06796875 0.13541666666666666 0.096875
1 0.7875 0.1875 0.17708333333333334 0.140625
1 0.6395833333333333 0.34921875 0.16458333333333333 0.140625
1 0.7385416666666667 0.31953125 0.16458333333333333 0.1125
1 0.8416666666666667 0.290625 0.15833333333333333 0.0859375
1 0.815625 0.4125 0.2520833333333333 0.165625
1 0.9416666666666667 0.35859375 0.11666666666666667 0.1171875
1 0.9395833333333333 0.49453125 0.12083333333333333 0.1546875
1 0.9635416666666666 0.28359375 0.07291666666666667 0.0828125
1 0.959375 0.1984375 0.08125 0.1