0 0.7739583333333333 0.553125 0.45208333333333334 0.3375
0 0.2125 0.753125 0.37916666666666665 0.3796875
0 0.10208333333333333 0.4328125 0.20416666666666666 0.240625
0 0.025 0.2765625 0.05 0.165625
0 0.54375 0.15546875 0.24166666666666667 0.140625
0 0.5541666666666667 0.26953125 0.29791666666666666 0.20625
0 0.8385416666666666 0.3625 0.3125 0.2453125
0 0.871875 0.21640625 0.125 0.1203125
1 0.7729166666666667 0.165625 0.29791666666666666 0.203125
1 0.6916666666666667 0.06328125 0.35833333333333334 0.1265625
1 0.4552083333333333 0.0640625 0.25625 0.128125
1 0.35833333333333334 0.10625 0.19583333333333333 0.1265625
1 0.3229166666666667 0.20625 0.25833333333333336 0.1640625
1 0.34479166666666666 0.35 0.32708333333333334 0.2296875
1 0.5520833333333334 0.4578125 0.3375 0.23125
0 0.24791666666666667 0.5359375 0.4166666666666667 0.259375
1 0.5135416666666667 0.76015625 0.3854166666666667 0.3515625
0 0.8 0.8 0.4 0.35625
1 0.13020833333333334 0.278125 0.2604166666666667 0.23125
1 0.184375 0.13203125 0.21875 0.1484375
1 0.05520833333333333 0.16875 0.11041666666666666 0.103125
1 0.05520833333333333 0.09453125 0.11041666666666666 0.0671875