0 0.48020833333333335 0.571875 0.38125 0.2625
0 0.19479166666666667 0.05390625 0.21041666666666667 0.1078125
0 0.365625 0.09921875 0.2604166666666667 0.1984375
0 0.5635416666666667 0.19921875 0.22291666666666668 0.1671875
1 0.728125 0.25 0.22708333333333333 0.1640625
0 0.7145833333333333 0.43203125 0.32916666666666666 0.2703125
1 0.24895833333333334 0.40234375 0.35 0.259375
1 0.16666666666666666 0.6375 0.3333333333333333 0.29375
1 0.44375 0.82734375 0.4875 0.3453125
1 0.7729166666666667 0.9171875 0.30833333333333335 0.165625
1 0.7979166666666667 0.71875 0.37083333333333335 0.3046875
1 0.9239583333333333 0.515625 0.15208333333333332 0.20625
1 0.890625 0.29765625 0.21875 0.2296875
1 0.9385416666666667 0.1703125 0.12291666666666666 0.14375
1 0.234375 0.17890625 0.22291666666666668 0.1453125
1 0.19166666666666668 0.2734375 0.2625 0.1359375
1 0.5958333333333333 0.06484375 0.2791666666666667 0.1296875
1 0.11354166666666667 0.1328125 0.10833333333333334 0.140625