0 0.628125 0.7875 0.42916666666666664 0.2953125
1 0.86875 0.7046875 0.2625 0.3
1 0.465625 0.61875 0.3375 0.2078125
1 0.7041666666666667 0.55078125 0.25625 0.1859375
1 0.8177083333333334 0.36796875 0.28125 0.203125
1 0.890625 0.5109375 0.17083333333333334 0.1296875
1 0.5354166666666667 0.41328125 0.35208333333333336 0.2109375
1 0.3645833333333333 0.50390625 0.19166666666666668 0.134375
1 0.3145833333333333 0.3859375 0.175 0.1265625
1 0.6385416666666667 0.2890625 0.19583333333333333 0.140625
0 0.8114583333333333 0.23984375 0.21458333333333332 0.1359375
1 0.884375 0.171875 0.09791666666666667 0.1296875
1 0.7458333333333333 0.12734375 0.21041666666666667 0.1609375
1 0.584375 0.13671875 0.17291666666666666 0.1359375
0 0.40520833333333334 0.21953125 0.26458333333333334 0.1828125
1 0.26145833333333335 0.25078125 0.1625 0.1421875
1 0.22708333333333333 0.15390625 0.13333333333333333 0.0890625
1 0.37083333333333335 0.11953125 0.12083333333333333 0.0859375
1 0.4739583333333333 0.07890625 0.12916666666666668 0.0875
1 0.41770833333333335 0.034375 0.16458333333333333 0.06875
1 0.26458333333333334 0.06015625 0.16458333333333333 0.0875
1 0.5833333333333334 0.04453125 0.09791666666666667 0.0515625
1 0.6364583333333333 0.06484375 0.08125 0.0515625
1 0.7208333333333333 0.03984375 0.08958333333333333 0.0625
0 0.8645833333333334 0.89609375 0.2708333333333333 0.1453125