1 0.33958333333333335 0.44453125 0.47708333333333336 0.3375
1 0.24583333333333332 0.66484375 0.43333333333333335 0.275
1 0.35 0.8640625 0.4166666666666667 0.271875
1 0.5958333333333333 0.715625 0.4041666666666667 0.26875
1 0.528125 0.55234375 0.30833333333333335 0.2046875
1 0.7510416666666667 0.53046875 0.3 0.2546875
1 0.6708333333333333 0.3734375 0.29583333333333334 0.2328125
1 0.521875 0.24765625 0.30833333333333335 0.20625
1 0.27395833333333336 0.25859375 0.30416666666666664 0.2015625
1 0.10833333333333334 0.31875 0.21666666666666667 0.259375
1 0.1125 0.4890625 0.225 0.20625
1 0.80625 0.85859375 0.3875 0.2484375
1 0.5302083333333333 0.94765625 0.3229166666666667 0.1046875
1 0.16666666666666666 0.86796875 0.19583333333333333 0.2640625