0 0.18333333333333332 0.36484375 0.35208333333333336 0.265625
0 0.14791666666666667 0.54921875 0.29583333333333334 0.2703125
0 0.425 0.578125 0.34375 0.271875
0 0.725 0.73203125 0.38958333333333334 0.3359375
0 0.5958333333333333 0.403125 0.275 0.2234375
0 0.803125 0.2890625 0.2708333333333333 0.1734375
0 0.915625 0.1609375 0.10208333333333333 0.184375
1 0.8520833333333333 0.46796875 0.29583333333333334 0.2234375
1 0.34375 0.803125 0.37916666666666665 0.30625
0 0.16875 0.23046875 0.24375 0.1421875
0 0.35 0.17734375 0.24583333333333332 0.1546875
1 0.5760416666666667 0.203125 0.22708333333333333 0.1859375
1 0.140625 0.11796875 0.23125 0.1375
1 0.334375 0.0671875 0.21875 0.1265625
1 0.5166666666666667 0.08046875 0.24791666666666667 0.14375
0 0.8177083333333334 0.0609375 0.2604166666666667 0.121875
1 0.7520833333333333 0.1578125 0.22708333333333333 0.15
0 0.9083333333333333 0.696875 0.18333333333333332 0.2625
1 0.40520833333333334 0.3015625 0.225 0.165625