0 0.74375 0.35 0.31875 0.2109375
0 0.44375 0.321875 0.2916666666666667 0.234375
0 0.28958333333333336 0.4515625 0.2833333333333333 0.2
0 0.6666666666666666 0.546875 0.24791666666666667 0.20625
0 0.7625 0.771875 0.475 0.371875
0 0.38125 0.753125 0.30416666666666664 0.2859375
0 0.12916666666666668 0.640625 0.25625 0.2453125
1 0.9041666666666667 0.5140625 0.18958333333333333 0.1890625
0 0.5958333333333333 0.934375 0.39791666666666664 0.1296875
1 0.22708333333333333 0.9 0.32708333333333334 0.1984375
1 0.46041666666666664 0.5859375 0.17916666666666667 0.15
1 0.5583333333333333 0.15 0.17291666666666666 0.1375
1 0.7458333333333333 0.196875 0.20416666666666666 0.1421875
1 0.9333333333333333 0.3140625 0.13125 0.1734375
1 0.9229166666666667 0.059375 0.15208333333333332 0.1125
1 0.7645833333333333 0.0734375 0.20625 0.1234375
1 0.5645833333333333 0.05 0.2 0.0984375
1 0.37916666666666665 0.06875 0.22083333333333333 0.1359375
1 0.34791666666666665 0.178125 0.2125 0.103125
1 0.28125 0.29375 0.12083333333333333 0.1296875