1 0.3645833333333333 0.4671875 0.3145833333333333 0.2203125
1 0.7270833333333333 0.4078125 0.33958333333333335 0.2375
1 0.61875 0.6125 0.35833333333333334 0.2734375
1 0.32083333333333336 0.715625 0.30833333333333335 0.240625
1 0.32708333333333334 0.9109375 0.3333333333333333 0.1765625
1 0.7020833333333333 0.8890625 0.4125 0.2203125
1 0.9354166666666667 0.821875 0.12708333333333333 0.2171875
1 0.93125 0.590625 0.1375 0.2375
1 0.9354166666666667 0.38125 0.12708333333333333 0.2390625
1 0.7145833333333333 0.175 0.3333333333333333 0.228125
1 0.45 0.275 0.3125 0.196875
1 0.4666666666666667 0.0984375 0.22291666666666668 0.15625
1 0.8291666666666667 0.053125 0.29791666666666666 0.10625
1 0.21041666666666667 0.14375 0.2791666666666667 0.196875
1 0.16041666666666668 0.3296875 0.31875 0.240625
1 0.11458333333333333 0.55625 0.22916666666666666 0.2234375
1 0.1125 0.8015625 0.225 0.26875
1 0.07708333333333334 0.0421875 0.15208333333333332 0.0828125
1 0.29375 0.034375 0.225 0.06875