1 0.22395833333333334 0.6625 0.3854166666666667 0.2625
1 0.20104166666666667 0.86328125 0.3 0.2546875
1 0.40520833333333334 0.925 0.35625 0.15
1 0.521875 0.62578125 0.325 0.2515625
1 0.5291666666666667 0.415625 0.3770833333333333 0.284375
1 0.5229166666666667 0.24765625 0.375 0.2125
1 0.259375 0.3875 0.325 0.2484375
1 0.14375 0.50703125 0.2875 0.2328125
1 0.041666666666666664 0.38203125 0.08333333333333333 0.1640625
1 0.03958333333333333 0.28515625 0.07916666666666666 0.1578125
1 0.078125 0.2140625 0.15625 0.146875