1 0.37395833333333334 0.20546875 0.4791666666666667 0.3
1 0.7625 0.18828125 0.4 0.2703125
1 0.55 0.36953125 0.29375 0.203125
1 0.8083333333333333 0.4203125 0.35208333333333336 0.215625
1 0.25625 0.4046875 0.34375 0.2234375
1 0.184375 0.109375 0.3104166666666667 0.1796875
1 0.303125 0.62109375 0.41875 0.2703125
1 0.6302083333333334 0.57734375 0.36041666666666666 0.215625
1 0.884375 0.75078125 0.23125 0.2859375
1 0.671875 0.81015625 0.36666666666666664 0.290625
1 0.34791666666666665 0.859375 0.4083333333333333 0.28125