0 0.5885416666666666 0.33671875 0.39166666666666666 0.28125
0 0.7427083333333333 0.5046875 0.34375 0.228125
0 0.6333333333333333 0.72265625 0.47708333333333336 0.3453125
0 0.15104166666666666 0.50703125 0.3020833333333333 0.2734375
0 0.7166666666666667 0.91015625 0.42083333333333334 0.1796875
0 0.8739583333333333 0.65625 0.2520833333333333 0.2625
0 0.578125 0.1984375 0.3458333333333333 0.1984375
0 0.43854166666666666 0.53203125 0.39166666666666666 0.2515625
1 0.3385416666666667 0.86796875 0.48541666666666666 0.2640625
1 0.25 0.69453125 0.425 0.265625
1 0.3229166666666667 0.38359375 0.3104166666666667 0.2125
1 0.14375 0.3515625 0.2875 0.228125
1 0.19375 0.20390625 0.2625 0.2
1 0.36041666666666666 0.24296875 0.24166666666666667 0.1765625
1 0.48333333333333334 0.1328125 0.25416666666666665 0.134375
1 0.071875 0.22734375 0.14375 0.1890625
1 0.9125 0.840625 0.175 0.2