1 0.28854166666666664 0.61796875 0.40625 0.278125
1 0.6010416666666667 0.42734375 0.4 0.3078125
1 0.6125 0.6765625 0.33125 0.25625
1 0.33229166666666665 0.875 0.38958333333333334 0.25
1 0.084375 0.8671875 0.16875 0.246875
1 0.059375 0.6328125 0.11875 0.2625
1 0.07083333333333333 0.4 0.14166666666666666 0.196875
1 0.253125 0.4265625 0.30416666666666664 0.2171875
1 0.16770833333333332 0.24921875 0.3020833333333333 0.19375
1 0.4239583333333333 0.25234375 0.24791666666666667 0.184375
1 0.6104166666666667 0.17734375 0.24375 0.1578125
1 0.8302083333333333 0.25546875 0.22708333333333333 0.1359375
1 0.8916666666666667 0.40859375 0.21666666666666667 0.1796875
1 0.8041666666666667 0.540625 0.14375 0.2
1 0.9479166666666666 0.18203125 0.10416666666666667 0.1265625
1 0.9635416666666666 0.29921875 0.07291666666666667 0.1171875
1 0.8052083333333333 0.1328125 0.18958333333333333 0.1484375
1 0.6145833333333334 0.04296875 0.18333333333333332 0.084375
1 0.3875 0.0890625 0.25833333333333336 0.178125
1 0.10208333333333333 0.08359375 0.175 0.1671875
1 0.19479166666666667 0.0359375 0.16458333333333333 0.071875
1 0.7572916666666667 0.0265625 0.10416666666666667 0.04375
1 0.8979166666666667 0.05390625 0.12708333333333333 0.075