0 0.35 0.553125 0.2875 0.209375
0 0.33541666666666664 0.85 0.37916666666666665 0.2796875
1 0.08333333333333333 0.8546875 0.16458333333333333 0.290625
0 0.10208333333333333 0.6015625 0.20416666666666666 0.2265625
0 0.08125 0.353125 0.16041666666666668 0.30625
1 0.17708333333333334 0.29375 0.19791666666666666 0.209375
1 0.40208333333333335 0.3015625 0.29791666666666666 0.2265625
0 0.7125 0.3828125 0.31875 0.190625
1 0.8020833333333334 0.603125 0.32083333333333336 0.2421875
1 0.5333333333333333 0.7 0.3020833333333333 0.2265625
1 0.4979166666666667 0.4875 0.2833333333333333 0.159375