1 0.1 0.25625 0.19791666666666666 0.1890625
1 0.33958333333333335 0.2046875 0.22708333333333333 0.1546875
1 0.275 0.3234375 0.225 0.153125
1 0.49375 0.3625 0.21875 0.2
1 0.2520833333333333 0.4859375 0.29583333333333334 0.2125
1 0.4979166666666667 0.5203125 0.22083333333333333 0.1625
1 0.22291666666666668 0.665625 0.3229166666666667 0.1984375
1 0.5479166666666667 0.709375 0.33541666666666664 0.225
1 0.7604166666666666 0.4265625 0.16666666666666666 0.1390625
1 0.5104166666666666 0.2203125 0.11875 0.103125
1 0.6791666666666667 0.55625 0.12291666666666666 0.1234375
1 0.9479166666666666 0.525 0.10416666666666667 0.121875