0 0.39895833333333336 0.47109375 0.5708333333333333 0.39375
0 0.8197916666666667 0.334375 0.36041666666666666 0.334375
1 0.921875 0.209375 0.15625 0.25625
1 0.8552083333333333 0.60234375 0.28958333333333336 0.3265625
1 0.6385416666666667 0.71953125 0.46041666666666664 0.3734375
1 0.45729166666666665 0.88984375 0.33958333333333335 0.2203125
1 0.7197916666666667 0.934375 0.36041666666666666 0.13125
1 0.20729166666666668 0.90078125 0.41458333333333336 0.1828125
1 0.18645833333333334 0.69375 0.3729166666666667 0.353125
1 0.19791666666666666 0.225 0.3125 0.2328125
1 0.4479166666666667 0.1421875 0.325 0.1859375
1 0.10833333333333334 0.40078125 0.21666666666666667 0.1953125