0 0.6197916666666666 0.3984375 0.34375 0.25
0 0.2916666666666667 0.37109375 0.33541666666666664 0.2015625
1 0.35520833333333335 0.18125 0.33541666666666664 0.2765625
1 0.25104166666666666 0.6015625 0.3145833333333333 0.2796875
0 0.59375 0.65703125 0.37916666666666665 0.31875
1 0.6895833333333333 0.18046875 0.41875 0.2765625
1 0.9354166666666667 0.20078125 0.12916666666666668 0.2734375
1 0.134375 0.24609375 0.24583333333333332 0.209375
1 0.09270833333333334 0.4921875 0.18541666666666667 0.196875
0 0.09479166666666666 0.73828125 0.18958333333333333 0.3046875
1 0.3416666666666667 0.78984375 0.29791666666666666 0.2265625
1 0.8979166666666667 0.45078125 0.20416666666666666 0.2203125
1 0.8895833333333333 0.6546875 0.21666666666666667 0.2734375
1 0.8666666666666667 0.84296875 0.23541666666666666 0.2421875
1 0.6572916666666667 0.85078125 0.3729166666666667 0.203125