0 0.8208333333333333 0.48125 0.29583333333333334 0.24375
1 0.5635416666666667 0.51171875 0.28541666666666665 0.2140625
1 0.6979166666666666 0.71875 0.4875 0.3296875
1 0.93125 0.68203125 0.1375 0.2828125
1 0.825 0.875 0.35 0.21875
1 0.23958333333333334 0.75703125 0.4395833333333333 0.35625
1 0.4395833333333333 0.909375 0.42083333333333334 0.18125
1 0.246875 0.57734375 0.3958333333333333 0.2171875
0 0.22916666666666666 0.39765625 0.3541666666666667 0.2609375
1 0.4239583333333333 0.34765625 0.21666666666666667 0.2140625
1 0.5947916666666667 0.2703125 0.19791666666666666 0.1671875
1 0.8 0.2921875 0.275 0.2125
1 0.8875 0.19921875 0.13958333333333334 0.1734375
1 0.7052083333333333 0.1625 0.16041666666666668 0.1140625
1 0.5197916666666667 0.1859375 0.17083333333333334 0.0875
1 0.45416666666666666 0.0921875 0.20208333333333334 0.14375
1 0.28229166666666666 0.13671875 0.20208333333333334 0.1359375
1 0.21041666666666667 0.2453125 0.18333333333333332 0.1328125
1 0.365625 0.225 0.16041666666666668 0.128125