0 0.371875 0.15390625 0.2604166666666667 0.2046875
1 0.546875 0.18515625 0.16041666666666668 0.178125
0 0.4822916666666667 0.36640625 0.23541666666666666 0.140625
0 0.46458333333333335 0.49765625 0.275 0.1953125
1 0.41770833333333335 0.653125 0.2625 0.1734375
1 0.5854166666666667 0.62578125 0.18125 0.15
1 0.70625 0.58671875 0.19375 0.1390625
1 0.42604166666666665 0.8890625 0.24791666666666667 0.1828125
1 0.6395833333333333 0.815625 0.23125 0.1390625
0 0.6489583333333333 0.93125 0.225 0.1359375
1 0.8520833333333333 0.775 0.21041666666666667 0.1578125
1 0.8645833333333334 0.90078125 0.24375 0.165625
1 0.6197916666666666 0.4734375 0.18125 0.134375