1 0.3458333333333333 0.21875 0.28541666666666665 0.1859375
1 0.55625 0.31484375 0.26666666666666666 0.2
1 0.6552083333333333 0.459375 0.3541666666666667 0.20625
1 0.40625 0.521875 0.29375 0.2109375
1 0.7614583333333333 0.63515625 0.36041666666666666 0.225
1 0.5010416666666667 0.71796875 0.34791666666666665 0.2328125
1 0.23333333333333334 0.82421875 0.38125 0.2421875
1 0.15729166666666666 0.61015625 0.3125 0.2078125
1 0.084375 0.44921875 0.16875 0.2015625
1 0.2520833333333333 0.3734375 0.33958333333333335 0.2296875
1 0.07291666666666667 0.2703125 0.14583333333333334 0.23125
1 0.5427083333333333 0.9015625 0.33541666666666664 0.196875
1 0.825 0.84296875 0.35 0.2859375