1 0.4083333333333333 0.428125 0.44166666666666665 0.321875
1 0.21041666666666667 0.68359375 0.42083333333333334 0.3765625
1 0.53125 0.6765625 0.40208333333333335 0.3109375
1 0.7270833333333333 0.84140625 0.4166666666666667 0.3171875
1 0.3770833333333333 0.87265625 0.4625 0.2546875
1 0.11145833333333334 0.85234375 0.22291666666666668 0.2015625
1 0.7375 0.50234375 0.425 0.3109375
1 0.7427083333333333 0.2875 0.4395833333333333 0.25625
1 0.3614583333333333 0.21796875 0.43333333333333335 0.278125
1 0.6479166666666667 0.10625 0.35833333333333334 0.2125
1 0.2916666666666667 0.078125 0.35 0.15625
1 0.15625 0.234375 0.22291666666666668 0.2296875
1 0.14375 0.46953125 0.2875 0.3203125