1 0.5510416666666667 0.74140625 0.41875 0.2890625
1 0.15729166666666666 0.7140625 0.3145833333333333 0.378125
0 0.40729166666666666 0.4421875 0.24166666666666667 0.21875
0 0.2604166666666667 0.240625 0.3104166666666667 0.240625
0 0.6260416666666667 0.2859375 0.375 0.275
1 0.8635416666666667 0.46328125 0.27291666666666664 0.3421875
1 0.6427083333333333 0.5453125 0.3020833333333333 0.2359375
1 0.06770833333333333 0.19140625 0.12708333333333333 0.278125
1 0.14583333333333334 0.3921875 0.22708333333333333 0.1640625
1 0.16354166666666667 0.0640625 0.27291666666666664 0.128125
1 0.43333333333333335 0.0875 0.20833333333333334 0.175
1 0.6802083333333333 0.09453125 0.31875 0.1875
1 0.903125 0.09453125 0.18958333333333333 0.18125
1 0.9020833333333333 0.23046875 0.19583333333333333 0.1984375