1 0.6208333333333333 0.2203125 0.29375 0.2359375
1 0.84375 0.353125 0.3125 0.303125
1 0.75 0.5984375 0.38958333333333334 0.275
1 0.5166666666666667 0.4421875 0.3229166666666667 0.221875
1 0.37083333333333335 0.259375 0.2708333333333333 0.246875
1 0.17916666666666667 0.2140625 0.26666666666666666 0.2
1 0.21458333333333332 0.375 0.27291666666666664 0.196875
1 0.14583333333333334 0.5390625 0.25833333333333336 0.184375
1 0.36875 0.603125 0.2708333333333333 0.2421875
1 0.5416666666666666 0.765625 0.36666666666666664 0.2765625
1 0.20833333333333334 0.746875 0.26666666666666666 0.2078125
1 0.32916666666666666 0.878125 0.325 0.234375