1 0.496875 0.61015625 0.37916666666666665 0.3078125
1 0.7302083333333333 0.70859375 0.2520833333333333 0.2515625
1 0.48020833333333335 0.9 0.35208333333333336 0.2
1 0.7291666666666666 0.9125 0.2791666666666667 0.175
1 0.8854166666666666 0.86171875 0.14791666666666667 0.221875
1 0.8885416666666667 0.61171875 0.22291666666666668 0.3234375
1 0.721875 0.4625 0.32083333333333336 0.2375
1 0.9302083333333333 0.38203125 0.13958333333333334 0.1640625
1 0.928125 0.23203125 0.14375 0.1953125
1 0.7572916666666667 0.3 0.28125 0.1734375
1 0.44479166666666664 0.28671875 0.35625 0.2609375
1 0.2760416666666667 0.44453125 0.35 0.2546875
1 0.090625 0.56171875 0.18125 0.2671875
1 0.22604166666666667 0.66328125 0.21666666666666667 0.184375
1 0.41354166666666664 0.79765625 0.33541666666666664 0.1796875
1 0.16666666666666666 0.31796875 0.20416666666666666 0.1328125
1 0.11875 0.184375 0.1625 0.1453125
1 0.2552083333333333 0.24140625 0.15 0.0875
1 0.48854166666666665 0.09765625 0.16666666666666666 0.0953125
1 0.6 0.05390625 0.10625 0.096875
1 0.7604166666666666 0.15390625 0.23333333333333334 0.15625
1 0.6645833333333333 0.1109375 0.1375 0.0984375
1 0.7145833333333333 0.03515625 0.21041666666666667 0.0546875
1 0.5354166666666667 0.14453125 0.18125 0.0828125
1 0.065625 0.346875 0.1125 0.1734375