0 0.13125 0.24609375 0.2625 0.3328125
0 0.26666666666666666 0.4625 0.41041666666666665 0.2609375
0 0.5302083333333333 0.29765625 0.2708333333333333 0.1796875
1 0.38958333333333334 0.76015625 0.38333333333333336 0.2796875
1 0.665625 0.684375 0.3625 0.2765625
1 0.6770833333333334 0.4859375 0.24375 0.1875
1 0.878125 0.42421875 0.24375 0.1765625
1 0.8760416666666667 0.61171875 0.24791666666666667 0.2390625
1 0.19479166666666667 0.85703125 0.28958333333333336 0.2859375
1 0.484375 0.91875 0.36875 0.1625
1 0.7854166666666667 0.8671875 0.39166666666666666 0.24375
1 0.45729166666666665 0.5453125 0.28958333333333336 0.1765625
1 0.4895833333333333 0.428125 0.21666666666666667 0.1296875
1 0.3260416666666667 0.3359375 0.24166666666666667 0.1609375
1 0.6895833333333333 0.3796875 0.2520833333333333 0.1390625
1 0.6947916666666667 0.2125 0.3333333333333333 0.209375
1 0.30833333333333335 0.109375 0.24583333333333332 0.1515625
1 0.41354166666666664 0.21328125 0.24791666666666667 0.1515625
1 0.20208333333333334 0.628125 0.29375 0.15625