0 0.45208333333333334 0.4765625 0.30625 0.2171875
1 0.29791666666666666 0.6921875 0.35208333333333336 0.23125
1 0.69375 0.7640625 0.36666666666666664 0.296875
1 0.91875 0.8921875 0.16041666666666668 0.215625
1 0.4270833333333333 0.9 0.38333333333333336 0.1984375
1 0.11666666666666667 0.878125 0.23333333333333334 0.24375
1 0.1375 0.5234375 0.26875 0.2625
1 0.22291666666666668 0.3390625 0.2791666666666667 0.1875
1 0.4354166666666667 0.2453125 0.2625 0.184375
1 0.6729166666666667 0.3609375 0.29791666666666666 0.2265625
1 0.7895833333333333 0.15625 0.26666666666666666 0.2140625
1 0.90625 0.3484375 0.1875 0.2203125