1 0.5729166666666666 0.4078125 0.26666666666666666 0.25625
1 0.37916666666666665 0.665625 0.36875 0.2296875
1 0.8041666666666667 0.7484375 0.39166666666666666 0.2984375
1 0.8229166666666666 0.5359375 0.3 0.203125
1 0.26875 0.4671875 0.2916666666666667 0.18125
1 0.35833333333333334 0.2859375 0.24375 0.2015625
1 0.5916666666666667 0.1546875 0.3 0.2578125
1 0.8770833333333333 0.221875 0.23125 0.228125
1 0.9125 0.078125 0.175 0.1328125
1 0.27291666666666664 0.075 0.3125 0.15
1 0.14583333333333334 0.165625 0.2916666666666667 0.203125
1 0.10416666666666667 0.365625 0.20625 0.21875
1 0.09583333333333334 0.58125 0.18958333333333333 0.2359375
1 0.14166666666666666 0.853125 0.26666666666666666 0.2609375
1 0.44166666666666665 0.8953125 0.39791666666666664 0.2078125
1 0.7895833333333333 0.9328125 0.32708333333333334 0.1328125