0 0.3729166666666667 0.86875 0.45 0.2625
0 0.42916666666666664 0.29375 0.18125 0.1203125
0 0.9104166666666667 0.490625 0.17916666666666667 0.19375
1 0.840625 0.61015625 0.28958333333333336 0.2
1 0.6354166666666666 0.74296875 0.325 0.2421875
1 0.515625 0.53984375 0.28125 0.19375
1 0.721875 0.42890625 0.24375 0.1703125
1 0.5145833333333333 0.38828125 0.23958333333333334 0.134375
1 0.59375 0.2671875 0.20625 0.1375
1 0.23020833333333332 0.2390625 0.2520833333333333 0.1703125
1 0.28125 0.34921875 0.23541666666666666 0.1109375
1 0.3333333333333333 0.4609375 0.19375 0.159375
1 0.12916666666666668 0.51796875 0.2520833333333333 0.184375
1 0.23958333333333334 0.66796875 0.4354166666666667 0.2140625
0 0.08333333333333333 0.903125 0.16666666666666666 0.165625
1 0.10416666666666667 0.3796875 0.19791666666666666 0.1453125
1 0.1 0.10390625 0.15833333333333333 0.18125
1 0.2625 0.08203125 0.22083333333333333 0.1640625