0 0.65625 0.3140625 0.31666666666666665 0.2765625
0 0.325 0.640625 0.49375 0.3203125
0 0.3458333333333333 0.87578125 0.39166666666666666 0.2484375
0 0.6145833333333334 0.68828125 0.29375 0.2328125
1 0.728125 0.87890625 0.41458333333333336 0.2421875
1 0.8385416666666666 0.65390625 0.3125 0.2609375
1 0.6604166666666667 0.51171875 0.275 0.184375
0 0.86875 0.38203125 0.2625 0.3921875
0 0.3 0.40546875 0.38958333333333334 0.2921875
1 0.16145833333333334 0.2203125 0.26875 0.325
1 0.075 0.5515625 0.15 0.303125
1 0.025 0.8125 0.05 0.25
1 0.11145833333333334 0.7453125 0.22291666666666668 0.165625
1 0.4114583333333333 0.18359375 0.31875 0.215625
1 0.6854166666666667 0.1421875 0.23333333333333334 0.1546875
1 0.8864583333333333 0.12734375 0.22708333333333333 0.1890625
0 0.42604166666666665 0.06171875 0.2520833333333333 0.1234375
0 0.21875 0.040625 0.2125 0.08125
1 0.7166666666666667 0.05546875 0.24791666666666667 0.0953125