0 0.3958333333333333 0.2921875 0.25 0.16875
0 0.23333333333333334 0.41875 0.22083333333333333 0.1734375
0 0.41041666666666665 0.4515625 0.275 0.1984375
0 0.6395833333333333 0.3390625 0.2375 0.221875
0 0.8958333333333334 0.265625 0.20833333333333334 0.175
0 0.5416666666666666 0.6546875 0.34791666666666665 0.2796875
0 0.85 0.6828125 0.29791666666666666 0.2953125
1 0.85625 0.453125 0.2875 0.2171875
1 0.2708333333333333 0.615625 0.225 0.2203125
1 0.7833333333333333 0.171875 0.20416666666666666 0.146875
0 0.6020833333333333 0.1625 0.1875 0.115625
0 0.45625 0.2078125 0.15833333333333333 0.109375
0 0.49375 0.04375 0.14791666666666667 0.0859375
1 0.6291666666666667 0.0640625 0.16458333333333333 0.1140625
1 0.8083333333333333 0.071875 0.18125 0.1078125
1 0.9395833333333333 0.128125 0.12083333333333333 0.1296875
1 0.4625 0.121875 0.13958333333333334 0.0828125