1 0.703125 0.1296875 0.3854166666666667 0.2375
1 0.48125 0.0703125 0.25833333333333336 0.140625
1 0.38333333333333336 0.22109375 0.37916666666666665 0.2546875
1 0.665625 0.3359375 0.34375 0.278125
1 0.26666666666666666 0.40078125 0.31666666666666665 0.253125
1 0.5052083333333334 0.50234375 0.34791666666666665 0.2734375
1 0.90625 0.3578125 0.1875 0.25
1 0.81875 0.5859375 0.3625 0.29375
1 0.15625 0.5921875 0.3125 0.31875
1 0.36666666666666664 0.70078125 0.38333333333333336 0.3171875
1 0.65625 0.796875 0.42291666666666666 0.371875