0 0.3729166666666667 0.315625 0.3625 0.2515625
0 0.846875 0.31484375 0.30625 0.2390625
0 0.8802083333333334 0.5046875 0.23958333333333334 0.1875
0 0.753125 0.6546875 0.44166666666666665 0.2765625
1 0.7510416666666667 0.88671875 0.41875 0.2265625
1 0.39791666666666664 0.93046875 0.3875 0.1390625
1 0.11875 0.86875 0.2375 0.21875
1 0.396875 0.75390625 0.4666666666666667 0.3046875
1 0.390625 0.53203125 0.3854166666666667 0.234375
1 0.6541666666666667 0.44609375 0.3416666666666667 0.2265625
1 0.12604166666666666 0.65703125 0.2520833333333333 0.2484375
1 0.134375 0.46171875 0.26875 0.2015625
1 0.140625 0.29609375 0.22708333333333333 0.1984375
1 0.41354166666666664 0.0859375 0.16875 0.1453125
1 0.4239583333333333 0.1875 0.24166666666666667 0.11875
1 0.5541666666666667 0.11015625 0.19583333333333333 0.140625
1 0.6697916666666667 0.18671875 0.2125 0.1453125
1 0.834375 0.11484375 0.225 0.10625
0 0.878125 0.19765625 0.24375 0.1234375
1 0.6208333333333333 0.29765625 0.21041666666666667 0.13125