0 0.40625 0.634375 0.48541666666666666 0.34375
0 0.228125 0.28515625 0.35625 0.2796875
1 0.21979166666666666 0.07890625 0.33958333333333335 0.1578125
1 0.7677083333333333 0.20234375 0.3375 0.2875
1 0.48020833333333335 0.240625 0.19375 0.175
1 0.5604166666666667 0.4140625 0.45416666666666666 0.29375
1 0.8791666666666667 0.4828125 0.24166666666666667 0.359375
1 0.778125 0.7875 0.425 0.4109375
1 0.3260416666666667 0.81796875 0.3958333333333333 0.2421875
1 0.13854166666666667 0.86328125 0.27708333333333335 0.2484375
1 0.09375 0.634375 0.1875 0.271875
1 0.59375 0.07421875 0.29583333333333334 0.1484375
1 0.42083333333333334 0.09609375 0.12916666666666668 0.1171875
1 0.14375 0.4421875 0.19375 0.0890625