1 0.4479166666666667 0.421875 0.4666666666666667 0.30625
0 0.80625 0.59375 0.3854166666666667 0.2515625
1 0.15 0.534375 0.29791666666666666 0.309375
1 0.15833333333333333 0.8515625 0.31666666666666665 0.2953125
1 0.3 0.7421875 0.18958333333333333 0.190625
1 0.5208333333333334 0.6671875 0.30833333333333335 0.1703125
1 0.7645833333333333 0.30625 0.21666666666666667 0.209375
1 0.9291666666666667 0.428125 0.13958333333333334 0.1640625
1 0.7625 0.45 0.19375 0.090625
1 0.23541666666666666 0.240625 0.37083333333333335 0.2296875
1 0.5479166666666667 0.14375 0.3375 0.2453125
1 0.7854166666666667 0.1125 0.19791666666666666 0.159375
1 0.925 0.2453125 0.15 0.16875
1 0.9333333333333333 0.1140625 0.13333333333333333 0.1515625
1 0.06666666666666667 0.109375 0.12708333333333333 0.1609375
1 0.25833333333333336 0.078125 0.26666666666666666 0.1390625
1 0.03958333333333333 0.2859375 0.07708333333333334 0.2421875
1 0.51875 0.0265625 0.27708333333333335 0.053125