0 0.725 0.79765625 0.4875 0.3140625
0 0.7020833333333333 0.3609375 0.44583333333333336 0.3546875
0 0.36770833333333336 0.39375 0.43125 0.3546875
1 0.5333333333333333 0.15234375 0.45416666666666666 0.296875
1 0.29791666666666666 0.08515625 0.3333333333333333 0.1703125
1 0.7010416666666667 0.06015625 0.3229166666666667 0.1203125
1 0.8302083333333333 0.18125 0.2125 0.2390625
1 0.9239583333333333 0.3890625 0.15208333333333332 0.23125
1 0.8666666666666667 0.64609375 0.26666666666666666 0.3296875
1 0.47291666666666665 0.64765625 0.5375 0.3546875
1 0.5135416666666667 0.92734375 0.33125 0.1453125
1 0.9708333333333333 0.828125 0.058333333333333334 0.178125