0 0.38645833333333335 0.40625 0.36666666666666664 0.278125
0 0.6479166666666667 0.209375 0.3458333333333333 0.25
0 0.35625 0.21796875 0.3458333333333333 0.24375
0 0.66875 0.4203125 0.3 0.2640625
0 0.46458333333333335 0.6078125 0.38333333333333336 0.2515625
0 0.7583333333333333 0.7578125 0.43333333333333335 0.36875
0 0.165625 0.575 0.33125 0.25
0 0.85 0.31328125 0.25 0.1890625
1 0.8677083333333333 0.49453125 0.26458333333333334 0.2390625
0 0.9260416666666667 0.73515625 0.14791666666666667 0.2953125
1 0.38125 0.83203125 0.3729166666666667 0.3015625
0 0.2125 0.0875 0.21875 0.13125
1 0.39479166666666665 0.1125 0.20416666666666666 0.1359375
1 0.5604166666666667 0.0546875 0.225 0.109375
1 0.796875 0.0640625 0.20208333333333334 0.128125
1 0.7 0.01640625 0.16666666666666666 0.0328125
1 0.375 0.05 0.2 0.1
1 0.58125 0.10390625 0.21875 0.115625
1 0.8208333333333333 0.17421875 0.19791666666666666 0.1671875