0 0.7145833333333333 0.07109375 0.2125 0.1421875
0 0.4635416666666667 0.1296875 0.21666666666666667 0.1625
0 0.4114583333333333 0.396875 0.29791666666666666 0.2515625
0 0.41770833333333335 0.59296875 0.35625 0.2421875
0 0.44166666666666665 0.80625 0.4270833333333333 0.3125
0 0.8072916666666666 0.76171875 0.3854166666666667 0.3234375
0 0.846875 0.54765625 0.30625 0.2578125
0 0.7364583333333333 0.23984375 0.20625 0.1515625
0 0.7989583333333333 0.16484375 0.18333333333333332 0.1171875
1 0.6947916666666667 0.3921875 0.25833333333333336 0.1609375
1 0.821875 0.33359375 0.20625 0.1578125
1 0.9104166666666667 0.43515625 0.17916666666666667 0.1578125
1 0.609375 0.4953125 0.23125 0.165625
1 0.6604166666666667 0.6421875 0.2625 0.1828125
1 0.778125 0.92421875 0.34791666666666665 0.13125
0 0.19479166666666667 0.28828125 0.225 0.15625
1 0.15520833333333334 0.2015625 0.19375 0.121875
1 0.30104166666666665 0.16484375 0.18541666666666667 0.1125
1 0.346875 0.2359375 0.18333333333333332 0.096875
1 0.23229166666666667 0.3828125 0.1625 0.128125
0 0.2833333333333333 0.48359375 0.14791666666666667 0.115625
1 0.128125 0.071875 0.15833333333333333 0.0734375
1 0.15208333333333332 0.13359375 0.1875 0.1046875
0 0.28541666666666665 0.08046875 0.16458333333333333 0.1125
1 0.6375 0.16328125 0.16666666666666666 0.125
1 0.5354166666666667 0.23359375 0.18958333333333333 0.1046875
1 0.59375 0.303125 0.20833333333333334 0.1328125
0 0.978125 0.81953125 0.04375 0.2296875
0 0.8854166666666666 0.23515625 0.12708333333333333 0.096875