0 0.6229166666666667 0.24921875 0.32916666666666666 0.2546875
0 0.459375 0.434375 0.31875 0.2390625
0 0.20416666666666666 0.559375 0.36041666666666666 0.2375
0 0.44895833333333335 0.74453125 0.425 0.3109375
0 0.8291666666666667 0.6140625 0.30625 0.30625
0 0.5958333333333333 0.9328125 0.475 0.134375
0 0.796875 0.3046875 0.18333333333333332 0.1828125
0 0.678125 0.08046875 0.20416666666666666 0.153125
1 0.8708333333333333 0.08203125 0.21458333333333332 0.13125
1 0.834375 0.178125 0.19791666666666666 0.1390625
1 0.9260416666666667 0.40546875 0.14791666666666667 0.1921875
1 0.9375 0.25390625 0.125 0.1546875
1 0.196875 0.853125 0.36041666666666666 0.275
1 0.878125 0.82265625 0.20833333333333334 0.33125
1 0.7239583333333334 0.440625 0.29375 0.1921875
1 0.565625 0.584375 0.24166666666666667 0.184375