1 0.60625 0.5359375 0.36666666666666664 0.26875
0 0.7572916666666667 0.72421875 0.32708333333333334 0.2265625
0 0.4822916666666667 0.86484375 0.40625 0.2703125
0 0.228125 0.915625 0.27291666666666664 0.16875
0 0.16875 0.7296875 0.28125 0.25625
0 0.37916666666666665 0.3578125 0.25 0.1734375
0 0.5916666666666667 0.40234375 0.2791666666666667 0.159375
1 0.371875 0.53515625 0.26666666666666666 0.196875
1 0.19791666666666666 0.4328125 0.3145833333333333 0.2171875
1 0.24375 0.21953125 0.24375 0.178125
0 0.4375 0.24296875 0.21458333333333332 0.1453125
1 0.5947916666666667 0.3078125 0.20208333333333334 0.1234375
1 0.7854166666666667 0.38125 0.22916666666666666 0.1703125
1 0.91875 0.49453125 0.1625 0.1734375
1 0.803125 0.54140625 0.21458333333333332 0.2125
1 0.090625 0.553125 0.18125 0.190625