0 0.10729166666666666 0.45703125 0.21458333333333332 0.1890625
0 0.27708333333333335 0.5625 0.30833333333333335 0.1953125
0 0.17708333333333334 0.72734375 0.2833333333333333 0.20625
0 0.4239583333333333 0.7765625 0.25416666666666665 0.215625
0 0.7260416666666667 0.81484375 0.28125 0.2140625
0 0.5958333333333333 0.5046875 0.22916666666666666 0.1515625
0 0.8333333333333334 0.5109375 0.24583333333333332 0.1515625
0 0.709375 0.3671875 0.19791666666666666 0.1515625
0 0.840625 0.31484375 0.19791666666666666 0.1375
0 0.378125 0.2625 0.23333333333333334 0.1390625
0 0.5260416666666666 0.375 0.225 0.14375
0 0.24270833333333333 0.91484375 0.31875 0.1578125
1 0.134375 0.3 0.23333333333333334 0.15625
1 0.3145833333333333 0.40546875 0.23541666666666666 0.15625
1 0.7208333333333333 0.61328125 0.2625 0.1828125
1 0.9041666666666667 0.696875 0.16666666666666666 0.1875
0 0.9145833333333333 0.4265625 0.17083333333333334 0.1375
1 0.70625 0.22109375 0.20416666666666666 0.1453125
1 0.9635416666666666 0.5625 0.07291666666666667 0.125