1 0.14166666666666666 0.125 0.2833333333333333 0.209375
1 0.23333333333333334 0.29140625 0.2708333333333333 0.203125
1 0.08958333333333333 0.37890625 0.17916666666666667 0.2515625
1 0.24895833333333334 0.48046875 0.3104166666666667 0.2078125
1 0.19791666666666666 0.66640625 0.3333333333333333 0.2546875
1 0.4979166666666667 0.7171875 0.42291666666666666 0.315625
1 0.221875 0.87109375 0.36041666666666666 0.2578125
1 0.41770833333333335 0.39765625 0.19375 0.16875
1 0.5791666666666667 0.4734375 0.2708333333333333 0.16875
1 0.7552083333333334 0.54609375 0.21458333333333332 0.1453125
1 0.884375 0.48828125 0.1875 0.1328125
1 0.740625 0.42109375 0.16458333333333333 0.11875
1 0.571875 0.3375 0.20625 0.134375
1 0.48854166666666665 0.21484375 0.22916666666666666 0.2203125
0 0.7125 0.26171875 0.20208333333333334 0.175
1 0.88125 0.28671875 0.1875 0.14375
1 0.7666666666666667 0.35703125 0.13958333333333334 0.084375
1 0.903125 0.396875 0.18125 0.1140625
1 0.4791666666666667 0.078125 0.18333333333333332 0.115625
1 0.33125 0.22421875 0.13958333333333334 0.140625