0 0.36354166666666665 0.55 0.41875 0.2984375
1 0.5760416666666667 0.4984375 0.29791666666666666 0.2640625
1 0.6677083333333333 0.7765625 0.40208333333333335 0.3171875
1 0.29583333333333334 0.77734375 0.38125 0.25
1 0.12291666666666666 0.68515625 0.18541666666666667 0.228125
1 0.19583333333333333 0.87578125 0.39166666666666666 0.2203125
1 0.5135416666666667 0.93515625 0.3104166666666667 0.1296875
1 0.8614583333333333 0.78359375 0.18541666666666667 0.24375
1 0.9385416666666667 0.5203125 0.12291666666666666 0.20625
1 0.8104166666666667 0.43203125 0.2520833333333333 0.2125
1 0.9208333333333333 0.38671875 0.15833333333333333 0.1359375
1 0.9375 0.30390625 0.125 0.0921875
1 0.7427083333333333 0.184375 0.22708333333333333 0.184375
1 0.7541666666666667 0.3109375 0.2 0.1390625
1 0.6 0.38046875 0.21875 0.103125
1 0.5895833333333333 0.30234375 0.18333333333333332 0.1171875
1 0.5416666666666666 0.16640625 0.24166666666666667 0.1765625
1 0.42083333333333334 0.253125 0.19791666666666666 0.1203125
1 0.3489583333333333 0.33359375 0.2604166666666667 0.1796875
1 0.2604166666666667 0.4265625 0.25416666666666665 0.2125