1 0.47291666666666665 0.425 0.3875 0.3078125
0 0.8208333333333333 0.31875 0.35625 0.2828125
0 0.4895833333333333 0.1203125 0.2791666666666667 0.240625
1 0.7729166666666667 0.103125 0.30416666666666664 0.2046875
1 0.7791666666666667 0.59375 0.44166666666666665 0.21875
1 0.15625 0.478125 0.3125 0.2546875
1 0.2708333333333333 0.2703125 0.31875 0.190625
1 0.17291666666666666 0.115625 0.30416666666666664 0.190625
1 0.06458333333333334 0.7421875 0.12708333333333333 0.1703125
1 0.14166666666666666 0.9015625 0.2833333333333333 0.1953125
1 0.43333333333333335 0.9328125 0.3375 0.134375
1 0.6479166666666667 0.8671875 0.39375 0.1515625
1 0.8583333333333333 0.9234375 0.28125 0.1515625