0 0.22083333333333333 0.0765625 0.2833333333333333 0.1515625
0 0.5854166666666667 0.1375 0.34791666666666665 0.2734375
0 0.7375 0.3921875 0.33125 0.25
1 0.3416666666666667 0.396875 0.42916666666666664 0.2546875
1 0.3375 0.221875 0.2520833333333333 0.128125
1 0.88125 0.109375 0.20625 0.146875
1 0.8833333333333333 0.5359375 0.23333333333333334 0.1546875
1 0.5895833333333333 0.559375 0.2708333333333333 0.1796875
1 0.8020833333333334 0.734375 0.34375 0.2859375
1 0.46458333333333335 0.79375 0.35 0.3078125
1 0.09791666666666667 0.6015625 0.19583333333333333 0.225
1 0.33125 0.59375 0.2916666666666667 0.15625
1 0.1125 0.8390625 0.225 0.2671875
0 0.09375 0.2484375 0.18541666666666667 0.265625