0 0.140625 0.62109375 0.27291666666666664 0.2046875
0 0.12083333333333333 0.796875 0.15625 0.228125
0 0.30520833333333336 0.509375 0.26666666666666666 0.175
0 0.240625 0.37734375 0.20833333333333334 0.15
0 0.7697916666666667 0.41796875 0.30833333333333335 0.2515625
0 0.5833333333333334 0.51640625 0.22291666666666668 0.15
0 0.5541666666666667 0.87421875 0.375 0.2515625
0 0.8833333333333333 0.60546875 0.23333333333333334 0.2203125
0 0.9354166666666667 0.40859375 0.12916666666666668 0.1703125
0 0.5729166666666666 0.26484375 0.2625 0.1515625
1 0.3385416666666667 0.2625 0.24375 0.15625
1 0.42604166666666665 0.37734375 0.2125 0.171875
1 0.6020833333333333 0.3765625 0.21041666666666667 0.1453125
1 0.909375 0.271875 0.11041666666666666 0.1375
1 0.6479166666666667 0.66953125 0.40625 0.2828125
1 0.84375 0.8203125 0.3125 0.284375
1 0.971875 0.778125 0.05625 0.21875