0 0.36041666666666666 0.8421875 0.4 0.303125
0 0.6052083333333333 0.684375 0.34791666666666665 0.2421875
1 0.390625 0.5765625 0.30625 0.2078125
1 0.18854166666666666 0.5296875 0.2708333333333333 0.2109375
1 0.09895833333333333 0.41640625 0.19375 0.1359375
1 0.15104166666666666 0.28046875 0.2375 0.1703125
1 0.13854166666666667 0.1515625 0.14166666666666666 0.1421875
1 0.23229166666666667 0.3625 0.15416666666666667 0.0984375
1 0.3489583333333333 0.43515625 0.20208333333333334 0.1109375
1 0.5239583333333333 0.45546875 0.20416666666666666 0.15625
1 0.678125 0.559375 0.24791666666666667 0.159375
1 0.721875 0.4703125 0.23333333333333334 0.140625
0 0.7635416666666667 0.3921875 0.21041666666666667 0.11875
1 0.59375 0.353125 0.17708333333333334 0.115625
1 0.4197916666666667 0.2765625 0.15208333333333332 0.103125
0 0.3072916666666667 0.3078125 0.1625 0.096875
0 0.42291666666666666 0.36484375 0.17708333333333334 0.0921875
0 0.0625 0.85 0.125 0.19375