0 0.3541666666666667 0.4953125 0.35 0.3234375
0 0.71875 0.6390625 0.50625 0.271875
0 0.4270833333333333 0.80625 0.44375 0.2484375
0 0.6229166666666667 0.2125 0.3104166666666667 0.1859375
1 0.7916666666666666 0.3859375 0.3729166666666667 0.19375
1 0.3375 0.315625 0.3333333333333333 0.18125
1 0.10208333333333333 0.390625 0.20416666666666666 0.1671875
1 0.13125 0.6734375 0.2625 0.234375
1 0.14791666666666667 0.909375 0.29583333333333334 0.1765625
1 0.5229166666666667 0.965625 0.30833333333333335 0.0671875
1 0.8520833333333333 0.834375 0.29375 0.2953125
1 0.93125 0.2359375 0.13541666666666666 0.16875
1 0.35208333333333336 0.0578125 0.24166666666666667 0.1140625
1 0.13333333333333333 0.24375 0.18541666666666667 0.13125
1 0.09375 0.0375 0.1875 0.0734375
1 0.7020833333333333 0.0484375 0.20208333333333334 0.096875
1 0.8166666666666667 0.1140625 0.11666666666666667 0.0890625
1 0.9416666666666667 0.05625 0.11666666666666667 0.096875
1 0.9395833333333333 0.140625 0.11875 0.084375