0 0.37604166666666666 0.33203125 0.42083333333333334 0.3125
0 0.8041666666666667 0.08203125 0.2916666666666667 0.1515625
0 0.6989583333333333 0.4359375 0.3875 0.2203125
0 0.384375 0.578125 0.39375 0.2421875
1 0.71875 0.70703125 0.5020833333333333 0.4375
1 0.31979166666666664 0.84921875 0.6020833333333333 0.3015625
1 0.9333333333333333 0.4328125 0.13333333333333333 0.240625
1 0.840625 0.26484375 0.31875 0.1890625
0 0.95 0.1328125 0.1 0.234375
1 0.6166666666666667 0.29453125 0.20833333333333334 0.1359375
1 0.6645833333333333 0.140625 0.18541666666666667 0.1953125
0 0.44375 0.109375 0.36666666666666664 0.21875
0 0.11145833333333334 0.0859375 0.17291666666666666 0.090625
0 0.24895833333333334 0.06171875 0.21458333333333332 0.1234375
1 0.140625 0.20390625 0.25416666666666665 0.1921875
1 0.10104166666666667 0.321875 0.1875 0.1203125
0 0.09583333333333334 0.48046875 0.19166666666666668 0.2171875