1 0.6375 0.19375 0.23958333333333334 0.1671875
1 0.7083333333333334 0.3671875 0.26875 0.209375
1 0.70625 0.5796875 0.30833333333333335 0.184375
1 0.7520833333333333 0.8015625 0.30625 0.2984375
1 0.4708333333333333 0.7140625 0.22291666666666668 0.2546875
1 0.24791666666666667 0.475 0.25 0.2234375
1 0.28958333333333336 0.6359375 0.21458333333333332 0.1328125
1 0.35 0.834375 0.19375 0.190625
1 0.5875 0.909375 0.26666666666666666 0.18125
1 0.15 0.7578125 0.24166666666666667 0.1765625
1 0.04375 0.703125 0.0875 0.18125
1 0.1125 0.6 0.15208333333333332 0.1125
1 0.08541666666666667 0.4515625 0.17083333333333334 0.2015625
1 0.4625 0.3546875 0.24375 0.1765625
1 0.23958333333333334 0.2921875 0.24791666666666667 0.1171875
1 0.4395833333333333 0.2078125 0.17291666666666666 0.1375
1 0.2604166666666667 0.14375 0.25625 0.18125
1 0.0875 0.11875 0.175 0.1640625
1 0.075 0.2703125 0.15 0.1390625
1 0.25625 0.040625 0.17291666666666666 0.0796875
1 0.4041666666666667 0.071875 0.14791666666666667 0.11875
1 0.5854166666666667 0.0671875 0.20416666666666666 0.1296875
1 0.7770833333333333 0.121875 0.15416666666666667 0.14375