0 0.175 0.640625 0.35 0.2328125
0 0.6208333333333333 0.584375 0.36041666666666666 0.2015625
0 0.7916666666666666 0.3953125 0.23125 0.1734375
0 0.8895833333333333 0.5625 0.22083333333333333 0.190625
0 0.3229166666666667 0.9078125 0.32916666666666666 0.1828125
0 0.7229166666666667 0.9359375 0.33541666666666664 0.128125
1 0.8 0.7625 0.3854166666666667 0.2578125
0 0.35833333333333334 0.25 0.28541666666666665 0.146875
0 0.9333333333333333 0.3171875 0.13333333333333333 0.14375
1 0.8125 0.2046875 0.2708333333333333 0.1734375
0 0.525 0.3890625 0.30416666666666664 0.1828125
1 0.22916666666666666 0.4375 0.28541666666666665 0.1953125
1 0.07916666666666666 0.284375 0.15625 0.1734375
0 0.05416666666666667 0.4671875 0.10833333333333334 0.1671875
0 0.08125 0.8734375 0.1625 0.2515625