0 0.2625 0.62421875 0.525 0.3484375
0 0.38125 0.88984375 0.5666666666666667 0.2203125
1 0.5166666666666667 0.2 0.4583333333333333 0.315625
1 0.8552083333333333 0.27109375 0.28958333333333336 0.3046875
1 0.9489583333333333 0.1234375 0.10208333333333333 0.140625
1 0.8052083333333333 0.115625 0.24583333333333332 0.1875
0 0.553125 0.03828125 0.27291666666666664 0.0765625
1 0.28541666666666665 0.396875 0.4041666666666667 0.2546875
1 0.6010416666666667 0.4390625 0.35833333333333334 0.2328125
1 0.7020833333333333 0.67265625 0.4270833333333333 0.3640625
1 0.8395833333333333 0.47890625 0.19791666666666666 0.171875
1 0.9208333333333333 0.6953125 0.14791666666666667 0.3140625
1 0.7708333333333334 0.9203125 0.3125 0.159375
1 0.06145833333333333 0.828125 0.12291666666666666 0.253125