1 0.4010416666666667 0.80390625 0.58125 0.3921875
1 0.621875 0.7296875 0.27291666666666664 0.2390625
1 0.425 0.53515625 0.3625 0.2375
1 0.746875 0.5578125 0.32083333333333336 0.2609375
1 0.8520833333333333 0.75078125 0.24583333333333332 0.265625
1 0.9229166666666667 0.51015625 0.15416666666666667 0.1765625
1 0.865625 0.3390625 0.26875 0.259375
1 0.9197916666666667 0.1140625 0.16041666666666668 0.153125
1 0.9604166666666667 0.24453125 0.07916666666666666 0.1578125
1 0.7447916666666666 0.19140625 0.5104166666666666 0.3703125
1 0.5895833333333333 0.3875 0.32083333333333336 0.2265625
1 0.31875 0.3296875 0.3229166666666667 0.23125
1 0.45625 0.146875 0.30625 0.2578125
1 0.1875 0.153125 0.28125 0.25625
1 0.14583333333333334 0.49296875 0.2916666666666667 0.2671875
1 0.184375 0.7171875 0.26875 0.2546875
1 0.04895833333333333 0.72421875 0.09791666666666667 0.2640625