0 0.47708333333333336 0.38046875 0.325 0.2375
0 0.6427083333333333 0.56640625 0.35625 0.2609375
0 0.33125 0.5953125 0.3458333333333333 0.184375
0 0.11041666666666666 0.31875 0.22083333333333333 0.1625
0 0.24375 0.42421875 0.31666666666666665 0.2078125
0 0.68125 0.2890625 0.28541666666666665 0.1921875
1 0.49375 0.1859375 0.3145833333333333 0.2015625
1 0.7864583333333334 0.42734375 0.31666666666666665 0.2203125
1 0.86875 0.62734375 0.2625 0.2921875
1 0.9166666666666666 0.8328125 0.16666666666666666 0.234375
1 0.7583333333333333 0.81015625 0.30416666666666664 0.2796875
1 0.45416666666666666 0.76640625 0.4979166666666667 0.3046875
0 0.4979166666666667 0.9296875 0.37916666666666665 0.140625
1 0.221875 0.90859375 0.26875 0.1828125
1 0.07916666666666666 0.52421875 0.15833333333333333 0.2390625
1 0.08541666666666667 0.6921875 0.125 0.1671875