0 0.759375 0.69140625 0.46458333333333335 0.3453125
0 0.5989583333333334 0.45703125 0.3333333333333333 0.2765625
0 0.8364583333333333 0.35859375 0.3104166666666667 0.23125
0 0.16979166666666667 0.3140625 0.33958333333333335 0.215625
0 0.3125 0.471875 0.3770833333333333 0.24375
0 0.390625 0.69296875 0.43125 0.278125
1 0.5052083333333334 0.86796875 0.54375 0.2640625
1 0.8166666666666667 0.90390625 0.25 0.1453125
1 0.9510416666666667 0.86796875 0.09791666666666667 0.1421875
1 0.9489583333333333 0.73671875 0.10208333333333333 0.1390625
1 0.8822916666666667 0.55390625 0.23541666666666666 0.2640625
1 0.640625 0.19921875 0.33125 0.2453125
1 0.09479166666666666 0.5203125 0.18958333333333333 0.284375