1 0.7270833333333333 0.43125 0.33958333333333335 0.2515625
0 0.39375 0.5515625 0.32083333333333336 0.215625
0 0.4625 0.8484375 0.32916666666666666 0.3015625
0 0.7291666666666666 0.7796875 0.35833333333333334 0.2296875
1 0.8979166666666667 0.925 0.20416666666666666 0.1484375
1 0.9208333333333333 0.6171875 0.15833333333333333 0.2359375
1 0.925 0.2796875 0.14791666666666667 0.1390625
1 0.8708333333333333 0.1421875 0.25625 0.1703125
1 0.5083333333333333 0.246875 0.24791666666666667 0.1703125
1 0.7395833333333334 0.2765625 0.19583333333333333 0.11875
1 0.6770833333333334 0.1859375 0.18541666666666667 0.1265625
1 0.40625 0.3453125 0.13541666666666666 0.125
1 0.5104166666666666 0.4390625 0.14791666666666667 0.1359375
1 0.26875 0.425 0.225 0.1375
1 0.6645833333333333 0.6078125 0.275 0.1578125
1 0.9645833333333333 0.415625 0.06875 0.1234375