0 0.3854166666666667 0.4109375 0.2791666666666667 0.2875
0 0.6625 0.496875 0.36041666666666666 0.2515625
0 0.42291666666666666 0.6640625 0.3625 0.1828125
0 0.8375 0.6890625 0.3229166666666667 0.2390625
0 0.5666666666666667 0.20625 0.21458333333333332 0.140625
0 0.33958333333333335 0.0875 0.20625 0.175
1 0.32916666666666666 0.2671875 0.22083333333333333 0.1234375
1 0.12708333333333333 0.371875 0.19583333333333333 0.1515625
1 0.04791666666666667 0.4625 0.09375 0.075
1 0.14791666666666667 0.5765625 0.29583333333333334 0.2421875
1 0.16458333333333333 0.8421875 0.32708333333333334 0.315625
1 0.5479166666666667 0.8765625 0.45416666666666666 0.246875
1 0.8854166666666666 0.8890625 0.22916666666666666 0.2203125
1 0.7208333333333333 0.3296875 0.29583333333333334 0.15
1 0.11458333333333333 0.0890625 0.19166666666666668 0.1734375
0 0.49583333333333335 0.06875 0.14166666666666666 0.1296875
1 0.6291666666666667 0.115625 0.11458333333333333 0.084375
1 0.8208333333333333 0.15 0.12291666666666666 0.0484375
1 0.8604166666666667 0.203125 0.14166666666666666 0.059375
1 0.8645833333333334 0.2765625 0.11458333333333333 0.1125
1 0.96875 0.3015625 0.06041666666666667 0.1296875
1 0.9708333333333333 0.190625 0.05625 0.0859375
1 0.7458333333333333 0.0984375 0.1 0.0734375