0 0.3104166666666667 0.465625 0.3104166666666667 0.215625
0 0.6291666666666667 0.4984375 0.31666666666666665 0.2703125
0 0.8614583333333333 0.665625 0.27708333333333335 0.31875
0 0.384375 0.309375 0.27291666666666664 0.2046875
0 0.8447916666666667 0.4359375 0.2833333333333333 0.203125
0 0.8916666666666667 0.0421875 0.17916666666666667 0.084375
1 0.8947916666666667 0.125 0.17916666666666667 0.1234375
1 0.8364583333333333 0.26015625 0.3 0.2203125
1 0.61875 0.2828125 0.2375 0.1578125
1 0.5427083333333333 0.1546875 0.22708333333333333 0.121875
1 0.7197916666666667 0.1625 0.15208333333333332 0.0765625
1 0.709375 0.07578125 0.17708333333333334 0.1265625
1 0.53125 0.053125 0.2 0.10625
1 0.3375 0.08828125 0.19583333333333333 0.115625
1 0.3416666666666667 0.18671875 0.18958333333333333 0.09375
1 0.5166666666666667 0.7140625 0.34791666666666665 0.259375