0 0.475 0.4875 0.29791666666666666 0.2171875
0 0.7291666666666666 0.4 0.2520833333333333 0.2109375
0 0.540625 0.71796875 0.34791666666666665 0.2703125
0 0.225 0.66796875 0.3333333333333333 0.18125
0 0.12916666666666668 0.3109375 0.25833333333333336 0.16875
0 0.17395833333333333 0.47578125 0.33958333333333335 0.1984375
1 0.5708333333333333 0.23671875 0.28958333333333336 0.178125
0 0.8020833333333334 0.60390625 0.31875 0.2421875
1 0.8354166666666667 0.85546875 0.32916666666666666 0.2828125
1 0.234375 0.8765625 0.4479166666666667 0.246875
1 0.5864583333333333 0.9453125 0.29791666666666666 0.109375