0 0.5145833333333333 0.6984375 0.3645833333333333 0.2234375
0 0.4791666666666667 0.5078125 0.18958333333333333 0.1625
0 0.6020833333333333 0.2859375 0.1875 0.1125
1 0.7729166666666667 0.1671875 0.23333333333333334 0.14375
1 0.8333333333333334 0.303125 0.33125 0.21875
1 0.6604166666666667 0.403125 0.2604166666666667 0.1390625
1 0.7791666666666667 0.5703125 0.30833333333333335 0.2125
1 0.8520833333333333 0.809375 0.29375 0.38125
1 0.4625 0.9171875 0.47291666666666665 0.1640625
1 0.17083333333333334 0.759375 0.3416666666666667 0.2390625
1 0.24791666666666667 0.5296875 0.37083333333333335 0.2625
1 0.3875 0.359375 0.25833333333333336 0.14375
1 0.15416666666666667 0.3953125 0.19166666666666668 0.08125
0 0.9645833333333333 0.5 0.06875 0.2109375