0 0.18020833333333333 0.39140625 0.3375 0.215625
0 0.6958333333333333 0.4328125 0.24375 0.1859375
0 0.8125 0.92421875 0.2916666666666667 0.1515625
0 0.6760416666666667 0.6546875 0.3458333333333333 0.2375
1 0.45208333333333334 0.4296875 0.24791666666666667 0.203125
1 0.23020833333333332 0.621875 0.39166666666666666 0.2203125
1 0.2916666666666667 0.8484375 0.3729166666666667 0.3
1 0.484375 0.728125 0.23958333333333334 0.2109375
1 0.571875 0.9140625 0.2520833333333333 0.171875
0 0.8822916666666667 0.53984375 0.23541666666666666 0.1984375
1 0.9114583333333334 0.7359375 0.15 0.225
1 0.5760416666666667 0.28203125 0.2708333333333333 0.1734375
1 0.9354166666666667 0.29375 0.12916666666666668 0.2
1 0.9052083333333333 0.4125 0.18958333333333333 0.10625
1 0.890625 0.17578125 0.21875 0.1671875
1 0.840625 0.0921875 0.16875 0.103125
1 0.7645833333333333 0.0390625 0.15416666666666667 0.0546875
1 0.6552083333333333 0.06953125 0.18541666666666667 0.1
1 0.66875 0.18515625 0.21875 0.1796875
1 0.4822916666666667 0.13359375 0.18541666666666667 0.1046875
1 0.35208333333333336 0.2125 0.26458333333333334 0.1640625
0 0.13333333333333333 0.2875 0.21458333333333332 0.096875
0 0.1125 0.2328125 0.17083333333333334 0.0765625
1 0.11041666666666666 0.18125 0.15416666666666667 0.06875
1 0.2791666666666667 0.0984375 0.175 0.1140625
1 0.140625 0.06796875 0.18125 0.1359375
1 0.43020833333333336 0.028125 0.14375 0.05625
1 0.4479166666666667 0.071875 0.13333333333333333 0.0578125