0 0.37083333333333335 0.68359375 0.35208333333333336 0.2984375
0 0.5 0.475 0.3541666666666667 0.25
0 0.696875 0.76796875 0.41041666666666665 0.3359375
0 0.425 0.90078125 0.38333333333333336 0.1984375
0 0.28020833333333334 0.3265625 0.3104166666666667 0.2375
0 0.83125 0.24453125 0.28958333333333336 0.2421875
0 0.6697916666666667 0.0921875 0.33125 0.184375
1 0.32708333333333334 0.14765625 0.3770833333333333 0.2203125
1 0.565625 0.284375 0.3458333333333333 0.234375
0 0.8708333333333333 0.4546875 0.25833333333333336 0.240625
0 0.946875 0.82265625 0.10625 0.2765625