1 0.2864583333333333 0.3609375 0.475 0.33125
1 0.6052083333333333 0.50390625 0.33958333333333335 0.2265625
1 0.8541666666666666 0.41015625 0.2916666666666667 0.2203125
1 0.8791666666666667 0.6359375 0.24166666666666667 0.24375
1 0.69375 0.7203125 0.36875 0.246875
1 0.8458333333333333 0.87265625 0.30833333333333335 0.2328125
1 0.528125 0.9078125 0.35208333333333336 0.184375
1 0.37916666666666665 0.72890625 0.3145833333333333 0.2453125
1 0.27708333333333335 0.55390625 0.32083333333333336 0.15
1 0.08229166666666667 0.4328125 0.16458333333333333 0.209375
1 0.125 0.665625 0.24166666666666667 0.26875
1 0.18541666666666667 0.88984375 0.32083333333333336 0.2203125
1 0.053125 0.28046875 0.10625 0.1734375
1 0.03125 0.12109375 0.0625 0.1921875
1 0.3645833333333333 0.1125 0.3875 0.225
1 0.675 0.08203125 0.29583333333333334 0.1640625
1 0.878125 0.0953125 0.18541666666666667 0.190625
1 0.796875 0.23046875 0.3020833333333333 0.221875
1 0.5510416666666667 0.284375 0.25 0.2140625