0 0.18541666666666667 0.48046875 0.37083333333333335 0.2453125
0 0.47708333333333336 0.321875 0.15416666666666667 0.1
0 0.15729166666666666 0.20390625 0.28541666666666665 0.146875
0 0.8604166666666667 0.16015625 0.15625 0.121875
1 0.8604166666666667 0.2859375 0.225 0.1875
1 0.6885416666666667 0.3828125 0.26666666666666666 0.2015625
1 0.853125 0.4890625 0.29375 0.253125
1 0.7302083333333333 0.634375 0.42291666666666666 0.28125
1 0.80625 0.84453125 0.3875 0.2796875
1 0.46875 0.8359375 0.42083333333333334 0.328125
0 0.38125 0.6140625 0.325 0.215625
1 0.13020833333333334 0.64453125 0.23958333333333334 0.1875
1 0.19479166666666667 0.8484375 0.29583333333333334 0.2921875
1 0.03854166666666667 0.40859375 0.07708333333333334 0.1734375
1 0.075 0.32109375 0.15 0.1453125
1 0.27708333333333335 0.29921875 0.31666666666666665 0.2015625
0 0.046875 0.1265625 0.09375 0.153125
1 0.1625 0.09765625 0.19375 0.1375
1 0.3 0.10625 0.16041666666666668 0.1125
1 0.353125 0.21640625 0.13958333333333334 0.1125
1 0.5135416666666667 0.2234375 0.18958333333333333 0.14375
1 0.690625 0.20234375 0.19791666666666666 0.1625
1 0.696875 0.07890625 0.18541666666666667 0.109375
1 0.546875 0.13203125 0.15416666666666667 0.075
1 0.84375 0.09140625 0.14791666666666667 0.090625
1 0.453125 0.04921875 0.12916666666666668 0.0828125
1 0.5385416666666667 0.0875 0.1375 0.0640625
1 0.8197916666666667 0.0375 0.12708333333333333 0.075
1 0.6677083333333333 0.03125 0.16875 0.0625
1 0.46979166666666666 0.434375 0.2625 0.2078125