1 0.26145833333333335 0.453125 0.2833333333333333 0.1875
1 0.5197916666666667 0.51484375 0.25625 0.1984375
1 0.7864583333333334 0.553125 0.3020833333333333 0.2125
1 0.546875 0.72421875 0.22916666666666666 0.209375
0 0.359375 0.87890625 0.35208333333333336 0.2421875
1 0.1 0.8125 0.2 0.321875
1 0.08020833333333334 0.5515625 0.16041666666666668 0.225
1 0.2875 0.6421875 0.3229166666666667 0.228125
1 0.0875 0.24765625 0.15416666666666667 0.2234375
1 0.29270833333333335 0.27734375 0.3020833333333333 0.21875
1 0.5072916666666667 0.371875 0.21458333333333332 0.165625
1 0.21354166666666666 0.14921875 0.21666666666666667 0.1
1 0.3302083333333333 0.05390625 0.3104166666666667 0.1078125
1 0.109375 0.06015625 0.16041666666666668 0.1203125
1 0.44895833333333335 0.18984375 0.24166666666666667 0.1765625
1 0.5989583333333334 0.27265625 0.13125 0.1453125
1 0.728125 0.33515625 0.17916666666666667 0.153125
1 0.8739583333333333 0.40078125 0.16875 0.1234375
1 0.7072916666666667 0.215625 0.13958333333333334 0.121875
1 0.6291666666666667 0.0875 0.19375 0.16875
0 0.8114583333333333 0.12734375 0.16666666666666666 0.1390625
1 0.8427083333333333 0.22734375 0.12708333333333333 0.0828125
1 0.9364583333333333 0.253125 0.12708333333333333 0.103125
1 0.9385416666666667 0.1515625 0.12291666666666666 0.134375