0 0.64375 0.503125 0.37083333333333335 0.2265625
0 0.13645833333333332 0.515625 0.27291666666666664 0.209375
1 0.33645833333333336 0.41640625 0.38125 0.2546875
1 0.41041666666666665 0.63125 0.33125 0.2484375
1 0.70625 0.73515625 0.3854166666666667 0.3171875
1 0.17291666666666666 0.71171875 0.3458333333333333 0.259375
1 0.19479166666666667 0.13515625 0.33958333333333335 0.2703125
1 0.4875 0.228125 0.33541666666666664 0.2421875
1 0.7395833333333334 0.3234375 0.3145833333333333 0.2328125
1 0.771875 0.13671875 0.3625 0.2640625
1 0.47604166666666664 0.065625 0.29375 0.13125