1 0.18229166666666666 0.6078125 0.3645833333333333 0.246875
1 0.11666666666666667 0.796875 0.23333333333333334 0.24375
1 0.265625 0.9125 0.3458333333333333 0.1671875
1 0.48125 0.62578125 0.30625 0.2390625
1 0.5552083333333333 0.4234375 0.35625 0.26875
1 0.603125 0.25859375 0.3625 0.196875
1 0.3020833333333333 0.34765625 0.30833333333333335 0.234375
1 0.14375 0.43984375 0.2875 0.2203125
1 0.071875 0.29921875 0.11458333333333333 0.1609375
1 0.09166666666666666 0.2015625 0.13333333333333333 0.153125
1 0.15520833333333334 0.14140625 0.20416666666666666 0.1390625