0 0.221875 0.63984375 0.35 0.2859375
0 0.778125 0.26875 0.21041666666666667 0.121875
0 0.11041666666666666 0.29375 0.19166666666666668 0.1703125
0 0.26145833333333335 0.0921875 0.1375 0.1171875
1 0.13854166666666667 0.075 0.19375 0.15
1 0.25 0.20625 0.21666666666666667 0.1609375
1 0.42604166666666665 0.23828125 0.20208333333333334 0.140625
1 0.621875 0.1375 0.23541666666666666 0.159375
1 0.5677083333333334 0.0484375 0.22291666666666668 0.096875
1 0.7739583333333333 0.07265625 0.23541666666666666 0.125
1 0.39166666666666666 0.03046875 0.15833333333333333 0.0609375
1 0.9302083333333333 0.29140625 0.13958333333333334 0.1453125
1 0.6 0.27265625 0.18958333333333333 0.109375
1 0.359375 0.32734375 0.21875 0.14375
1 0.5416666666666666 0.34453125 0.20833333333333334 0.1328125
0 0.7333333333333333 0.34921875 0.2125 0.1296875
1 0.8489583333333334 0.45703125 0.3020833333333333 0.2203125
1 0.58125 0.48046875 0.30625 0.190625
1 0.30625 0.45625 0.28958333333333336 0.178125
1 0.515625 0.6484375 0.3 0.221875
1 0.79375 0.65390625 0.30833333333333335 0.25625
1 0.05625 0.56484375 0.1125 0.2015625
0 0.9447916666666667 0.628125 0.10208333333333333 0.1875