0 0.18958333333333333 0.5421875 0.37083333333333335 0.403125
0 0.6375 0.665625 0.5666666666666667 0.35625
0 0.35208333333333336 0.865625 0.43125 0.2671875
0 0.48541666666666666 0.1578125 0.33958333333333335 0.225
1 0.6895833333333333 0.3515625 0.42083333333333334 0.2625
1 0.8770833333333333 0.54375 0.24583333333333332 0.2703125
1 0.8291666666666667 0.8546875 0.3416666666666667 0.2890625
1 0.20208333333333334 0.3203125 0.39166666666666666 0.21875
1 0.5083333333333333 0.4828125 0.23125 0.14375
1 0.16875 0.0515625 0.25833333333333336 0.1015625
1 0.8604166666666667 0.20625 0.21875 0.159375
1 0.8833333333333333 0.0890625 0.22291666666666668 0.1125
1 0.6895833333333333 0.1671875 0.12083333333333333 0.1421875
1 0.6875 0.0796875 0.16458333333333333 0.10625