0 0.33125 0.7609375 0.34375 0.29375
0 0.17916666666666667 0.5546875 0.30416666666666664 0.1921875
0 0.04791666666666667 0.45625 0.09375 0.153125
0 0.15 0.3421875 0.24791666666666667 0.196875
0 0.45 0.396875 0.21666666666666667 0.1984375
0 0.24583333333333332 0.1671875 0.24583333333333332 0.215625
0 0.8416666666666667 0.0890625 0.22916666666666666 0.14375
1 0.93125 0.2140625 0.13541666666666666 0.228125
1 0.7020833333333333 0.3546875 0.23333333333333334 0.1578125
1 0.6541666666666667 0.528125 0.2875 0.225
0 0.65625 0.8 0.34791666666666665 0.3
1 0.9 0.853125 0.19791666666666666 0.2734375
1 0.9333333333333333 0.596875 0.13333333333333333 0.2046875
1 0.575 0.2328125 0.18333333333333332 0.1390625
1 0.7708333333333334 0.209375 0.19791666666666666 0.1390625
1 0.40208333333333335 0.3 0.20416666666666666 0.103125
1 0.4270833333333333 0.196875 0.15625 0.1078125
1 0.43333333333333335 0.0890625 0.17083333333333334 0.0984375
1 0.6041666666666666 0.121875 0.19791666666666666 0.121875
1 0.6145833333333334 0.046875 0.1875 0.0921875
1 0.45416666666666666 0.0328125 0.16666666666666666 0.0640625
1 0.2833333333333333 0.034375 0.15833333333333333 0.0671875
1 0.07083333333333333 0.728125 0.13958333333333334 0.2375
1 0.86875 0.3734375 0.13333333333333333 0.1375
1 0.9541666666666667 0.3859375 0.09166666666666666 0.184375