0 0.5895833333333333 0.7296875 0.3125 0.246875
1 0.8104166666666667 0.5859375 0.3333333333333333 0.265625
0 0.58125 0.39375 0.3125 0.1953125
1 0.38333333333333336 0.5328125 0.25833333333333336 0.1921875
1 0.33125 0.75 0.2604166666666667 0.2234375
1 0.47708333333333336 0.921875 0.38958333333333334 0.1546875
1 0.8833333333333333 0.3359375 0.23125 0.26875
1 0.76875 0.1734375 0.40625 0.2328125
1 0.42083333333333334 0.26875 0.25625 0.215625
1 0.4666666666666667 0.0796875 0.25 0.1578125
0 0.23958333333333334 0.20625 0.21875 0.1703125
1 0.18125 0.36875 0.2916666666666667 0.1953125
0 0.18333333333333332 0.540625 0.22083333333333333 0.15
1 0.13125 0.734375 0.21041666666666667 0.184375
1 0.041666666666666664 0.6 0.08125 0.1609375
1 0.775 0.0359375 0.33958333333333335 0.0703125