0 0.58125 0.6375 0.3020833333333333 0.24375
0 0.21666666666666667 0.4984375 0.43333333333333335 0.31875
1 0.30416666666666664 0.8265625 0.5291666666666667 0.3453125
1 0.21458333333333332 0.2265625 0.37083333333333335 0.2859375
1 0.4875 0.1609375 0.3125 0.215625
1 0.5354166666666667 0.35625 0.29583333333333334 0.2546875
1 0.7541666666666667 0.4671875 0.2520833333333333 0.196875
1 0.7625 0.2609375 0.25833333333333336 0.2078125
1 0.9291666666666667 0.3015625 0.13958333333333334 0.246875
1 0.5208333333333334 0.0375 0.29791666666666666 0.075
1 0.7333333333333333 0.0875 0.22708333333333333 0.1734375
1 0.9291666666666667 0.096875 0.14166666666666666 0.1734375