1 0.7729166666666667 0.0625 0.3145833333333333 0.1234375
1 0.64375 0.15 0.3854166666666667 0.1515625
1 0.5875 0.328125 0.34791666666666665 0.265625
1 0.85625 0.4046875 0.2875 0.2578125
1 0.8333333333333334 0.7109375 0.3333333333333333 0.396875
1 0.4979166666666667 0.7328125 0.41458333333333336 0.2953125
1 0.35 0.59375 0.33541666666666664 0.1921875
1 0.3416666666666667 0.421875 0.22291666666666668 0.159375
1 0.17291666666666666 0.521875 0.19375 0.125
1 0.3875 0.1390625 0.17708333333333334 0.1296875
1 0.3729166666666667 0.2640625 0.21458333333333332 0.1296875
1 0.37916666666666665 0.959375 0.24583333333333332 0.0796875
1 0.1125 0.9484375 0.22291666666666668 0.103125
1 0.10833333333333334 0.8609375 0.21458333333333332 0.11875
1 0.21458333333333332 0.34375 0.16458333333333333 0.0890625
1 0.14791666666666667 0.73125 0.17708333333333334 0.103125
1 0.05416666666666667 0.765625 0.10833333333333334 0.103125