0 0.675 0.728125 0.3416666666666667 0.284375
0 0.34791666666666665 0.5890625 0.35 0.2671875
0 0.5541666666666667 0.4078125 0.35208333333333336 0.2296875
0 0.38333333333333336 0.23125 0.2791666666666667 0.215625
1 0.8125 0.0671875 0.3416666666666667 0.1328125
1 0.6604166666666667 0.2171875 0.3104166666666667 0.2390625
1 0.9041666666666667 0.215625 0.19166666666666668 0.2078125
1 0.9083333333333333 0.4421875 0.18125 0.25
0 0.3541666666666667 0.8640625 0.39166666666666666 0.2703125
1 0.45 0.0734375 0.3333333333333333 0.140625
1 0.9416666666666667 0.8515625 0.11458333333333333 0.296875