0 0.18333333333333332 0.69765625 0.36666666666666664 0.3234375
0 0.31666666666666665 0.40078125 0.38125 0.2578125
0 0.49895833333333334 0.734375 0.3958333333333333 0.3125
1 0.7114583333333333 0.365625 0.46875 0.3671875
1 0.8375 0.69609375 0.3145833333333333 0.3359375
1 0.8072916666666666 0.88046875 0.30625 0.2390625
1 0.5791666666666667 0.92578125 0.4166666666666667 0.1484375
1 0.19375 0.9078125 0.3875 0.165625
1 0.5447916666666667 0.56640625 0.3229166666666667 0.178125
1 0.259375 0.5609375 0.3125 0.15
1 0.321875 0.259375 0.23125 0.121875
1 0.6385416666666667 0.13671875 0.30416666666666664 0.209375
1 0.8614583333333333 0.15 0.20833333333333334 0.1578125
1 0.9625 0.16484375 0.075 0.1734375
1 0.8864583333333333 0.27734375 0.22708333333333333 0.1359375
1 0.48541666666666666 0.24453125 0.14791666666666667 0.14375