0 0.7385416666666667 0.63125 0.40625 0.35625
0 0.9041666666666667 0.78203125 0.12708333333333333 0.2234375
1 0.6541666666666667 0.87890625 0.44166666666666665 0.2421875
1 0.35104166666666664 0.8671875 0.3729166666666667 0.265625
1 0.46145833333333336 0.68046875 0.30625 0.2484375
1 0.25729166666666664 0.69921875 0.23125 0.23125
1 0.2989583333333333 0.5140625 0.3416666666666667 0.1859375
1 0.12083333333333333 0.621875 0.24166666666666667 0.38125
1 0.14583333333333334 0.38046875 0.25833333333333336 0.1828125
1 0.28125 0.21640625 0.28125 0.196875
1 0.42291666666666666 0.365625 0.425 0.315625
1 0.640625 0.49296875 0.225 0.2140625
1 0.7270833333333333 0.32421875 0.32708333333333334 0.221875
1 0.88125 0.51015625 0.2375 0.2171875
1 0.8854166666666666 0.18515625 0.22916666666666666 0.2484375
1 0.9239583333333333 0.36328125 0.15208333333333332 0.1453125
1 0.546875 0.2078125 0.26458333333333334 0.175
1 0.5947916666666667 0.0671875 0.24375 0.134375
1 0.7427083333333333 0.14921875 0.22708333333333333 0.1765625