1 0.5791666666666667 0.0859375 0.15833333333333333 0.1109375
1 0.3333333333333333 0.284375 0.20208333333333334 0.121875
0 0.47291666666666665 0.290625 0.13958333333333334 0.1265625
1 0.7729166666666667 0.39375 0.24166666666666667 0.159375
1 0.3458333333333333 0.428125 0.24375 0.14375
1 0.55 0.4046875 0.26875 0.1671875
1 0.22708333333333333 0.5578125 0.24375 0.184375
1 0.4125 0.628125 0.21041666666666667 0.1640625
1 0.70625 0.540625 0.22291666666666668 0.15625
1 0.9104166666666667 0.5421875 0.17708333333333334 0.16875
0 0.9145833333333333 0.309375 0.14375 0.059375
1 0.7854166666666667 0.125 0.15833333333333333 0.0984375
1 0.9333333333333333 0.228125 0.13333333333333333 0.13125
1 0.7395833333333334 0.221875 0.2 0.1078125
1 0.54375 0.2140625 0.22708333333333333 0.1109375
1 0.59375 0.65 0.2 0.165625
1 0.7895833333333333 0.6640625 0.20833333333333334 0.146875
1 0.93125 0.684375 0.1375 0.14375
1 0.88125 0.7890625 0.2375 0.1453125
1 0.66875 0.796875 0.23125 0.1484375
1 0.44375 0.7890625 0.24583333333333332 0.1515625
1 0.12083333333333333 0.678125 0.24166666666666667 0.171875
1 0.21458333333333332 0.8125 0.2520833333333333 0.159375
1 0.075 0.8671875 0.15 0.1609375
1 0.09583333333333334 0.4609375 0.18958333333333333 0.2046875
1 0.16041666666666668 0.2546875 0.17708333333333334 0.1265625
1 0.33541666666666664 0.9265625 0.2520833333333333 0.146875
1 0.11041666666666666 0.94375 0.21875 0.1109375
1 0.6083333333333333 0.9234375 0.325 0.153125
1 0.79375 0.9125 0.25 0.1734375
0 0.9395833333333333 0.9234375 0.12083333333333333 0.14375
1 0.3020833333333333 0.178125 0.16041666666666668 0.075
1 0.42291666666666666 0.146875 0.17916666666666667 0.09375
0 0.13541666666666666 0.38125 0.22916666666666666 0.13125