0 0.21458333333333332 0.3203125 0.3729166666666667 0.2921875
0 0.22916666666666666 0.60234375 0.4583333333333333 0.3296875
0 0.6447916666666667 0.53671875 0.49583333333333335 0.30625
1 0.5447916666666667 0.28359375 0.34375 0.2703125
0 0.80625 0.40859375 0.26666666666666666 0.23125
1 0.5364583333333334 0.81484375 0.46875 0.303125
1 0.16458333333333333 0.8703125 0.25 0.259375
1 0.096875 0.128125 0.19375 0.2
1 0.3 0.125 0.2833333333333333 0.2078125
1 0.5322916666666667 0.078125 0.2520833333333333 0.15625
1 0.79375 0.19453125 0.30416666666666664 0.2171875
1 0.8895833333333333 0.5921875 0.22083333333333333 0.209375
0 0.921875 0.35703125 0.14375 0.1890625
1 0.740625 0.05625 0.23958333333333334 0.1125
1 0.08229166666666667 0.42265625 0.16458333333333333 0.2015625