1 0.4375 0.8015625 0.49583333333333335 0.3609375
1 0.74375 0.765625 0.33541666666666664 0.3109375
1 0.865625 0.575 0.26875 0.234375
1 0.9291666666666667 0.3828125 0.13333333333333333 0.1640625
1 0.8979166666666667 0.234375 0.13333333333333333 0.1671875
1 0.7302083333333333 0.20390625 0.2125 0.2140625
1 0.7520833333333333 0.40390625 0.30625 0.2234375
1 0.49166666666666664 0.47890625 0.3333333333333333 0.1984375
1 0.30416666666666664 0.61015625 0.33541666666666664 0.1921875
1 0.18333333333333332 0.46953125 0.29375 0.1890625
1 0.2916666666666667 0.33046875 0.29375 0.228125
1 0.534375 0.27109375 0.28958333333333336 0.2078125
1 0.5322916666666667 0.09453125 0.29375 0.1890625
1 0.7625 0.05 0.2375 0.1
1 0.859375 0.09375 0.13541666666666666 0.096875
1 0.175 0.23046875 0.26666666666666666 0.1515625
1 0.08125 0.159375 0.1625 0.2375
1 0.03854166666666667 0.4484375 0.07708333333333334 0.128125
1 0.08333333333333333 0.59609375 0.16666666666666666 0.2109375
1 0.15208333333333332 0.78984375 0.225 0.215625
1 0.9541666666666667 0.7625 0.09166666666666666 0.240625