0 0.47291666666666665 0.3453125 0.3229166666666667 0.2453125
0 0.28125 0.578125 0.44166666666666665 0.2265625
0 0.6895833333333333 0.54765625 0.4270833333333333 0.3203125
1 0.53125 0.78828125 0.54375 0.4046875
1 0.85 0.8171875 0.3 0.321875
1 0.9208333333333333 0.61015625 0.15833333333333333 0.3015625
0 0.8083333333333333 0.39609375 0.3 0.2
0 0.6625 0.24453125 0.29583333333333334 0.1921875
1 0.45729166666666665 0.14765625 0.3145833333333333 0.215625
1 0.18645833333333334 0.38828125 0.3729166666666667 0.2734375
1 0.07916666666666666 0.2453125 0.15833333333333333 0.178125