0 0.20208333333333334 0.5484375 0.30416666666666664 0.2234375
0 0.3875 0.7578125 0.3229166666666667 0.2796875
0 0.4895833333333333 0.3546875 0.25833333333333336 0.2015625
0 0.79375 0.3140625 0.25833333333333336 0.2265625
0 0.9083333333333333 0.49375 0.18125 0.1875
0 0.8916666666666667 0.7171875 0.21666666666666667 0.2984375
0 0.84375 0.9140625 0.3104166666666667 0.1703125
1 0.6791666666666667 0.75625 0.2625 0.1984375
1 0.6583333333333333 0.54375 0.27291666666666664 0.2578125
1 0.45416666666666666 0.5828125 0.175 0.14375
1 0.32708333333333334 0.440625 0.16666666666666666 0.1140625
0 0.10208333333333333 0.4046875 0.20208333333333334 0.15
1 0.25416666666666665 0.284375 0.21666666666666667 0.184375
1 0.475 0.1796875 0.21041666666666667 0.1515625
1 0.6520833333333333 0.15 0.17708333333333334 0.1078125
0 0.79375 0.0515625 0.22916666666666666 0.103125
0 0.8041666666666667 0.19375 0.18333333333333332 0.0828125
0 0.9104166666666667 0.1625 0.16458333333333333 0.121875
1 0.07708333333333334 0.1265625 0.15208333333333332 0.18125
1 0.06458333333333334 0.2828125 0.12708333333333333 0.128125
1 0.23958333333333334 0.1046875 0.13333333333333333 0.0875
1 0.3333333333333333 0.1671875 0.09375 0.0875
1 0.3854166666666667 0.05 0.16041666666666668 0.0984375
1 0.5916666666666667 0.0453125 0.14791666666666667 0.0890625