1 0.48125 0.0625 0.20625 0.1078125
1 0.5833333333333334 0.2078125 0.23541666666666666 0.1515625
1 0.3770833333333333 0.20625 0.20833333333333334 0.1203125
1 0.37916666666666665 0.340625 0.30416666666666664 0.190625
1 0.3645833333333333 0.51875 0.26875 0.1828125
1 0.5645833333333333 0.4421875 0.17291666666666666 0.196875
1 0.7645833333333333 0.528125 0.32916666666666666 0.1984375
1 0.9020833333333333 0.334375 0.19583333333333333 0.2015625
1 0.8625 0.671875 0.24375 0.14375
1 0.425 0.65 0.23541666666666666 0.1015625
1 0.2625 0.8421875 0.30416666666666664 0.20625
1 0.5270833333333333 0.78125 0.2833333333333333 0.21875
1 0.8145833333333333 0.875 0.37083333333333335 0.2484375