0 0.6114583333333333 0.25078125 0.45625 0.3703125
0 0.6364583333333333 0.56640625 0.55625 0.365625
0 0.8958333333333334 0.5296875 0.20833333333333334 0.30625
0 0.19583333333333333 0.55078125 0.39166666666666666 0.3578125
1 0.19166666666666668 0.1125 0.38333333333333336 0.203125
1 0.63125 0.0625 0.30416666666666664 0.125
1 0.37395833333333334 0.1921875 0.25833333333333336 0.165625
1 0.14375 0.2703125 0.2875 0.221875
1 0.35520833333333335 0.371875 0.2875 0.2203125
1 0.865625 0.24140625 0.22083333333333333 0.2796875
1 0.8385416666666666 0.08515625 0.17708333333333334 0.1203125
1 0.8291666666666667 0.0296875 0.15833333333333333 0.059375
1 0.8416666666666667 0.81015625 0.31666666666666665 0.3296875
1 0.640625 0.8046875 0.23958333333333334 0.203125
1 0.378125 0.8578125 0.45208333333333334 0.284375
1 0.15729166666666666 0.8875 0.20208333333333334 0.225
1 0.09375 0.415625 0.1875 0.1