1 0.184375 0.11015625 0.3229166666666667 0.1984375
1 0.078125 0.24375 0.13958333333333334 0.1578125
1 0.315625 0.3015625 0.31875 0.221875
1 0.590625 0.39921875 0.3333333333333333 0.253125
1 0.5958333333333333 0.59765625 0.3125 0.2109375
0 0.5166666666666667 0.77734375 0.35833333333333334 0.2078125
0 0.33125 0.5359375 0.28958333333333336 0.2515625
1 0.11354166666666667 0.46796875 0.22708333333333333 0.2890625
1 0.18333333333333332 0.71875 0.36666666666666664 0.2265625
1 0.06354166666666666 0.8296875 0.12708333333333333 0.2375
1 0.3125 0.9015625 0.3229166666666667 0.1953125
1 0.6020833333333333 0.93359375 0.30833333333333335 0.1328125