1 0.66875 0.815625 0.36666666666666664 0.33125
1 0.30625 0.790625 0.33541666666666664 0.31875
1 0.425 0.5375 0.35208333333333336 0.2390625
1 0.6729166666666667 0.45625 0.28958333333333336 0.2375
1 0.44375 0.334375 0.25625 0.175
1 0.71875 0.2265625 0.36041666666666666 0.2578125
1 0.29583333333333334 0.134375 0.41041666666666665 0.2671875
1 0.15416666666666667 0.3265625 0.27708333333333335 0.2125
1 0.7770833333333333 0.046875 0.23541666666666666 0.09375
1 0.13125 0.5109375 0.2604166666666667 0.2140625
1 0.08541666666666667 0.7546875 0.16875 0.278125