1 0.84375 0.5703125 0.3104166666666667 0.25625
1 0.8729166666666667 0.8359375 0.25416666666666665 0.303125
1 0.53125 0.8671875 0.36041666666666666 0.259375
1 0.5395833333333333 0.6046875 0.28125 0.228125
1 0.63125 0.346875 0.33958333333333335 0.2578125
1 0.63125 0.1375 0.3229166666666667 0.203125
1 0.33125 0.0859375 0.3375 0.171875
1 0.25625 0.2609375 0.39375 0.2234375
1 0.2791666666666667 0.48125 0.3875 0.2359375
1 0.22291666666666668 0.7109375 0.3625 0.2171875
1 0.2125 0.9046875 0.3375 0.190625
1 0.05625 0.3375 0.1125 0.203125
1 0.08125 0.1328125 0.1625 0.228125