1 0.09895833333333333 0.2484375 0.18125 0.1375
1 0.315625 0.215625 0.2 0.1390625
1 0.5416666666666666 0.23515625 0.225 0.134375
1 0.7802083333333333 0.20859375 0.24583333333333332 0.10625
1 0.7041666666666667 0.32265625 0.21666666666666667 0.1515625
1 0.8989583333333333 0.34296875 0.19375 0.171875
1 0.571875 0.3984375 0.20208333333333334 0.1125
1 0.42083333333333334 0.31640625 0.23125 0.1453125
1 0.21666666666666667 0.3265625 0.19166666666666668 0.1109375
1 0.20416666666666666 0.496875 0.275 0.1890625
1 0.3489583333333333 0.42890625 0.19791666666666666 0.115625
1 0.07291666666666667 0.4515625 0.13125 0.1203125
1 0.096875 0.60390625 0.19375 0.1796875
1 0.37604166666666666 0.65625 0.32083333333333336 0.1921875
1 0.503125 0.515625 0.2375 0.1296875
1 0.7114583333333333 0.49140625 0.2125 0.1203125
1 0.9020833333333333 0.4859375 0.19583333333333333 0.165625
1 0.7614583333333333 0.66171875 0.2708333333333333 0.1625
1 0.9166666666666666 0.64375 0.1625 0.18125