1 0.7520833333333333 0.4390625 0.37083333333333335 0.25
1 0.8875 0.653125 0.22291666666666668 0.24375
1 0.8104166666666667 0.8515625 0.33541666666666664 0.2671875
0 0.6166666666666667 0.65625 0.3104166666666667 0.2078125
1 0.8625 0.29375 0.24583333333333332 0.153125
0 0.5729166666666666 0.2984375 0.28541666666666665 0.171875
1 0.48333333333333334 0.4796875 0.1625 0.140625
1 0.4395833333333333 0.640625 0.17083333333333334 0.165625
1 0.37916666666666665 0.54375 0.15625 0.1046875
1 0.375 0.41875 0.11458333333333333 0.096875
1 0.55 0.1453125 0.19583333333333333 0.11875
1 0.775 0.171875 0.23333333333333334 0.13125
1 0.26458333333333334 0.490625 0.13333333333333333 0.1234375
1 0.7083333333333334 0.03125 0.19791666666666666 0.0625
1 0.6895833333333333 0.09375 0.17083333333333334 0.065625
1 0.5479166666666667 0.0515625 0.11875 0.0703125
1 0.13958333333333334 0.446875 0.18958333333333333 0.1015625
1 0.3229166666666667 0.3234375 0.09583333333333334 0.078125
1 0.41458333333333336 0.3203125 0.06875 0.0921875