0 0.709375 0.66015625 0.41458333333333336 0.2734375
0 0.40625 0.83046875 0.43333333333333335 0.3390625
0 0.07291666666666667 0.57734375 0.14583333333333334 0.1609375
0 0.48541666666666666 0.23125 0.15625 0.096875
0 0.5833333333333334 0.2859375 0.19791666666666666 0.1
1 0.8083333333333333 0.2640625 0.26458333333333334 0.19375
1 0.6885416666666667 0.3828125 0.23125 0.1828125
1 0.853125 0.50703125 0.29375 0.2046875
1 0.49166666666666664 0.521875 0.3375 0.171875
1 0.3229166666666667 0.4625 0.25 0.1515625
1 0.4822916666666667 0.37421875 0.19166666666666668 0.1328125
1 0.39791666666666664 0.3046875 0.16875 0.0890625
1 0.24895833333333334 0.36015625 0.21041666666666667 0.1265625
1 0.10520833333333333 0.42265625 0.21041666666666667 0.1859375
1 0.29791666666666666 0.2234375 0.18958333333333333 0.1359375
1 0.28229166666666666 0.0890625 0.21041666666666667 0.146875
1 0.128125 0.1359375 0.23125 0.178125
1 0.028125 0.17421875 0.05625 0.1921875
1 0.6104166666666667 0.1734375 0.1875 0.1375
1 0.8958333333333334 0.37734375 0.19375 0.15625
0 0.12083333333333333 0.8203125 0.15833333333333333 0.2234375