0 0.3958333333333333 0.265625 0.275 0.2421875
0 0.5333333333333333 0.5359375 0.33541666666666664 0.2296875
0 0.2 0.83671875 0.325 0.3265625
0 0.37083333333333335 0.9484375 0.44583333333333336 0.103125
0 0.8614583333333333 0.72265625 0.20416666666666666 0.2125
1 0.6479166666666667 0.74375 0.45208333333333334 0.30625
1 0.796875 0.9078125 0.3854166666666667 0.165625
1 0.25416666666666665 0.61484375 0.3645833333333333 0.253125
1 0.7447916666666666 0.5203125 0.21666666666666667 0.2078125
1 0.9104166666666667 0.53828125 0.17916666666666667 0.2015625
1 0.7822916666666667 0.4203125 0.2916666666666667 0.178125
1 0.878125 0.35390625 0.21041666666666667 0.128125
1 0.771875 0.25703125 0.22291666666666668 0.1640625
1 0.609375 0.19921875 0.24166666666666667 0.2140625
1 0.678125 0.09609375 0.23333333333333334 0.178125
1 0.40625 0.0796875 0.275 0.159375
1 0.1625 0.1984375 0.23541666666666666 0.178125
1 0.15520833333333334 0.1171875 0.21875 0.1328125
1 0.165625 0.44609375 0.225 0.1328125
1 0.059375 0.4078125 0.11875 0.171875
1 0.07291666666666667 0.6234375 0.1375 0.1890625