0 0.4625 0.34921875 0.5041666666666667 0.3421875
1 0.5572916666666666 0.66875 0.5 0.3546875
1 0.21875 0.71875 0.4270833333333333 0.26875
1 0.25104166666666666 0.86953125 0.5020833333333333 0.2609375
1 0.709375 0.8890625 0.40208333333333335 0.221875
1 0.8072916666666666 0.6625 0.28541666666666665 0.2359375
1 0.7427083333333333 0.4125 0.33541666666666664 0.2890625
1 0.684375 0.15 0.35208333333333336 0.271875
1 0.38958333333333334 0.10078125 0.375 0.2015625
1 0.18541666666666667 0.23046875 0.2833333333333333 0.2625
1 0.18541666666666667 0.0546875 0.14583333333333334 0.109375
1 0.1875 0.4625 0.375 0.3125
1 0.890625 0.16640625 0.21875 0.1828125
1 0.9552083333333333 0.19921875 0.08958333333333333 0.2078125
1 0.9697916666666667 0.346875 0.06041666666666667 0.15625
1 0.871875 0.4453125 0.21458333333333332 0.1921875