1 0.5927083333333333 0.715625 0.4708333333333333 0.3671875
1 0.18229166666666666 0.70390625 0.3625 0.39375
1 0.21041666666666667 0.93671875 0.375 0.1265625
1 0.6364583333333333 0.93515625 0.48125 0.1296875
1 0.871875 0.725 0.25625 0.328125
1 0.815625 0.47109375 0.36875 0.2609375
1 0.5739583333333333 0.29296875 0.36041666666666666 0.2828125
1 0.2875 0.12734375 0.36666666666666664 0.2546875
1 0.5177083333333333 0.04140625 0.19791666666666666 0.0828125
1 0.6822916666666666 0.11796875 0.3020833333333333 0.19375
1 0.8947916666666667 0.11171875 0.19375 0.203125
1 0.853125 0.2953125 0.2833333333333333 0.2
0 0.2125 0.40859375 0.425 0.2765625