0 0.30833333333333335 0.84921875 0.2875 0.2109375
1 0.32395833333333335 0.26875 0.21666666666666667 0.153125
1 0.496875 0.2265625 0.24166666666666667 0.1265625
1 0.5114583333333333 0.16328125 0.20833333333333334 0.13125
0 0.6260416666666667 0.16953125 0.14375 0.0984375
1 0.6510416666666666 0.2421875 0.17916666666666667 0.1015625
1 0.74375 0.25625 0.1375 0.121875
1 0.8302083333333333 0.31015625 0.14791666666666667 0.1078125
1 0.6364583333333333 0.32578125 0.21458333333333332 0.1625
1 0.48125 0.31640625 0.23541666666666666 0.1484375
1 0.290625 0.39296875 0.28541666666666665 0.1640625
1 0.5010416666666667 0.43203125 0.22708333333333333 0.15625
1 0.7541666666666667 0.4 0.21875 0.1671875
1 0.86875 0.37890625 0.16875 0.115625
1 0.8885416666666667 0.60234375 0.18541666666666667 0.1328125
1 0.8114583333333333 0.6890625 0.225 0.1515625
0 0.9135416666666667 0.72109375 0.10625 0.125
0 0.19479166666666667 0.70859375 0.3 0.221875
0 0.5416666666666666 0.89296875 0.30833333333333335 0.2140625
1 0.8041666666666667 0.81484375 0.2875 0.190625
1 0.8010416666666667 0.93125 0.22708333333333333 0.1375
1 0.7479166666666667 0.98046875 0.225 0.0390625
1 0.09583333333333334 0.88359375 0.19166666666666668 0.1578125