1 0.7322916666666667 0.7921875 0.43125 0.3703125
1 0.36875 0.81015625 0.39791666666666664 0.3546875
1 0.43333333333333335 0.54609375 0.39791666666666664 0.278125
1 0.6614583333333334 0.43671875 0.33541666666666664 0.26875
1 0.41041666666666665 0.34296875 0.28958333333333336 0.203125
1 0.659375 0.20390625 0.41041666666666665 0.296875
1 0.22604166666666667 0.1625 0.45208333333333334 0.3125
1 0.140625 0.36953125 0.28125 0.2421875
1 0.678125 0.03984375 0.2520833333333333 0.0796875
1 0.14479166666666668 0.55390625 0.28958333333333336 0.2421875
1 0.14375 0.8 0.225 0.29375