1 0.2552083333333333 0.71171875 0.50625 0.425
1 0.6270833333333333 0.60625 0.47708333333333336 0.3484375
1 0.871875 0.5046875 0.25625 0.34375
1 0.7770833333333333 0.25390625 0.4083333333333333 0.275
1 0.31875 0.48203125 0.2791666666666667 0.190625
1 0.10625 0.5140625 0.2125 0.1625
1 0.15104166666666666 0.33828125 0.3020833333333333 0.2828125
0 0.3770833333333333 0.34140625 0.27708333333333335 0.1984375
1 0.33541666666666664 0.1625 0.32916666666666666 0.25
1 0.09791666666666667 0.140625 0.19583333333333333 0.19375
1 0.565625 0.11953125 0.21875 0.1578125
1 0.615625 0.2578125 0.27708333333333335 0.1953125