0 0.4708333333333333 0.6546875 0.3416666666666667 0.2296875
0 0.75 0.7625 0.3375 0.2875
0 0.28125 0.4 0.21666666666666667 0.128125
0 0.2916666666666667 0.534375 0.20833333333333334 0.1359375
0 0.18541666666666667 0.7875 0.32083333333333336 0.2375
1 0.50625 0.88125 0.3625 0.234375
1 0.5916666666666667 0.5484375 0.2375 0.1625
1 0.5041666666666667 0.3859375 0.22916666666666666 0.16875
0 0.13333333333333333 0.153125 0.2604166666666667 0.1703125
1 0.08125 0.328125 0.1625 0.1578125
1 0.11041666666666666 0.475 0.2 0.134375
1 0.08541666666666667 0.6046875 0.16875 0.1734375
1 0.20208333333333334 0.9546875 0.30625 0.090625