1 0.46145833333333336 0.26875 0.3 0.1953125
1 0.60625 0.50234375 0.4 0.259375
1 0.8229166666666666 0.71953125 0.33541666666666664 0.2640625
0 0.21979166666666666 0.86328125 0.3645833333333333 0.2734375
0 0.528125 0.81953125 0.3375 0.24375
1 0.24583333333333332 0.6890625 0.28958333333333336 0.15
1 0.24479166666666666 0.53984375 0.2791666666666667 0.171875
1 0.18645833333333334 0.40703125 0.25 0.1484375
1 0.640625 0.2140625 0.22916666666666666 0.1453125
1 0.6791666666666667 0.3359375 0.23333333333333334 0.1484375
1 0.8697916666666666 0.36171875 0.2520833333333333 0.165625
1 0.8947916666666667 0.4984375 0.21041666666666667 0.28125
1 0.8489583333333334 0.20625 0.26458333333333334 0.1828125
1 0.33229166666666665 0.35859375 0.19791666666666666 0.1578125