0 0.4979166666666667 0.5421875 0.425 0.3359375
0 0.22291666666666668 0.378125 0.34375 0.246875
1 0.5145833333333333 0.265625 0.30833333333333335 0.2109375
1 0.8020833333333334 0.471875 0.32916666666666666 0.246875
1 0.89375 0.7171875 0.21041666666666667 0.3296875
1 0.6333333333333333 0.7375 0.325 0.2171875
1 0.1125 0.6265625 0.22291666666666668 0.3515625
1 0.29791666666666666 0.6921875 0.25625 0.26875
1 0.8791666666666667 0.2109375 0.23958333333333334 0.171875
0 0.8791666666666667 0.3546875 0.23958333333333334 0.1734375
1 0.3958333333333333 0.175 0.16875 0.0953125
1 0.15416666666666667 0.215625 0.30625 0.128125