1 0.75 0.7515625 0.4083333333333333 0.2984375
1 0.88125 0.540625 0.2375 0.221875
0 0.5666666666666667 0.46875 0.28541666666666665 0.184375
1 0.48125 0.6359375 0.3 0.1875
1 0.275 0.7859375 0.36041666666666666 0.2390625
1 0.5229166666666667 0.828125 0.19583333333333333 0.1671875
1 0.7645833333333333 0.9390625 0.40625 0.121875
1 0.8645833333333334 0.3515625 0.2708333333333333 0.1703125
1 0.81875 0.21875 0.23541666666666666 0.1453125
1 0.7270833333333333 0.0734375 0.25833333333333336 0.146875
1 0.6895833333333333 0.340625 0.21041666666666667 0.1359375
1 0.26875 0.4390625 0.14583333333333334 0.109375
1 0.3875 0.528125 0.17708333333333334 0.1140625
1 0.28125 0.6265625 0.17291666666666666 0.084375
1 0.2875 0.5296875 0.11041666666666666 0.090625
1 0.58125 0.246875 0.14166666666666666 0.0703125
1 0.4979166666666667 0.334375 0.15 0.090625