0 0.478125 0.7578125 0.39791666666666664 0.290625
0 0.41354166666666664 0.37890625 0.19583333333333333 0.1203125
0 0.7677083333333333 0.17265625 0.25416666666666665 0.1453125
0 0.209375 0.125 0.13541666666666666 0.0796875
0 0.5635416666666667 0.028125 0.12708333333333333 0.05625
1 0.5208333333333334 0.10390625 0.175 0.1203125
1 0.5760416666666667 0.22109375 0.22916666666666666 0.184375
0 0.7958333333333333 0.29140625 0.3 0.2
0 0.66875 0.42890625 0.27708333333333335 0.184375
0 0.475 0.51171875 0.33125 0.2453125
0 0.18125 0.61015625 0.3625 0.2703125
1 0.17291666666666666 0.84375 0.23333333333333334 0.2390625
1 0.29270833333333335 0.9515625 0.29791666666666666 0.096875
1 0.7208333333333333 0.909375 0.4 0.18125
1 0.9375 0.86875 0.125 0.1625
1 0.7822916666666667 0.69140625 0.4354166666666667 0.2828125
1 0.8677083333333333 0.52578125 0.26458333333333334 0.2671875
1 0.18125 0.4015625 0.32708333333333334 0.225
1 0.15729166666666666 0.290625 0.21041666666666667 0.1078125
1 0.384375 0.2734375 0.21875 0.171875
1 0.3885416666666667 0.1609375 0.18958333333333333 0.096875
1 0.22604166666666667 0.19453125 0.16666666666666666 0.1015625
1 0.09479166666666666 0.14140625 0.18958333333333333 0.1671875
1 0.7 0.11875 0.17083333333333334 0.1015625
1 0.625 0.05703125 0.18333333333333332 0.096875
1 0.3302083333333333 0.1078125 0.14583333333333334 0.0890625
1 0.21354166666666666 0.0734375 0.15625 0.1
1 0.46875 0.04765625 0.17083333333333334 0.0953125