1 0.5010416666666667 0.4890625 0.2916666666666667 0.203125
1 0.61875 0.31484375 0.23125 0.1703125
1 0.8333333333333334 0.35703125 0.33125 0.2796875
1 0.871875 0.60859375 0.25625 0.2828125
1 0.63125 0.7390625 0.4041666666666667 0.325
1 0.884375 0.8703125 0.23125 0.23125
0 0.665625 0.9375 0.2916666666666667 0.1234375
1 0.35 0.86640625 0.35 0.2671875
1 0.3177083333333333 0.65078125 0.28541666666666665 0.2078125
1 0.27708333333333335 0.48828125 0.225 0.1265625
1 0.25729166666666664 0.3578125 0.20833333333333334 0.1625
1 0.39479166666666665 0.2875 0.25 0.1546875
0 0.603125 0.16875 0.23541666666666666 0.121875
1 0.8104166666666667 0.06171875 0.29583333333333334 0.1234375
1 0.8364583333333333 0.1625 0.28125 0.1828125