0 0.4666666666666667 0.6265625 0.41458333333333336 0.2296875
0 0.20625 0.53671875 0.26666666666666666 0.228125
0 0.7354166666666667 0.2890625 0.3458333333333333 0.2265625
1 0.5635416666666667 0.1625 0.20833333333333334 0.1546875
1 0.3458333333333333 0.16796875 0.31666666666666665 0.2125
1 0.5104166666666666 0.28671875 0.22083333333333333 0.1015625
1 0.5510416666666667 0.42421875 0.32916666666666666 0.1921875
1 0.2833333333333333 0.31953125 0.22291666666666668 0.1453125
1 0.3729166666666667 0.440625 0.14791666666666667 0.134375
1 0.7177083333333333 0.50703125 0.19166666666666668 0.1390625
1 0.8895833333333333 0.4796875 0.22083333333333333 0.1875
1 0.8489583333333334 0.62265625 0.2833333333333333 0.1921875
0 0.7854166666666667 0.8 0.29375 0.240625
1 0.5854166666666667 0.86328125 0.36666666666666664 0.2734375
1 0.2125 0.81015625 0.30833333333333335 0.246875
1 0.07708333333333334 0.7515625 0.13125 0.1890625
1 0.065625 0.37265625 0.13125 0.2328125
1 0.146875 0.24921875 0.18333333333333332 0.115625
1 0.184375 0.12890625 0.1625 0.140625
1 0.8979166666666667 0.16640625 0.16458333333333333 0.1109375
1 0.921875 0.290625 0.13958333333333334 0.1921875