0 0.746875 0.87265625 0.5020833333333333 0.2546875
0 0.37916666666666665 0.35703125 0.18333333333333332 0.1171875
0 0.9125 0.3765625 0.1625 0.15
1 0.884375 0.525 0.23125 0.1875
1 0.840625 0.6828125 0.31875 0.234375
1 0.6489583333333333 0.54609375 0.31875 0.221875
1 0.4510416666666667 0.73203125 0.3958333333333333 0.271875
1 0.228125 0.6359375 0.26458333333333334 0.2
1 0.41041666666666665 0.53046875 0.23333333333333334 0.1734375
1 0.5104166666666666 0.303125 0.20208333333333334 0.1375
1 0.18645833333333334 0.3578125 0.26666666666666666 0.16875
1 0.2875 0.44765625 0.19583333333333333 0.1078125
1 0.12395833333333334 0.5265625 0.24791666666666667 0.159375
0 0.503125 0.41796875 0.21458333333333332 0.1171875
1 0.6885416666666667 0.303125 0.20416666666666666 0.0765625
0 0.7364583333333333 0.390625 0.25416666666666665 0.159375
0 0.11979166666666667 0.203125 0.23958333333333334 0.171875
1 0.04375 0.2796875 0.0875 0.196875
0 0.03958333333333333 0.11875 0.07916666666666666 0.128125