1 0.615625 0.18125 0.12708333333333333 0.1
1 0.48020833333333335 0.18515625 0.15625 0.128125
1 0.5770833333333333 0.26015625 0.19583333333333333 0.1484375
1 0.3645833333333333 0.1671875 0.16458333333333333 0.1296875
1 0.24270833333333333 0.14609375 0.14583333333333334 0.0984375
1 0.14791666666666667 0.1640625 0.15625 0.1390625
1 0.25625 0.20859375 0.15208333333333332 0.1109375
1 0.37395833333333334 0.2625 0.1875 0.121875
1 0.12083333333333333 0.259375 0.15208333333333332 0.1328125
1 0.234375 0.30078125 0.17083333333333334 0.11875
1 0.36666666666666664 0.35234375 0.20416666666666666 0.140625
1 0.5052083333333334 0.3921875 0.1875 0.1515625
1 0.6510416666666666 0.32734375 0.15833333333333333 0.109375
1 0.6375 0.40546875 0.16875 0.115625
1 0.3625 0.63125 0.1875 0.1515625
1 0.19270833333333334 0.6296875 0.24583333333333332 0.1703125
1 0.059375 0.71953125 0.11875 0.1546875
1 0.15833333333333333 0.76015625 0.17291666666666666 0.1484375
1 0.259375 0.81640625 0.24375 0.1828125
1 0.35104166666666664 0.74765625 0.2375 0.1453125
1 0.5229166666666667 0.72890625 0.22083333333333333 0.184375
1 0.6489583333333333 0.709375 0.21041666666666667 0.1390625
1 0.5739583333333333 0.85546875 0.20625 0.1421875
1 0.7114583333333333 0.8359375 0.2125 0.1546875
1 0.7854166666666667 0.9359375 0.21666666666666667 0.128125
1 0.38958333333333334 0.89140625 0.21875 0.171875
1 0.059375 0.85625 0.11875 0.165625