0 0.5125 0.34375 0.3 0.228125
0 0.265625 0.5453125 0.42291666666666666 0.2015625
0 0.6739583333333333 0.57421875 0.3958333333333333 0.2984375
1 0.45729166666666665 0.7875 0.50625 0.3765625
1 0.7697916666666667 0.8546875 0.28541666666666665 0.290625
1 0.909375 0.67265625 0.17708333333333334 0.29375
0 0.8291666666666667 0.4421875 0.2833333333333333 0.184375
0 0.725 0.27265625 0.27708333333333335 0.1765625
1 0.5479166666666667 0.1484375 0.29583333333333334 0.1984375
1 0.20208333333333334 0.34296875 0.38958333333333334 0.2515625
1 0.11979166666666667 0.1859375 0.20625 0.1671875