1 0.26458333333333334 0.24140625 0.23333333333333334 0.1765625
1 0.46041666666666664 0.2578125 0.18333333333333332 0.1375
1 0.328125 0.1609375 0.15833333333333333 0.1046875
1 0.4635416666666667 0.15234375 0.14166666666666666 0.1234375
1 0.5354166666666667 0.1234375 0.11666666666666667 0.1046875
1 0.2677083333333333 0.65 0.22708333333333333 0.175
1 0.5208333333333334 0.63046875 0.25625 0.15625
1 0.3854166666666667 0.79765625 0.2791666666666667 0.2
1 0.625 0.78671875 0.27291666666666664 0.2
1 0.478125 0.93984375 0.29375 0.1203125
1 0.7864583333333334 0.9328125 0.32708333333333334 0.1234375
1 0.8677083333333333 0.71875 0.26458333333333334 0.25
1 0.78125 0.57890625 0.21041666666666667 0.134375
1 0.828125 0.5015625 0.24166666666666667 0.140625
1 0.8833333333333333 0.44375 0.15625 0.121875
1 0.34270833333333334 0.3984375 0.25625 0.171875
1 0.5583333333333333 0.3890625 0.2625 0.1875
0 0.675 0.3140625 0.18333333333333332 0.1453125
1 0.5895833333333333 0.22734375 0.12083333333333333 0.109375
1 0.8239583333333333 0.21640625 0.13541666666666666 0.0921875
1 0.7791666666666667 0.26484375 0.12291666666666666 0.1328125
1 0.946875 0.3453125 0.08958333333333333 0.128125