0 0.2 0.7234375 0.4 0.45625
0 0.9208333333333333 0.1203125 0.15833333333333333 0.14375
0 0.8791666666666667 0.25078125 0.24166666666666667 0.2109375
0 0.9479166666666666 0.4375 0.10416666666666667 0.284375
0 0.715625 0.4546875 0.53125 0.328125
0 0.23854166666666668 0.07734375 0.28541666666666665 0.1546875
1 0.4895833333333333 0.08828125 0.2791666666666667 0.1765625
1 0.725 0.10625 0.27291666666666664 0.190625
1 0.36770833333333336 0.2359375 0.3416666666666667 0.2234375
1 0.6614583333333334 0.24609375 0.3333333333333333 0.2078125
0 0.28958333333333336 0.4234375 0.47708333333333336 0.2875
1 0.58125 0.74609375 0.5166666666666667 0.38125
1 0.8927083333333333 0.7 0.2 0.3046875