0 0.440625 0.46640625 0.44166666666666665 0.35
0 0.2552083333333333 0.74453125 0.40625 0.378125
0 0.14895833333333333 0.53203125 0.29791666666666666 0.3765625
1 0.5614583333333333 0.0859375 0.33125 0.171875
1 0.8302083333333333 0.09296875 0.22916666666666666 0.125
1 0.8479166666666667 0.19609375 0.2791666666666667 0.2078125
1 0.6520833333333333 0.2109375 0.25833333333333336 0.1546875
1 0.6177083333333333 0.3453125 0.31875 0.24375
1 0.40625 0.19453125 0.30416666666666664 0.2390625
1 0.8625 0.35234375 0.2625 0.1828125
1 0.9333333333333333 0.4515625 0.13333333333333333 0.165625
1 0.75625 0.48515625 0.30625 0.2359375
1 0.88125 0.61796875 0.2375 0.215625
1 0.6927083333333334 0.66796875 0.30833333333333335 0.196875
1 0.8197916666666667 0.83046875 0.22708333333333333 0.2296875
1 0.6239583333333333 0.85 0.35625 0.24375
1 0.48333333333333334 0.7 0.25416666666666665 0.2203125
1 0.38958333333333334 0.88359375 0.3875 0.2328125
1 0.08541666666666667 0.828125 0.17083333333333334 0.225
1 0.16354166666666667 0.21484375 0.20833333333333334 0.1828125
1 0.271875 0.3203125 0.2833333333333333 0.2