1 0.184375 0.359375 0.36875 0.29375
1 0.45416666666666666 0.4734375 0.24583333333333332 0.2078125
1 0.7 0.4390625 0.30416666666666664 0.221875
1 0.5520833333333334 0.28359375 0.29791666666666666 0.1765625
1 0.34375 0.29140625 0.22291666666666668 0.196875
1 0.7802083333333333 0.2703125 0.23333333333333334 0.171875
1 0.91875 0.39765625 0.16041666666666668 0.16875
1 0.890625 0.54296875 0.21875 0.1546875
1 0.9208333333333333 0.74609375 0.15833333333333333 0.2921875
1 0.6177083333333333 0.8640625 0.4895833333333333 0.271875
1 0.6822916666666666 0.66015625 0.3104166666666667 0.2453125
1 0.315625 0.63125 0.5145833333333333 0.28125
1 0.2989583333333333 0.87578125 0.24375 0.2421875
1 0.10520833333333333 0.84375 0.17916666666666667 0.2796875