0 0.43333333333333335 0.528125 0.4479166666666667 0.3796875
0 0.46458333333333335 0.79921875 0.4354166666666667 0.2921875
0 0.653125 0.38203125 0.38958333333333334 0.28125
1 0.734375 0.23984375 0.28541666666666665 0.1703125
1 0.17083333333333334 0.6421875 0.3416666666666667 0.284375
1 0.16666666666666666 0.8640625 0.3333333333333333 0.234375
1 0.43125 0.20859375 0.25833333333333336 0.159375
1 0.4479166666666667 0.29765625 0.22916666666666666 0.1734375
1 0.18854166666666666 0.3171875 0.3333333333333333 0.16875
1 0.22395833333333334 0.4390625 0.23958333333333334 0.1921875
1 0.06979166666666667 0.4875 0.13958333333333334 0.2375
1 0.24375 0.18671875 0.21875 0.1859375