0 0.2604166666666667 0.553125 0.39166666666666666 0.2546875
0 0.175 0.240625 0.2833333333333333 0.15625
0 0.86875 0.23125 0.22708333333333333 0.115625
0 0.4979166666666667 0.7078125 0.2875 0.1921875
1 0.83125 0.725 0.3375 0.24375
0 0.75 0.459375 0.23541666666666666 0.171875
1 0.5541666666666667 0.49375 0.23541666666666666 0.2140625
1 0.9 0.5671875 0.19791666666666666 0.215625
1 0.6520833333333333 0.90625 0.40208333333333335 0.1859375
1 0.925 0.9125 0.15 0.1734375
1 0.21458333333333332 0.9234375 0.41041666666666665 0.153125
1 0.13333333333333333 0.7625 0.26458333333333334 0.2234375
1 0.075 0.0625 0.15 0.125
1 0.5083333333333333 0.271875 0.15208333333333332 0.1109375
1 0.34375 0.35625 0.31875 0.1546875
1 0.68125 0.271875 0.21875 0.1359375
1 0.7979166666666667 0.1734375 0.12083333333333333 0.071875
1 0.8875 0.3453125 0.22291666666666668 0.203125
1 0.6604166666666667 0.1484375 0.14791666666666667 0.065625
1 0.5145833333333333 0.1875 0.12291666666666666 0.0421875