1 0.421875 0.12421875 0.34375 0.2484375
1 0.6489583333333333 0.17109375 0.24583333333333332 0.1859375
1 0.6104166666666667 0.34296875 0.35 0.2734375
1 0.3489583333333333 0.33671875 0.325 0.2484375
1 0.125 0.353125 0.25 0.271875
1 0.10416666666666667 0.54453125 0.20833333333333334 0.1765625
1 0.30416666666666664 0.4953125 0.28541666666666665 0.1953125
1 0.13541666666666666 0.7265625 0.2125 0.2296875
1 0.31145833333333334 0.6578125 0.31875 0.2125
1 0.5760416666666667 0.5859375 0.3770833333333333 0.2734375
1 0.8166666666666667 0.52734375 0.2916666666666667 0.228125
1 0.871875 0.715625 0.25625 0.2875
1 0.6510416666666666 0.80390625 0.38958333333333334 0.2984375
1 0.33541666666666664 0.8671875 0.4375 0.265625
1 0.76875 0.11015625 0.15833333333333333 0.146875