0 0.10625 0.63046875 0.2125 0.2421875
0 0.2864583333333333 0.72734375 0.33541666666666664 0.271875
0 0.5520833333333334 0.83359375 0.3645833333333333 0.278125
0 0.7958333333333333 0.56640625 0.2604166666666667 0.19375
0 0.7354166666666667 0.41015625 0.225 0.18125
0 0.9072916666666667 0.38203125 0.18541666666666667 0.1421875
0 0.128125 0.346875 0.22708333333333333 0.2
0 0.24166666666666667 0.48359375 0.3125 0.184375
0 0.5583333333333333 0.5109375 0.23541666666666666 0.1734375
0 0.46979166666666666 0.2609375 0.24166666666666667 0.1609375
0 0.5583333333333333 0.37578125 0.25 0.175
1 0.19479166666666667 0.22890625 0.26458333333333334 0.1578125
1 0.346875 0.35234375 0.2604166666666667 0.1828125
1 0.8197916666666667 0.2734375 0.21666666666666667 0.15
0 0.9260416666666667 0.5046875 0.14791666666666667 0.140625
1 0.6552083333333333 0.646875 0.3229166666666667 0.228125
1 0.7916666666666666 0.771875 0.23333333333333334 0.2296875
0 0.090625 0.82421875 0.18125 0.2390625