0 0.49166666666666664 0.571875 0.4125 0.2453125
0 0.19166666666666668 0.16640625 0.2 0.125
0 0.20729166666666668 0.76640625 0.41458333333333336 0.3515625
0 0.7197916666666667 0.22890625 0.23541666666666666 0.1703125
1 0.5979166666666667 0.428125 0.24583333333333332 0.16875
1 0.653125 0.3203125 0.25833333333333336 0.16875
1 0.4166666666666667 0.315625 0.25625 0.18125
1 0.24791666666666667 0.45859375 0.35625 0.1734375
1 0.21145833333333333 0.30546875 0.26875 0.1234375
1 0.08645833333333333 0.40703125 0.16875 0.18125
1 0.090625 0.24296875 0.14166666666666666 0.1609375
1 0.30104166666666665 0.2125 0.21458333333333332 0.109375
1 0.5041666666666667 0.19609375 0.24791666666666667 0.159375
1 0.31875 0.11328125 0.2125 0.1203125