1 0.3958333333333333 0.4734375 0.3375 0.2203125
1 0.6479166666666667 0.365625 0.35 0.24375
1 0.4895833333333333 0.7171875 0.41875 0.246875
1 0.175 0.628125 0.32916666666666666 0.1828125
1 0.14375 0.4078125 0.28541666666666665 0.2125
1 0.3875 0.259375 0.29375 0.2140625
1 0.76875 0.1875 0.42083333333333334 0.1671875
1 0.4375 0.0953125 0.3104166666666667 0.1890625
1 0.7666666666666667 0.0515625 0.32083333333333336 0.1015625
1 0.11875 0.2125 0.2375 0.1734375
1 0.20833333333333334 0.078125 0.22083333333333333 0.1546875
1 0.05625 0.1125 0.1125 0.1234375