1 0.21041666666666667 0.25703125 0.34791666666666665 0.228125
1 0.4666666666666667 0.32578125 0.3020833333333333 0.2078125
1 0.7677083333333333 0.35 0.30416666666666664 0.2578125
1 0.6104166666666667 0.53203125 0.42291666666666666 0.2640625
1 0.315625 0.49453125 0.32083333333333336 0.2265625
1 0.11770833333333333 0.42734375 0.22291666666666668 0.2125
1 0.1 0.621875 0.2 0.25
1 0.3072916666666667 0.6890625 0.39791666666666664 0.2984375
1 0.61875 0.796875 0.3541666666666667 0.3078125
1 0.103125 0.85234375 0.20625 0.2203125
1 0.38958333333333334 0.90078125 0.42083333333333334 0.1984375