0 0.328125 0.359375 0.4708333333333333 0.3
0 0.58125 0.1515625 0.5041666666666667 0.303125
0 0.3697916666666667 0.6109375 0.40208333333333335 0.2984375
0 0.7427083333333333 0.3828125 0.5145833333333333 0.359375
1 0.7416666666666667 0.6890625 0.5020833333333333 0.346875
1 0.959375 0.67109375 0.08125 0.3078125
0 0.7802083333333333 0.8859375 0.4395833333333333 0.215625
1 0.36875 0.8671875 0.45416666666666666 0.265625
1 0.8552083333333333 0.15234375 0.18333333333333332 0.25
1 0.7770833333333333 0.03828125 0.22916666666666666 0.0765625
1 0.5375 0.02734375 0.3 0.0546875