1 0.17291666666666666 0.0546875 0.25833333333333336 0.1078125
1 0.07916666666666666 0.14375 0.15625 0.14375
1 0.24375 0.159375 0.2125 0.1109375
1 0.44375 0.2015625 0.2520833333333333 0.165625
1 0.28125 0.30625 0.3145833333333333 0.2078125
1 0.5770833333333333 0.3296875 0.2604166666666667 0.159375
1 0.7041666666666667 0.2 0.19166666666666668 0.159375
1 0.8854166666666666 0.2203125 0.22916666666666666 0.275
1 0.81875 0.3828125 0.24375 0.1546875
1 0.90625 0.53125 0.1875 0.196875
1 0.7104166666666667 0.7265625 0.37083333333333335 0.2765625
1 0.6979166666666666 0.5015625 0.28541666666666665 0.175
1 0.43125 0.471875 0.25416666666666665 0.1578125
1 0.4791666666666667 0.6546875 0.17291666666666666 0.196875
1 0.29583333333333334 0.6328125 0.23125 0.19375
1 0.20208333333333334 0.46875 0.24375 0.1609375
1 0.1125 0.671875 0.22291666666666668 0.2265625
1 0.09166666666666666 0.290625 0.18333333333333332 0.175
1 0.7979166666666667 0.06875 0.26666666666666666 0.1359375
1 0.05625 0.4484375 0.1125 0.2265625