1 0.540625 0.13984375 0.24583333333333332 0.178125
1 0.4322916666666667 0.23046875 0.16666666666666666 0.13125
1 0.5645833333333333 0.2671875 0.20833333333333334 0.1484375
1 0.7385416666666667 0.30078125 0.24583333333333332 0.184375
1 0.9114583333333334 0.31953125 0.17708333333333334 0.1484375
1 0.34479166666666666 0.31171875 0.24375 0.1546875
1 0.5020833333333333 0.3765625 0.20416666666666666 0.1953125
1 0.6697916666666667 0.4328125 0.26666666666666666 0.2140625
1 0.8708333333333333 0.41484375 0.25833333333333336 0.1609375
0 0.85 0.55 0.3 0.203125
1 0.6572916666666667 0.69609375 0.3104166666666667 0.246875
1 0.8635416666666667 0.7265625 0.21666666666666667 0.21875
1 0.7510416666666667 0.8875 0.34791666666666665 0.225
1 0.4270833333333333 0.65625 0.2833333333333333 0.225
1 0.5447916666666667 0.890625 0.24791666666666667 0.21875
1 0.33229166666666665 0.84453125 0.2875 0.24375
0 0.12708333333333333 0.553125 0.25416666666666665 0.21875
1 0.17916666666666667 0.70625 0.28125 0.2140625
1 0.30833333333333335 0.5375 0.21458333333333332 0.165625
1 0.33645833333333336 0.41875 0.25625 0.1890625
1 0.16354166666666667 0.42890625 0.19791666666666666 0.1359375
1 0.7010416666666667 0.5609375 0.15416666666666667 0.128125