0 0.70625 0.4328125 0.22916666666666666 0.19375
0 0.75625 0.634375 0.3020833333333333 0.215625
0 0.46458333333333335 0.5734375 0.28958333333333336 0.159375
0 0.12291666666666666 0.5609375 0.24375 0.178125
0 0.1375 0.8265625 0.275 0.228125
0 0.44583333333333336 0.921875 0.3104166666666667 0.1546875
1 0.5416666666666666 0.7609375 0.4041666666666667 0.26875
1 0.7125 0.86875 0.28958333333333336 0.2421875
1 0.90625 0.8171875 0.18541666666666667 0.1765625
1 0.9083333333333333 0.946875 0.18125 0.1046875
1 0.9104166666666667 0.55625 0.17916666666666667 0.1671875
0 0.90625 0.3890625 0.1875 0.1625
1 0.80625 0.246875 0.25833333333333336 0.165625
1 0.3770833333333333 0.25625 0.3 0.1296875
1 0.46458333333333335 0.4046875 0.2708333333333333 0.1765625
1 0.22291666666666668 0.4015625 0.23958333333333334 0.178125
1 0.10833333333333334 0.2421875 0.21458333333333332 0.140625
1 0.05416666666666667 0.3984375 0.10625 0.14375