1 0.66875 0.3859375 0.4583333333333333 0.328125
1 0.6958333333333333 0.746875 0.6083333333333333 0.50625
1 0.3145833333333333 0.4796875 0.46875 0.3578125
1 0.3385416666666667 0.7859375 0.33125 0.284375
1 0.09166666666666666 0.5640625 0.18333333333333332 0.34375
1 0.13541666666666666 0.8453125 0.22083333333333333 0.309375
1 0.8760416666666667 0.28046875 0.2375 0.3453125
1 0.3072916666666667 0.23203125 0.35625 0.23125
1 0.6239583333333333 0.12421875 0.39791666666666664 0.2484375
1 0.334375 0.065625 0.3125 0.13125
1 0.11145833333333334 0.14765625 0.22291666666666668 0.2515625