1 0.41875 0.05234375 0.20416666666666666 0.1046875
1 0.715625 0.0796875 0.20208333333333334 0.1125
1 0.7541666666666667 0.1828125 0.17916666666666667 0.0859375
1 0.9229166666666667 0.26171875 0.15416666666666667 0.1140625
1 0.753125 0.2890625 0.26458333333333334 0.1625
1 0.7302083333333333 0.42109375 0.3145833333333333 0.1875
1 0.5375 0.3875 0.2125 0.1453125
1 0.5020833333333333 0.21015625 0.20208333333333334 0.1515625
1 0.5291666666666667 0.11640625 0.12708333333333333 0.0765625
1 0.6322916666666667 0.1734375 0.16458333333333333 0.1109375
1 0.5885416666666666 0.2765625 0.13541666666666666 0.090625
1 0.428125 0.303125 0.18125 0.1125
1 0.35625 0.42734375 0.26875 0.190625
1 0.43333333333333335 0.659375 0.22916666666666666 0.1984375
1 0.659375 0.5875 0.325 0.2078125
1 0.6197916666666666 0.78203125 0.34375 0.2890625
1 0.425 0.88359375 0.325 0.2328125
1 0.3145833333333333 0.559375 0.2 0.1203125
1 0.21666666666666667 0.375 0.16458333333333333 0.134375
1 0.15104166666666666 0.3296875 0.20625 0.1171875
1 0.18645833333333334 0.215625 0.1875 0.1265625
1 0.36354166666666665 0.16328125 0.17083333333333334 0.125
1 0.29583333333333334 0.27109375 0.18958333333333333 0.115625
1 0.11875 0.459375 0.15625 0.1203125
1 0.20416666666666666 0.51796875 0.12708333333333333 0.1203125
1 0.18645833333333334 0.64453125 0.19166666666666668 0.1546875
1 0.3020833333333333 0.7671875 0.20416666666666666 0.196875
1 0.096875 0.578125 0.17916666666666667 0.1375
1 0.14270833333333333 0.10234375 0.13958333333333334 0.134375