0 0.18645833333333334 0.51875 0.3729166666666667 0.390625
0 0.45 0.3625 0.5125 0.3953125
0 0.6947916666666667 0.76328125 0.4083333333333333 0.3015625
0 0.55 0.89375 0.5916666666666667 0.2125
0 0.71875 0.53125 0.39791666666666664 0.2921875
1 0.9 0.7671875 0.2 0.34375
1 0.415625 0.64140625 0.35625 0.253125
1 0.3614583333333333 0.82734375 0.24583333333333332 0.171875
1 0.20833333333333334 0.8515625 0.2875 0.296875
1 0.07395833333333333 0.24296875 0.14791666666666667 0.2515625
1 0.21354166666666666 0.15546875 0.30833333333333335 0.184375
1 0.253125 0.2625 0.34375 0.1703125
1 0.16458333333333333 0.73046875 0.23125 0.146875