0 0.34791666666666665 0.353125 0.34375 0.2453125
0 0.6729166666666667 0.2046875 0.28125 0.2203125
0 0.625 0.409375 0.21666666666666667 0.20625
0 0.85625 0.35 0.24791666666666667 0.1546875
0 0.37916666666666665 0.571875 0.33125 0.209375
0 0.125 0.484375 0.24791666666666667 0.225
0 0.61875 0.765625 0.34791666666666665 0.309375
0 0.8729166666666667 0.771875 0.25416666666666665 0.275
1 0.8395833333333333 0.534375 0.30625 0.196875
1 0.9041666666666667 0.0921875 0.18958333333333333 0.1828125
1 0.8708333333333333 0.1984375 0.18125 0.1375
1 0.475 0.0828125 0.19375 0.1171875
1 0.6541666666666667 0.0390625 0.20416666666666666 0.078125
1 0.26666666666666666 0.096875 0.1625 0.1109375
0 0.19166666666666668 0.3296875 0.17291666666666666 0.15
1 0.23125 0.765625 0.3375 0.25
0 0.39375 0.1625 0.2875 0.19375
0 0.2375 0.2078125 0.125 0.103125
0 0.29583333333333334 0.034375 0.19166666666666668 0.06875