0 0.20729166666666668 0.3546875 0.37083333333333335 0.246875
0 0.7072916666666667 0.45703125 0.27291666666666664 0.2078125
0 0.715625 0.9328125 0.31875 0.134375
0 0.6416666666666667 0.6734375 0.38125 0.26875
1 0.4666666666666667 0.42421875 0.28125 0.225
1 0.209375 0.58828125 0.41875 0.2578125
1 0.221875 0.8203125 0.42083333333333334 0.33125
1 0.43645833333333334 0.7234375 0.27291666666666664 0.2296875
1 0.4822916666666667 0.909375 0.28125 0.18125
0 0.86875 0.584375 0.2625 0.21875
1 0.8572916666666667 0.78125 0.19166666666666668 0.2328125
1 0.6197916666666666 0.29375 0.29791666666666666 0.2
1 0.9447916666666667 0.34921875 0.11041666666666666 0.2109375
1 0.9083333333333333 0.46171875 0.18333333333333332 0.1265625
1 0.9145833333333333 0.2265625 0.17083333333333334 0.1875
1 0.9145833333333333 0.13671875 0.17083333333333334 0.1203125
1 0.8583333333333333 0.07578125 0.16041666666666668 0.071875
1 0.7427083333333333 0.09296875 0.19791666666666666 0.11875
1 0.7322916666666667 0.20859375 0.24791666666666667 0.1984375
1 0.5583333333333333 0.1359375 0.2 0.1234375
1 0.41354166666666664 0.1984375 0.2875 0.1890625
0 0.18229166666666666 0.24765625 0.22708333333333333 0.11875
0 0.17291666666666666 0.190625 0.18125 0.09375
1 0.18229166666666666 0.1390625 0.1625 0.084375
1 0.365625 0.07734375 0.19375 0.1296875
1 0.23541666666666666 0.053125 0.20416666666666666 0.10625
1 0.5302083333333333 0.03046875 0.15208333333333332 0.0609375
1 0.5375 0.0703125 0.13958333333333334 0.071875