0 0.41770833333333335 0.32265625 0.35 0.2640625
0 0.46145833333333336 0.5203125 0.3104166666666667 0.1921875
0 0.428125 0.70625 0.29583333333333334 0.24375
0 0.10104166666666667 0.70078125 0.20208333333333334 0.4359375
1 0.184375 0.621875 0.33958333333333335 0.2828125
1 0.19166666666666668 0.43203125 0.30625 0.2
1 0.58125 0.22265625 0.2604166666666667 0.21875
1 0.646875 0.1296875 0.23541666666666666 0.1375
1 0.3729166666666667 0.1328125 0.2375 0.1625
1 0.2125 0.10078125 0.16041666666666668 0.1328125
1 0.16666666666666666 0.203125 0.23541666666666666 0.1296875
1 0.08020833333333334 0.31796875 0.13541666666666666 0.1765625
1 0.30520833333333336 0.88046875 0.3645833333333333 0.2390625
1 0.153125 0.91015625 0.30625 0.1484375
1 0.2125 0.2828125 0.15833333333333333 0.1234375