0 0.278125 0.27421875 0.24583333333333332 0.175
0 0.13958333333333334 0.203125 0.17291666666666666 0.121875
0 0.534375 0.4484375 0.16041666666666668 0.103125
0 0.12916666666666668 0.9375 0.20833333333333334 0.125
1 0.121875 0.3671875 0.24375 0.16875
1 0.04375 0.21171875 0.0875 0.1703125
1 0.34375 0.4453125 0.22916666666666666 0.1578125
1 0.44895833333333335 0.54609375 0.20833333333333334 0.1265625
1 0.30520833333333336 0.63125 0.27708333333333335 0.1703125
1 0.12916666666666668 0.74765625 0.2375 0.221875
1 0.42083333333333334 0.7765625 0.25 0.2078125
1 0.678125 0.87734375 0.36875 0.2453125
1 0.9447916666666667 0.84140625 0.11041666666666666 0.2328125
1 0.8541666666666666 0.68828125 0.2916666666666667 0.2484375
1 0.6104166666666667 0.64921875 0.2604166666666667 0.16875
1 0.6854166666666667 0.52421875 0.22291666666666668 0.125
1 0.665625 0.3859375 0.20416666666666666 0.1359375
1 0.859375 0.415625 0.225 0.084375
1 0.9 0.51953125 0.2 0.2046875