1 0.7739583333333333 0.38125 0.45208333333333334 0.3625
1 0.778125 0.66484375 0.44375 0.3953125
1 0.48020833333333335 0.83828125 0.5270833333333333 0.3234375
1 0.26666666666666666 0.67265625 0.3645833333333333 0.2453125
1 0.41041666666666665 0.465625 0.5083333333333333 0.3203125
1 0.11979166666666667 0.57265625 0.23958333333333334 0.2171875
1 0.17708333333333334 0.82734375 0.26875 0.309375
1 0.16354166666666667 0.346875 0.25625 0.1953125
1 0.421875 0.221875 0.33541666666666664 0.2796875
1 0.17395833333333333 0.1296875 0.34791666666666665 0.221875
1 0.052083333333333336 0.271875 0.10416666666666667 0.203125
1 0.07291666666666667 0.1078125 0.14583333333333334 0.121875