1 0.3875 0.1109375 0.2916666666666667 0.16875
1 0.31666666666666665 0.2421875 0.2875 0.2046875
1 0.51875 0.353125 0.3416666666666667 0.2578125
1 0.78125 0.3953125 0.21875 0.20625
1 0.825 0.65625 0.35 0.275
0 0.9 0.4828125 0.19791666666666666 0.13125
1 0.48333333333333334 0.690625 0.42083333333333334 0.2921875
1 0.14375 0.721875 0.28541666666666665 0.3453125
1 0.27708333333333335 0.496875 0.38333333333333336 0.2421875
1 0.12708333333333333 0.34375 0.25416666666666665 0.23125
1 0.07083333333333333 0.1890625 0.13958333333333334 0.1703125