0 0.12291666666666666 0.5921875 0.24583333333333332 0.2109375
0 0.27708333333333335 0.43125 0.29375 0.1953125
0 0.6395833333333333 0.540625 0.25625 0.2421875
0 0.3854166666666667 0.7015625 0.35833333333333334 0.24375
0 0.6 0.89375 0.4041666666666667 0.2125
0 0.8770833333333333 0.9046875 0.24375 0.1890625
0 0.7229166666666667 0.0265625 0.17916666666666667 0.0515625
1 0.73125 0.109375 0.2 0.1109375
1 0.7291666666666666 0.2078125 0.20208333333333334 0.1140625
1 0.725 0.3296875 0.20208333333333334 0.1640625
1 0.9104166666666667 0.325 0.17916666666666667 0.1484375
1 0.8895833333333333 0.48125 0.22083333333333333 0.184375
1 0.85 0.6875 0.29791666666666666 0.25
1 0.20208333333333334 0.884375 0.3333333333333333 0.2296875
1 0.525 0.4046875 0.21666666666666667 0.1515625
1 0.5145833333333333 0.278125 0.20208333333333334 0.1328125
1 0.325 0.3078125 0.1625 0.1328125
1 0.3229166666666667 0.2015625 0.19375 0.103125
1 0.5354166666666667 0.1640625 0.20416666666666666 0.109375
1 0.5520833333333334 0.0703125 0.18333333333333332 0.0984375
0 0.36875 0.078125 0.16458333333333333 0.14375
1 0.9145833333333333 0.0625 0.16875 0.1234375
1 0.9166666666666666 0.18125 0.16458333333333333 0.1609375