0 0.5458333333333333 0.77421875 0.6916666666666667 0.4515625
0 0.37604166666666666 0.3 0.3229166666666667 0.2625
0 0.8677083333333333 0.1015625 0.15625 0.203125
0 0.7083333333333334 0.43359375 0.40625 0.2609375
0 0.815625 0.675 0.36875 0.34375
1 0.3614583333333333 0.52578125 0.36041666666666666 0.246875
1 0.409375 0.12734375 0.3541666666666667 0.23125
1 0.6739583333333333 0.0953125 0.33125 0.190625
1 0.6645833333333333 0.25390625 0.35833333333333334 0.2296875
1 0.90625 0.31015625 0.16666666666666666 0.2421875
1 0.9479166666666666 0.53359375 0.10416666666666667 0.2609375
1 0.9145833333333333 0.89375 0.17083333333333334 0.146875