1 0.346875 0.434375 0.45416666666666666 0.315625
1 0.22708333333333333 0.64765625 0.41458333333333336 0.2546875
1 0.30833333333333335 0.8609375 0.3958333333333333 0.271875
1 0.5697916666666667 0.72109375 0.3854166666666667 0.25
1 0.521875 0.5546875 0.29583333333333334 0.190625
1 0.7458333333333333 0.546875 0.2791666666666667 0.24375
1 0.684375 0.384375 0.27708333333333335 0.2203125
1 0.5510416666666667 0.25 0.29375 0.1921875
1 0.303125 0.2453125 0.28958333333333336 0.1875
1 0.11458333333333333 0.290625 0.22916666666666666 0.246875
1 0.11458333333333333 0.46328125 0.2125 0.1984375
1 0.7885416666666667 0.8796875 0.42291666666666666 0.225
1 0.47604166666666664 0.95234375 0.31875 0.0953125
1 0.12604166666666666 0.8546875 0.16666666666666666 0.278125