0 0.3125 0.4328125 0.2833333333333333 0.1703125
0 0.49583333333333335 0.59375 0.30416666666666664 0.209375
1 0.7770833333333333 0.4625 0.44375 0.3203125
1 0.7520833333333333 0.7734375 0.49375 0.3859375
1 0.2708333333333333 0.825 0.5125 0.30625
1 0.17916666666666667 0.5828125 0.27708333333333335 0.153125
1 0.09583333333333334 0.384375 0.19166666666666668 0.2609375
1 0.09791666666666667 0.1796875 0.19375 0.184375
1 0.33125 0.234375 0.29791666666666666 0.2328125
1 0.65625 0.2125 0.20625 0.1578125
1 0.58125 0.3640625 0.24583333333333332 0.1640625
1 0.13958333333333334 0.096875 0.26666666666666666 0.1046875