0 0.109375 0.2671875 0.21875 0.271875
0 0.19791666666666666 0.534375 0.3958333333333333 0.315625
0 0.34479166666666666 0.2890625 0.3125 0.2578125
0 0.496875 0.4953125 0.35625 0.2546875
0 0.846875 0.4609375 0.30625 0.2625
1 0.6739583333333333 0.26171875 0.34375 0.2109375
1 0.057291666666666664 0.10390625 0.11458333333333333 0.1484375
1 0.196875 0.084375 0.23541666666666666 0.1421875
1 0.415625 0.0953125 0.26875 0.171875
1 0.6697916666666667 0.08203125 0.2520833333333333 0.1640625
1 0.85 0.18984375 0.24166666666666667 0.21875
1 0.12708333333333333 0.73515625 0.21458333333333332 0.2015625
1 0.31875 0.6984375 0.2520833333333333 0.1703125
1 0.5875 0.70703125 0.3416666666666667 0.271875
1 0.8427083333333333 0.68515625 0.25833333333333336 0.2328125