1 0.25416666666666665 0.48515625 0.29791666666666666 0.2
1 0.5229166666666667 0.51171875 0.27291666666666664 0.209375
1 0.7947916666666667 0.515625 0.31875 0.2265625
1 0.5979166666666667 0.71484375 0.24583333333333332 0.2203125
0 0.45 0.88046875 0.37083333333333335 0.2390625
1 0.16145833333333334 0.84765625 0.2604166666666667 0.3046875
1 0.09479166666666666 0.60625 0.18958333333333333 0.23125
1 0.32395833333333335 0.6671875 0.3416666666666667 0.2421875
1 0.06145833333333333 0.30390625 0.12291666666666666 0.2296875
1 0.24375 0.3078125 0.31875 0.2328125
1 0.47708333333333336 0.37265625 0.22916666666666666 0.175
1 0.13645833333333332 0.1921875 0.22291666666666668 0.1109375
1 0.22916666666666666 0.0765625 0.31875 0.1359375
1 0.04895833333333333 0.10859375 0.09791666666666667 0.1453125
1 0.378125 0.20078125 0.25625 0.1875
1 0.5447916666666667 0.2625 0.14375 0.15
1 0.6864583333333333 0.3078125 0.19166666666666668 0.1609375
1 0.8458333333333333 0.353125 0.17916666666666667 0.13125
1 0.6385416666666667 0.19296875 0.15 0.128125
1 0.53125 0.0828125 0.20833333333333334 0.165625
0 0.7208333333333333 0.0921875 0.17916666666666667 0.146875
1 0.7739583333333333 0.18671875 0.13333333333333333 0.0890625
1 0.8833333333333333 0.1984375 0.15625 0.1109375
1 0.85625 0.0984375 0.14375 0.140625