1 0.36354166666666665 0.228125 0.24791666666666667 0.1375
1 0.1625 0.2671875 0.22916666666666666 0.1390625
1 0.04791666666666667 0.275 0.09583333333333334 0.14375
0 0.13333333333333333 0.3734375 0.2604166666666667 0.146875
1 0.3875 0.36640625 0.26458333333333334 0.1671875
1 0.6354166666666666 0.3421875 0.25833333333333336 0.1546875
1 0.7875 0.48828125 0.26666666666666666 0.209375
1 0.546875 0.53359375 0.32916666666666666 0.234375
1 0.3145833333333333 0.528125 0.25 0.1828125
1 0.12395833333333334 0.51796875 0.24791666666666667 0.1859375
1 0.16041666666666668 0.84375 0.27708333333333335 0.2328125
1 0.434375 0.8890625 0.41041666666666665 0.221875
1 0.8208333333333333 0.8296875 0.3416666666666667 0.2328125