0 0.3489583333333333 0.290625 0.3875 0.275
0 0.24791666666666667 0.54296875 0.45625 0.309375
0 0.6729166666666667 0.56171875 0.5104166666666666 0.321875
0 0.6614583333333334 0.32109375 0.31875 0.246875
1 0.13854166666666667 0.08828125 0.20625 0.1765625
1 0.459375 0.79375 0.45416666666666666 0.2984375
1 0.8645833333333334 0.69453125 0.2520833333333333 0.2109375
1 0.08020833333333334 0.7984375 0.16041666666666668 0.290625
1 0.228125 0.76640625 0.20208333333333334 0.2078125
1 0.12083333333333333 0.340625 0.21666666666666667 0.18125
1 0.19895833333333332 0.19765625 0.22083333333333333 0.1296875
1 0.29583333333333334 0.08203125 0.17916666666666667 0.1640625
1 0.4895833333333333 0.12265625 0.2625 0.1515625
1 0.7197916666666667 0.12421875 0.22291666666666668 0.1765625
1 0.8770833333333333 0.29609375 0.24583333333333332 0.1859375
1 0.884375 0.14375 0.15625 0.1171875
1 0.9458333333333333 0.0734375 0.10833333333333334 0.096875
1 0.978125 0.140625 0.04375 0.084375
1 0.9364583333333333 0.48046875 0.12708333333333333 0.1921875