0 0.471875 0.49140625 0.3458333333333333 0.2546875
0 0.6989583333333333 0.36953125 0.3 0.2421875
0 0.5947916666666667 0.70859375 0.4083333333333333 0.3125
0 0.27291666666666664 0.70390625 0.37083333333333335 0.2234375
0 0.11770833333333333 0.3671875 0.23541666666666666 0.203125
0 0.18229166666666666 0.52265625 0.3645833333333333 0.2421875
1 0.503125 0.23125 0.32708333333333334 0.215625
0 0.81875 0.5578125 0.3625 0.28125
1 0.8614583333333333 0.80078125 0.27708333333333335 0.3234375
1 0.3375 0.878125 0.5 0.24375
1 0.6989583333333333 0.925 0.31875 0.15