0 0.6354166666666666 0.62265625 0.53125 0.34375
0 0.3177083333333333 0.3625 0.25833333333333336 0.1984375
0 0.19479166666666667 0.45859375 0.18958333333333333 0.13125
0 0.33645833333333336 0.54140625 0.20208333333333334 0.1421875
0 0.7697916666666667 0.4171875 0.32916666666666666 0.24375
0 0.5177083333333333 0.1328125 0.15 0.140625
0 0.6697916666666667 0.16328125 0.24791666666666667 0.1890625
0 0.55625 0.28984375 0.29583333333333334 0.1796875
1 0.14166666666666666 0.59140625 0.2625 0.1796875
0 0.3770833333333333 0.72265625 0.26666666666666666 0.2453125
0 0.8885416666666667 0.7 0.22291666666666668 0.33125
1 0.8583333333333333 0.2796875 0.24375 0.1953125
1 0.4947916666666667 0.44375 0.17708333333333334 0.115625
1 0.37916666666666665 0.19921875 0.2 0.128125
0 0.23125 0.26796875 0.14583333333333334 0.078125
1 0.8604166666666667 0.1375 0.18125 0.128125
1 0.7625 0.065625 0.19166666666666668 0.13125
1 0.575 0.05859375 0.16875 0.0984375