1 0.4625 0.07734375 0.3958333333333333 0.1546875
1 0.33958333333333335 0.24140625 0.33958333333333335 0.1921875
0 0.22708333333333333 0.11171875 0.27291666666666664 0.1921875
0 0.8354166666666667 0.5046875 0.32916666666666666 0.209375
0 0.5541666666666667 0.68359375 0.4270833333333333 0.2796875
1 0.42083333333333334 0.44453125 0.3854166666666667 0.2515625
1 0.6552083333333333 0.3390625 0.3104166666666667 0.18125
1 0.853125 0.12734375 0.29375 0.2265625
1 0.8510416666666667 0.703125 0.27708333333333335 0.225
0 0.5520833333333334 0.85625 0.325 0.196875
1 0.7833333333333333 0.84765625 0.26666666666666666 0.2140625
1 0.725 0.9484375 0.3375 0.103125
1 0.5989583333333334 0.21015625 0.23958333333333334 0.15