0 0.18229166666666666 0.7546875 0.27708333333333335 0.2359375
0 0.4354166666666667 0.7734375 0.3229166666666667 0.2640625
0 0.7354166666666667 0.7859375 0.35208333333333336 0.2703125
0 0.8052083333333333 0.46640625 0.2520833333333333 0.1875
0 0.6635416666666667 0.34375 0.21666666666666667 0.1765625
0 0.815625 0.26015625 0.20625 0.1359375
0 0.09270833333333334 0.47890625 0.18541666666666667 0.1953125
0 0.25625 0.5671875 0.30625 0.1765625
0 0.559375 0.49140625 0.22916666666666666 0.1671875
0 0.3385416666666667 0.29296875 0.23541666666666666 0.153125
0 0.48333333333333334 0.36875 0.24166666666666667 0.16875
1 0.1 0.35 0.2 0.15
1 0.278125 0.41484375 0.2520833333333333 0.175
1 0.6625 0.19296875 0.21041666666666667 0.14375
0 0.9020833333333333 0.36484375 0.16875 0.1375
1 0.7229166666666667 0.58359375 0.3125 0.2203125
1 0.903125 0.653125 0.19375 0.225
0 0.24583333333333332 0.91484375 0.31666666666666665 0.1703125