1 0.5208333333333334 0.63359375 0.43333333333333335 0.3359375
1 0.8177083333333334 0.56171875 0.3645833333333333 0.2953125
1 0.571875 0.390625 0.3375 0.221875
1 0.26666666666666666 0.47890625 0.3020833333333333 0.240625
1 0.25 0.27265625 0.39791666666666664 0.25
1 0.603125 0.24375 0.3020833333333333 0.18125
1 0.8239583333333333 0.35859375 0.33541666666666664 0.2390625
1 0.840625 0.2125 0.22708333333333333 0.1765625
1 0.6989583333333333 0.11171875 0.20625 0.1484375
1 0.37604166666666666 0.1359375 0.37083333333333335 0.2609375
1 0.7072916666666667 0.0484375 0.24375 0.096875