0 0.36354166666666665 0.65078125 0.5208333333333334 0.39375
0 0.7114583333333333 0.5109375 0.4791666666666667 0.346875
0 0.5 0.2421875 0.37083333333333335 0.33125
1 0.7177083333333333 0.171875 0.2833333333333333 0.278125
0 0.8739583333333333 0.271875 0.21041666666666667 0.2359375
1 0.9052083333333333 0.57421875 0.18958333333333333 0.2484375
1 0.6177083333333333 0.846875 0.45416666666666666 0.30625
1 0.24479166666666666 0.85 0.39791666666666664 0.2875
1 0.11145833333333334 0.64140625 0.22291666666666668 0.2953125
1 0.265625 0.409375 0.35208333333333336 0.234375
1 0.06875 0.165625 0.1375 0.246875
1 0.16979166666666667 0.07734375 0.15625 0.1015625
1 0.3177083333333333 0.0578125 0.19791666666666666 0.103125
1 0.4791666666666667 0.05859375 0.225 0.1171875
1 0.153125 0.2734375 0.30625 0.196875
1 0.053125 0.40390625 0.10625 0.2296875
1 0.778125 0.68671875 0.19166666666666668 0.1265625