0 0.42916666666666664 0.596875 0.525 0.3171875
1 0.53125 0.371875 0.42291666666666666 0.2640625
1 0.8645833333333334 0.3734375 0.2708333333333333 0.321875
1 0.8229166666666666 0.665625 0.3541666666666667 0.3484375
1 0.40208333333333335 0.8125 0.39166666666666666 0.1984375
1 0.17291666666666666 0.896875 0.3458333333333333 0.20625
1 0.10416666666666667 0.6625 0.20833333333333334 0.265625
0 0.16458333333333333 0.3953125 0.3020833333333333 0.20625
1 0.3541666666666667 0.23125 0.225 0.16875
1 0.6479166666666667 0.15 0.3541666666666667 0.2546875
1 0.4666666666666667 0.0625 0.2791666666666667 0.1234375
1 0.11875 0.0859375 0.2375 0.1703125
1 0.11041666666666666 0.2796875 0.21875 0.15625
1 0.275 0.0921875 0.13125 0.121875