1 0.37083333333333335 0.2640625 0.3125 0.1765625
1 0.54375 0.45 0.2375 0.215625
0 0.7895833333333333 0.4390625 0.275 0.1875
0 0.19166666666666668 0.446875 0.38125 0.24375
0 0.5979166666666667 0.321875 0.1625 0.128125
0 0.275 0.125 0.3020833333333333 0.146875
1 0.49583333333333335 0.1796875 0.17916666666666667 0.125
1 0.6875 0.203125 0.18541666666666667 0.16875
1 0.8958333333333334 0.2109375 0.20416666666666666 0.159375
1 0.8895833333333333 0.6140625 0.22083333333333333 0.26875
1 0.7354166666666667 0.7734375 0.46041666666666664 0.3203125
1 0.37916666666666665 0.896875 0.41041666666666665 0.20625
0 0.36041666666666666 0.6578125 0.3729166666666667 0.2453125
1 0.09791666666666667 0.85 0.19583333333333333 0.2890625
1 0.10208333333333333 0.23125 0.20416666666666666 0.215625
1 0.13958333333333334 0.0375 0.19166666666666668 0.0703125
1 0.49166666666666664 0.04375 0.16041666666666668 0.0859375
1 0.59375 0.103125 0.1 0.0609375
1 0.75625 0.1125 0.14583333333333334 0.0859375
1 0.9270833333333334 0.0765625 0.14375 0.103125
1 0.7645833333333333 0.0484375 0.16458333333333333 0.071875
0 0.6270833333333333 0.040625 0.11666666666666667 0.075