0 0.4270833333333333 0.465625 0.3125 0.26875
0 0.23958333333333334 0.721875 0.3875 0.2640625
0 0.6104166666666667 0.8828125 0.55625 0.2328125
0 0.7520833333333333 0.6546875 0.49375 0.359375
1 0.79375 0.25625 0.3145833333333333 0.2609375
1 0.46458333333333335 0.25625 0.23958333333333334 0.19375
0 0.23958333333333334 0.30625 0.175 0.171875
0 0.575 0.153125 0.175 0.096875
0 0.14166666666666666 0.4671875 0.2708333333333333 0.1734375
0 0.04375 0.7015625 0.0875 0.2140625
1 0.19166666666666668 0.928125 0.32708333333333334 0.14375
1 0.83125 0.4265625 0.21666666666666667 0.1140625
1 0.6479166666666667 0.390625 0.18333333333333332 0.109375
1 0.85 0.121875 0.19583333333333333 0.0921875
1 0.5020833333333333 0.053125 0.27291666666666664 0.1046875
1 0.8354166666666667 0.040625 0.17916666666666667 0.071875
0 0.6791666666666667 0.0671875 0.11041666666666666 0.109375
1 0.35833333333333334 0.128125 0.18958333333333333 0.11875