1 0.5145833333333333 0.609375 0.33541666666666664 0.2796875
1 0.7625 0.6859375 0.21666666666666667 0.2328125
1 0.5479166666666667 0.90625 0.325 0.1859375
1 0.7979166666666667 0.90625 0.25 0.1875
1 0.9416666666666667 0.8234375 0.11458333333333333 0.2125
1 0.9083333333333333 0.575 0.18125 0.309375
1 0.7145833333333333 0.4421875 0.2875 0.2125
1 0.925 0.3421875 0.15 0.1515625
1 0.9125 0.1921875 0.175 0.18125
1 0.7229166666666667 0.278125 0.25833333333333336 0.1515625
1 0.41041666666666665 0.29375 0.32083333333333336 0.2328125
1 0.26875 0.465625 0.3145833333333333 0.228125
1 0.0875 0.6 0.175 0.253125
1 0.25416666666666665 0.6875 0.19166666666666668 0.16875
1 0.4625 0.803125 0.3125 0.1515625
1 0.13958333333333334 0.35 0.1875 0.1171875
1 0.07083333333333333 0.221875 0.14166666666666666 0.1328125
1 0.21458333333333332 0.265625 0.13958333333333334 0.075
1 0.42291666666666666 0.1015625 0.15416666666666667 0.08125
1 0.5270833333333333 0.0484375 0.09166666666666666 0.0890625
1 0.7020833333333333 0.1328125 0.2125 0.1375
1 0.6 0.0984375 0.125 0.0875
1 0.6375 0.01875 0.20625 0.0359375
1 0.47708333333333336 0.14375 0.17083333333333334 0.0671875
1 0.04375 0.3875 0.08541666666666667 0.1671875