1 0.515625 0.58515625 0.27291666666666664 0.1953125
0 0.5479166666666667 0.78203125 0.26875 0.2421875
0 0.8177083333333334 0.53671875 0.23541666666666666 0.1546875
0 0.16875 0.88203125 0.3375 0.1921875
0 0.9197916666666667 0.25546875 0.16041666666666668 0.1015625
0 0.8520833333333333 0.303125 0.16041666666666668 0.1
0 0.9520833333333333 0.328125 0.09583333333333334 0.0875
0 0.7979166666666667 0.384375 0.17916666666666667 0.1515625
0 0.890625 0.42421875 0.21875 0.2046875
1 0.809375 0.7390625 0.3125 0.225
1 0.6770833333333334 0.59609375 0.18958333333333333 0.184375
1 0.2947916666666667 0.71171875 0.29583333333333334 0.2140625
1 0.12083333333333333 0.57734375 0.24166666666666667 0.2171875
1 0.29375 0.45859375 0.23541666666666666 0.1453125
1 0.10104166666666667 0.43671875 0.20208333333333334 0.1515625
1 0.2520833333333333 0.36640625 0.17291666666666666 0.08125
1 0.428125 0.390625 0.20208333333333334 0.15625
1 0.5739583333333333 0.39453125 0.18541666666666667 0.1359375
1 0.5125 0.25390625 0.13541666666666666 0.1125
1 0.6114583333333333 0.3234375 0.15416666666666667 0.090625
1 0.66875 0.26484375 0.16875 0.1109375
1 0.7979166666666667 0.93984375 0.20833333333333334 0.1203125
1 0.026041666666666668 0.703125 0.052083333333333336 0.19375