0 0.36666666666666664 0.3375 0.4166666666666667 0.2453125
0 0.6729166666666667 0.15625 0.44375 0.2734375
0 0.34375 0.590625 0.34375 0.253125
0 0.7729166666666667 0.4203125 0.45416666666666666 0.3
1 0.6895833333333333 0.7203125 0.4375 0.2890625
1 0.9520833333333333 0.740625 0.09583333333333334 0.3
0 0.6854166666666667 0.9203125 0.42291666666666666 0.1578125
1 0.2708333333333333 0.8671875 0.39375 0.265625
1 0.9375 0.209375 0.125 0.2359375
1 0.8979166666666667 0.05625 0.20416666666666666 0.1109375
1 0.6625 0.025 0.29375 0.0484375