1 0.17604166666666668 0.06484375 0.28125 0.1296875
1 0.3958333333333333 0.14375 0.30833333333333335 0.228125
1 0.5239583333333333 0.0625 0.27708333333333335 0.125
1 0.7104166666666667 0.14609375 0.225 0.1796875
1 0.771875 0.2953125 0.2791666666666667 0.1703125
1 0.5291666666666667 0.32578125 0.22916666666666666 0.1828125
1 0.2833333333333333 0.36484375 0.33958333333333335 0.1953125
1 0.084375 0.2984375 0.15625 0.2625
1 0.09895833333333333 0.52578125 0.19791666666666666 0.2296875
1 0.3302083333333333 0.55234375 0.34375 0.24375
1 0.6083333333333333 0.50546875 0.30625 0.23125
1 0.8614583333333333 0.4453125 0.27708333333333335 0.16875
1 0.8510416666666667 0.646875 0.29791666666666666 0.303125
1 0.6125 0.7265625 0.34375 0.265625
1 0.28020833333333334 0.8 0.38333333333333336 0.28125