1 0.2989583333333333 0.11875 0.3645833333333333 0.2359375
1 0.578125 0.21875 0.3104166666666667 0.221875
1 0.6572916666666667 0.078125 0.29375 0.146875
1 0.8270833333333333 0.16171875 0.2708333333333333 0.209375
1 0.9072916666666667 0.30703125 0.15625 0.1859375
1 0.765625 0.3640625 0.31875 0.2234375
1 0.5739583333333333 0.45234375 0.35 0.246875
1 0.8677083333333333 0.5296875 0.26458333333333334 0.240625
1 0.7302083333333333 0.6390625 0.38333333333333336 0.26875
1 0.40520833333333334 0.66640625 0.3375 0.2359375
1 0.2520833333333333 0.43125 0.38125 0.2640625
1 0.14791666666666667 0.61640625 0.29583333333333334 0.2609375
1 0.153125 0.853125 0.22916666666666666 0.240625
1 0.3854166666666667 0.87421875 0.37916666666666665 0.2515625
1 0.7666666666666667 0.8578125 0.45 0.2765625
1 0.08125 0.15625 0.1625 0.159375
1 0.13125 0.29296875 0.2625 0.1828125