0 0.509375 0.3953125 0.60625 0.3953125
0 0.18333333333333332 0.25078125 0.36666666666666664 0.3515625
0 0.253125 0.6203125 0.50625 0.359375
0 0.696875 0.6765625 0.525 0.390625
0 0.528125 0.059375 0.36041666666666666 0.11875
0 0.8791666666666667 0.403125 0.24166666666666667 0.296875
1 0.95 0.80078125 0.1 0.2796875
1 0.75 0.915625 0.4625 0.16875
1 0.30833333333333335 0.8484375 0.5041666666666667 0.303125
1 0.6885416666666667 0.1703125 0.5083333333333333 0.303125
1 0.29375 0.13671875 0.34791666666666665 0.265625