0 0.5427083333333333 0.5359375 0.28541666666666665 0.2265625
0 0.5072916666666667 0.7640625 0.38125 0.3015625
1 0.6947916666666667 0.3453125 0.32083333333333336 0.228125
1 0.8010416666666667 0.4953125 0.32708333333333334 0.228125
1 0.7864583333333334 0.703125 0.3625 0.2734375
1 0.728125 0.89609375 0.39791666666666664 0.2078125
1 0.4479166666666667 0.94296875 0.24583333333333332 0.1140625
1 0.21666666666666667 0.85 0.43333333333333335 0.284375
0 0.24375 0.6546875 0.33125 0.2078125
1 0.29375 0.48671875 0.30833333333333335 0.1984375
1 0.27291666666666664 0.34140625 0.31666666666666665 0.159375
1 0.103125 0.47421875 0.20625 0.2078125
1 0.05416666666666667 0.61953125 0.10833333333333334 0.1859375
1 0.09166666666666666 0.3203125 0.14375 0.1578125