0 0.5885416666666666 0.74765625 0.34791666666666665 0.23125
0 0.321875 0.71171875 0.33958333333333335 0.25
0 0.44583333333333336 0.4359375 0.275 0.184375
0 0.5541666666666667 0.20390625 0.12083333333333333 0.0921875
0 0.19166666666666668 0.290625 0.2625 0.190625
0 0.440625 0.8921875 0.325 0.2
0 0.921875 0.59375 0.15625 0.171875
0 0.7833333333333333 0.63671875 0.26458333333333334 0.2078125
0 0.7677083333333333 0.8640625 0.30625 0.2203125
0 0.7416666666666667 0.5078125 0.10625 0.09375
0 0.30416666666666664 0.1140625 0.18333333333333332 0.1125
0 0.31145833333333334 0.20703125 0.17083333333333334 0.153125
1 0.4625 0.23203125 0.18958333333333333 0.1484375
1 0.5645833333333333 0.27890625 0.15833333333333333 0.10625
1 0.5072916666666667 0.33671875 0.20416666666666666 0.1046875
1 0.7083333333333334 0.36484375 0.2 0.1375
1 0.5614583333333333 0.39296875 0.13125 0.1046875
1 0.7104166666666667 0.26796875 0.17083333333333334 0.1125
0 0.6802083333333333 0.20234375 0.1625 0.084375
1 0.5697916666666667 0.14453125 0.16458333333333333 0.1
1 0.709375 0.13046875 0.12083333333333333 0.0890625
1 0.8229166666666666 0.14765625 0.18125 0.115625
1 0.8479166666666667 0.2203125 0.175 0.125
1 0.8791666666666667 0.34140625 0.20833333333333334 0.18125
1 0.9125 0.8390625 0.175 0.215625
1 0.19479166666666667 0.84765625 0.25416666666666665 0.2390625
1 0.2635416666666667 0.96484375 0.26458333333333334 0.0703125
1 0.09583333333333334 0.503125 0.19166666666666668 0.159375
1 0.12916666666666668 0.628125 0.23333333333333334 0.1921875
1 0.03229166666666667 0.290625 0.06458333333333334 0.165625
1 0.04791666666666667 0.2171875 0.09583333333333334 0.1
1 0.11770833333333333 0.134375 0.2125 0.178125