1 0.59375 0.5515625 0.3104166666666667 0.225
0 0.6895833333333333 0.759375 0.28125 0.1875
0 0.3770833333333333 0.86875 0.34375 0.25
0 0.11041666666666666 0.896875 0.22083333333333333 0.2046875
0 0.1125 0.6734375 0.22291666666666668 0.2265625
0 0.42083333333333334 0.3421875 0.21458333333333332 0.14375
0 0.6166666666666667 0.41875 0.25 0.1234375
1 0.3645833333333333 0.5140625 0.225 0.165625
1 0.22291666666666668 0.3875 0.2708333333333333 0.178125
1 0.32708333333333334 0.1859375 0.20625 0.1484375
0 0.5104166666666666 0.2390625 0.18541666666666667 0.11875
1 0.6458333333333334 0.3265625 0.17916666666666667 0.096875
1 0.8125 0.428125 0.19375 0.14375
1 0.925 0.5625 0.15 0.153125
1 0.7854166666666667 0.5875 0.16458333333333333 0.190625
1 0.07708333333333334 0.4875 0.15416666666666667 0.1703125