1 0.31666666666666665 0.5859375 0.33125 0.2671875
1 0.65625 0.575 0.34375 0.29375
1 0.8958333333333334 0.6984375 0.20833333333333334 0.309375
1 0.88125 0.9140625 0.2375 0.1703125
1 0.55625 0.8484375 0.45625 0.303125
1 0.18333333333333332 0.8109375 0.3645833333333333 0.265625
1 0.15833333333333333 0.38125 0.3145833333333333 0.24375
1 0.4666666666666667 0.3640625 0.30625 0.2375
1 0.7104166666666667 0.271875 0.28125 0.2203125
1 0.8833333333333333 0.4359375 0.23125 0.2265625
1 0.9270833333333334 0.25 0.14375 0.15625
1 0.825 0.1015625 0.275 0.1828125
1 0.46875 0.128125 0.35208333333333336 0.2453125
1 0.17083333333333334 0.15 0.33958333333333335 0.2375