0 0.7239583333333334 0.803125 0.5020833333333333 0.3453125
0 0.15833333333333333 0.82890625 0.31666666666666665 0.2953125
0 0.215625 0.4671875 0.27708333333333335 0.1625
0 0.1625 0.34921875 0.1125 0.1046875
1 0.22916666666666666 0.2734375 0.20416666666666666 0.159375
1 0.5864583333333333 0.42421875 0.33541666666666664 0.2203125
1 0.30416666666666664 0.6328125 0.36666666666666664 0.271875
1 0.7572916666666667 0.5546875 0.23541666666666666 0.1984375
1 0.559375 0.60390625 0.21666666666666667 0.159375
1 0.9333333333333333 0.48125 0.13333333333333333 0.234375
1 0.925 0.696875 0.13333333333333333 0.24375
0 0.44583333333333336 0.84296875 0.2791666666666667 0.2375
1 0.07395833333333333 0.371875 0.14375 0.2328125
1 0.06666666666666667 0.57890625 0.13333333333333333 0.1859375
1 0.365625 0.3578125 0.175 0.159375
1 0.5604166666666667 0.2671875 0.2125 0.1203125
1 0.7916666666666666 0.3453125 0.32916666666666666 0.21875
1 0.909375 0.16484375 0.18125 0.2671875
1 0.6625 0.13125 0.22916666666666666 0.1828125
1 0.3770833333333333 0.171875 0.25833333333333336 0.178125
1 0.2635416666666667 0.0875 0.2 0.1234375
0 0.15833333333333333 0.1859375 0.13958333333333334 0.0953125
0 0.484375 0.06953125 0.23958333333333334 0.1390625