1 0.3145833333333333 0.396875 0.35833333333333334 0.228125
1 0.5229166666666667 0.2140625 0.30625 0.228125
1 0.7333333333333333 0.159375 0.29583333333333334 0.2
1 0.8895833333333333 0.275 0.21875 0.1375
1 0.69375 0.3296875 0.21875 0.1265625
1 0.575 0.4421875 0.18541666666666667 0.11875
1 0.18958333333333333 0.6390625 0.3375 0.2265625
1 0.5541666666666667 0.6359375 0.3854166666666667 0.3296875
1 0.85625 0.759375 0.28541666666666665 0.2546875
1 0.9041666666666667 0.5640625 0.18958333333333333 0.2515625
1 0.8645833333333334 0.409375 0.26875 0.159375
1 0.07916666666666666 0.3515625 0.15625 0.2546875
1 0.22291666666666668 0.2 0.3229166666666667 0.2171875
1 0.03958333333333333 0.1625 0.07708333333333334 0.171875
1 0.04375 0.5890625 0.0875 0.203125