0 0.41458333333333336 0.390625 0.30833333333333335 0.2359375
0 0.725 0.2390625 0.29375 0.209375
0 0.4375 0.2015625 0.29583333333333334 0.2015625
0 0.6875 0.4484375 0.24166666666666667 0.23125
0 0.4354166666666667 0.6 0.3333333333333333 0.2046875
0 0.68125 0.7921875 0.35208333333333336 0.3203125
0 0.14791666666666667 0.5203125 0.28958333333333336 0.209375
0 0.89375 0.371875 0.21041666666666667 0.159375
1 0.8770833333333333 0.5546875 0.24583333333333332 0.2046875
0 0.90625 0.80625 0.1875 0.271875
1 0.2916666666666667 0.80625 0.30833333333333335 0.259375
0 0.3333333333333333 0.0515625 0.19375 0.103125
1 0.5041666666666667 0.1046875 0.17708333333333334 0.1109375
1 0.6875 0.0578125 0.19791666666666666 0.1140625
1 0.9208333333333333 0.0875 0.15833333333333333 0.1734375
1 0.8375 0.0328125 0.15208333333333332 0.0640625
1 0.5041666666666667 0.0390625 0.18333333333333332 0.0765625
1 0.6895833333333333 0.125 0.2 0.0859375
1 0.9041666666666667 0.23125 0.16041666666666668 0.1453125