0 0.12708333333333333 0.4015625 0.25416666666666665 0.29375
0 0.31875 0.621875 0.5833333333333334 0.453125
0 0.871875 0.82734375 0.25625 0.2984375
0 0.3302083333333333 0.36171875 0.27708333333333335 0.2171875
1 0.55625 0.34375 0.2708333333333333 0.234375
1 0.6364583333333333 0.4984375 0.32083333333333336 0.2640625
1 0.846875 0.603125 0.30625 0.296875
1 0.8510416666666667 0.375 0.29583333333333334 0.2328125
1 0.753125 0.2609375 0.28541666666666665 0.1875
1 0.3229166666666667 0.8890625 0.5458333333333333 0.221875
1 0.6302083333333334 0.74609375 0.325 0.309375
0 0.26666666666666666 0.23203125 0.29375 0.1984375
1 0.103125 0.234375 0.20625 0.178125
1 0.653125 0.115625 0.22708333333333333 0.165625
1 0.8385416666666666 0.15703125 0.23958333333333334 0.1671875
1 0.5520833333333334 0.21796875 0.21875 0.1328125
1 0.29791666666666666 0.0984375 0.26666666666666666 0.1703125
1 0.09583333333333334 0.10546875 0.19166666666666668 0.1578125