0 0.5958333333333333 0.6234375 0.30625 0.18125
1 0.7645833333333333 0.4296875 0.23125 0.1828125
1 0.54375 0.41875 0.22083333333333333 0.1484375
1 0.20625 0.3953125 0.28541666666666665 0.1234375
1 0.10208333333333333 0.2515625 0.15208333333333332 0.0890625
1 0.2 0.140625 0.21041666666666667 0.115625
1 0.08958333333333333 0.1734375 0.16875 0.078125
0 0.07083333333333333 0.3421875 0.13958333333333334 0.1296875
1 0.06458333333333334 0.478125 0.12708333333333333 0.146875
1 0.16875 0.5609375 0.19791666666666666 0.140625
1 0.34375 0.503125 0.19791666666666666 0.128125
0 0.3229166666666667 0.6453125 0.24166666666666667 0.1703125
1 0.5020833333333333 0.771875 0.2604166666666667 0.175
1 0.9208333333333333 0.575 0.15625 0.2109375
1 0.76875 0.7546875 0.2833333333333333 0.2046875
1 0.8895833333333333 0.909375 0.22083333333333333 0.18125
1 0.68125 0.9234375 0.30625 0.153125
1 0.04583333333333333 0.625 0.09166666666666666 0.128125
1 0.13333333333333333 0.71875 0.21458333333333332 0.1875
1 0.30625 0.846875 0.2833333333333333 0.2296875
1 0.38333333333333336 0.9375 0.3020833333333333 0.1234375