1 0.3229166666666667 0.6328125 0.4875 0.390625
1 0.175 0.8875 0.35 0.2234375
1 0.63125 0.7484375 0.225 0.275
1 0.86875 0.7953125 0.2625 0.378125
1 0.8333333333333334 0.5296875 0.3333333333333333 0.2078125
1 0.8833333333333333 0.3515625 0.23125 0.1703125
1 0.6208333333333333 0.325 0.3020833333333333 0.2203125
1 0.7041666666666667 0.15 0.24791666666666667 0.190625
1 0.9333333333333333 0.1453125 0.13333333333333333 0.2890625
1 0.375 0.1921875 0.3541666666666667 0.234375
1 0.125 0.2 0.24791666666666667 0.2203125
1 0.06041666666666667 0.4515625 0.11875 0.3390625