1 0.434375 0.43515625 0.38125 0.26875
1 0.675 0.41171875 0.2520833333333333 0.21875
1 0.7375 0.2625 0.2791666666666667 0.1875
1 0.8739583333333333 0.375 0.25 0.2203125
1 0.8395833333333333 0.5375 0.32083333333333336 0.25625
1 0.7520833333333333 0.7296875 0.35625 0.271875
1 0.571875 0.58125 0.2875 0.1671875
1 0.46041666666666664 0.728125 0.32708333333333334 0.2359375
1 0.6875 0.87734375 0.3875 0.2453125
1 0.384375 0.890625 0.34375 0.21875
1 0.22291666666666668 0.84453125 0.27291666666666664 0.2359375
1 0.25625 0.678125 0.27291666666666664 0.1921875
1 0.3385416666666667 0.5453125 0.2520833333333333 0.190625
1 0.5072916666666667 0.24140625 0.275 0.2046875
1 0.353125 0.3109375 0.18958333333333333 0.1125
1 0.15208333333333332 0.58125 0.2125 0.115625
1 0.23125 0.4515625 0.15833333333333333 0.1234375
1 0.11875 0.47890625 0.19166666666666668 0.140625
1 0.11041666666666666 0.7109375 0.16041666666666668 0.1765625
1 0.225 0.37265625 0.14375 0.0984375
1 0.2760416666666667 0.24453125 0.15208333333333332 0.1
1 0.14166666666666666 0.27421875 0.16666666666666666 0.1390625
1 0.05 0.29921875 0.1 0.1359375
1 0.08125 0.165625 0.1625 0.121875
1 0.36666666666666664 0.1328125 0.20416666666666666 0.13125
1 0.11458333333333333 0.3890625 0.14791666666666667 0.0859375
1 0.041666666666666664 0.4296875 0.08333333333333333 0.075
1 0.0125 0.37890625 0.025 0.1046875
1 0.020833333333333332 0.49765625 0.041666666666666664 0.1015625
1 0.059375 0.60546875 0.09166666666666666 0.10625
1 0.6520833333333333 0.02578125 0.25416666666666665 0.0515625