1 0.25 0.1796875 0.24583333333333332 0.171875
1 0.5125 0.20859375 0.23333333333333334 0.15
1 0.36041666666666666 0.2734375 0.22291666666666668 0.1359375
1 0.5791666666666667 0.3234375 0.21875 0.1515625
1 0.759375 0.38671875 0.24166666666666667 0.16875
1 0.21666666666666667 0.3875 0.2375 0.1546875
1 0.40208333333333335 0.403125 0.24791666666666667 0.1828125
1 0.5802083333333333 0.45703125 0.22291666666666668 0.1765625
1 0.75 0.521875 0.20833333333333334 0.1515625
0 0.678125 0.628125 0.25833333333333336 0.1609375
0 0.3 0.6421875 0.27708333333333335 0.1421875
1 0.490625 0.571875 0.24375 0.1671875
1 0.20208333333333334 0.52578125 0.3104166666666667 0.1734375
1 0.14583333333333334 0.76328125 0.2604166666666667 0.196875
1 0.378125 0.78125 0.25833333333333336 0.1984375
1 0.5510416666666667 0.7234375 0.24166666666666667 0.1921875
1 0.7416666666666667 0.79140625 0.2520833333333333 0.2140625