0 0.128125 0.68984375 0.225 0.1875
0 0.3260416666666667 0.74296875 0.2833333333333333 0.2375
0 0.6260416666666667 0.78125 0.33125 0.21875
0 0.23229166666666667 0.5453125 0.26875 0.1703125
0 0.09166666666666666 0.446875 0.18333333333333332 0.128125
0 0.6666666666666666 0.32890625 0.23125 0.1703125
0 0.7697916666666667 0.465625 0.29375 0.2015625
0 0.5145833333333333 0.471875 0.24791666666666667 0.1296875
0 0.8239583333333333 0.259375 0.20416666666666666 0.1546875
1 0.6791666666666667 0.171875 0.22916666666666666 0.146875
0 0.34791666666666665 0.265625 0.22916666666666666 0.121875
1 0.11875 0.32734375 0.23333333333333334 0.109375
1 0.28229166666666666 0.41484375 0.21458333333333332 0.1578125
1 0.47708333333333336 0.34921875 0.21875 0.14375
0 0.16458333333333333 0.86328125 0.24375 0.20625
1 0.6041666666666666 0.58828125 0.33541666666666664 0.23125
1 0.8364583333333333 0.6703125 0.24791666666666667 0.2546875
1 0.9395833333333333 0.52109375 0.12083333333333333 0.2515625
1 0.96875 0.72734375 0.0625 0.2015625