1 0.34375 0.2015625 0.30833333333333335 0.2078125
1 0.23958333333333334 0.3453125 0.20625 0.153125
1 0.43333333333333335 0.38125 0.23541666666666666 0.1703125
1 0.6833333333333333 0.3953125 0.3020833333333333 0.23125
1 0.9 0.3734375 0.19791666666666666 0.1875
1 0.8729166666666667 0.56875 0.25416666666666665 0.20625
1 0.6333333333333333 0.615625 0.31875 0.2375
1 0.39166666666666666 0.553125 0.2375 0.21875
1 0.15625 0.48125 0.3104166666666667 0.178125
1 0.175 0.6671875 0.30833333333333335 0.221875
1 0.14583333333333334 0.8671875 0.2916666666666667 0.225
1 0.4 0.921875 0.32708333333333334 0.15625
1 0.7166666666666667 0.9265625 0.31666666666666665 0.1453125
1 0.88125 0.8328125 0.2375 0.3328125
1 0.7291666666666666 0.784375 0.16875 0.1859375
1 0.5520833333333334 0.0453125 0.3145833333333333 0.090625
1 0.8479166666666667 0.08125 0.3020833333333333 0.1609375