0 0.7270833333333333 0.3921875 0.34375 0.23125
0 0.81875 0.596875 0.3229166666666667 0.209375
0 0.6041666666666666 0.7890625 0.4354166666666667 0.3265625
0 0.19375 0.440625 0.3375 0.2265625
1 0.5083333333333333 0.5609375 0.3145833333333333 0.203125
1 0.23541666666666666 0.6640625 0.375 0.221875
1 0.20416666666666666 0.878125 0.4041666666666667 0.2421875
1 0.9041666666666667 0.8421875 0.18958333333333333 0.24375
1 0.45208333333333334 0.3890625 0.22291666666666668 0.15
1 0.25625 0.3046875 0.23125 0.1125
1 0.275 0.2046875 0.19583333333333333 0.1421875
1 0.42291666666666666 0.196875 0.2 0.1671875
1 0.54375 0.271875 0.21041666666666667 0.1296875
1 0.7229166666666667 0.190625 0.2 0.09375
0 0.7854166666666667 0.2796875 0.25625 0.1359375
0 0.04583333333333333 0.609375 0.08958333333333333 0.1640625