1 0.19479166666666667 0.1890625 0.28541666666666665 0.1890625
1 0.10520833333333333 0.3203125 0.21041666666666667 0.16875
1 0.3416666666666667 0.30859375 0.33125 0.2171875
1 0.5739583333333333 0.28046875 0.2604166666666667 0.2078125
1 0.46458333333333335 0.17265625 0.24375 0.153125
1 0.084375 0.4890625 0.16875 0.24375
1 0.309375 0.47109375 0.35208333333333336 0.246875
1 0.6125 0.4640625 0.2916666666666667 0.209375
1 0.7875 0.365625 0.20833333333333334 0.175
1 0.8458333333333333 0.596875 0.30833333333333335 0.271875
1 0.5052083333333334 0.68359375 0.40208333333333335 0.2984375
1 0.175 0.70625 0.32916666666666666 0.2859375
1 0.5 0.9453125 0.325 0.109375