0 0.8270833333333333 0.6734375 0.3458333333333333 0.384375
0 0.415625 0.20859375 0.28125 0.2
0 0.39895833333333336 0.346875 0.3104166666666667 0.159375
0 0.5083333333333333 0.4859375 0.475 0.3265625
0 0.1875 0.58515625 0.375 0.2703125
0 0.503125 0.77421875 0.43333333333333335 0.3578125
1 0.20729166666666668 0.8453125 0.3104166666666667 0.309375
1 0.73125 0.39140625 0.3625 0.2421875
1 0.6479166666666667 0.209375 0.30833333333333335 0.2125
1 0.13958333333333334 0.1296875 0.2791666666666667 0.196875
1 0.18333333333333332 0.27109375 0.25625 0.16875
1 0.05 0.2734375 0.1 0.190625
1 0.15 0.415625 0.3 0.2