0 0.5614583333333333 0.37734375 0.37916666666666665 0.3234375
0 0.6208333333333333 0.68125 0.5229166666666667 0.371875
0 0.19375 0.70703125 0.38125 0.3765625
1 0.15520833333333334 0.1859375 0.3104166666666667 0.296875
1 0.47291666666666665 0.09453125 0.25833333333333336 0.1890625
1 0.675 0.11015625 0.19375 0.1546875
1 0.8052083333333333 0.16640625 0.27291666666666664 0.1296875
1 0.8510416666666667 0.35 0.29375 0.284375
1 0.85 0.86796875 0.3 0.2421875
1 0.353125 0.91171875 0.42291666666666666 0.1765625
1 0.31979166666666664 0.4984375 0.2833333333333333 0.2265625
1 0.11770833333333333 0.4078125 0.23541666666666666 0.1875
1 0.33958333333333335 0.3046875 0.2625 0.1765625
1 0.31666666666666665 0.14140625 0.20208333333333334 0.1765625
1 0.7854166666666667 0.04765625 0.22916666666666666 0.0953125
1 0.8760416666666667 0.54609375 0.19583333333333333 0.15