0 0.421875 0.62578125 0.41041666666666665 0.3078125
0 0.54375 0.33984375 0.2375 0.175
0 0.3458333333333333 0.31171875 0.25416666666666665 0.1875
1 0.246875 0.05625 0.19375 0.1125
1 0.43645833333333334 0.07109375 0.23958333333333334 0.1421875
1 0.634375 0.09453125 0.23125 0.1765625
1 0.8385416666666666 0.11484375 0.2520833333333333 0.178125
1 0.18333333333333332 0.1625 0.25625 0.1625
1 0.390625 0.17421875 0.21666666666666667 0.1359375
0 0.59375 0.20546875 0.24583333333333332 0.1578125
1 0.821875 0.24921875 0.2708333333333333 0.1671875
1 0.7864583333333334 0.38125 0.31875 0.2125
1 0.13854166666666667 0.2875 0.24166666666666667 0.18125
1 0.2708333333333333 0.44921875 0.25 0.15625
0 0.5354166666666667 0.48828125 0.2833333333333333 0.153125
1 0.7895833333333333 0.609375 0.42083333333333334 0.3125
1 0.13541666666666666 0.60234375 0.2708333333333333 0.3578125
1 0.07291666666666667 0.85234375 0.14583333333333334 0.2359375
1 0.303125 0.8765625 0.42291666666666666 0.246875
1 0.7125 0.86484375 0.5041666666666667 0.2703125