1 0.3177083333333333 0.19375 0.37916666666666665 0.203125
1 0.6885416666666667 0.3 0.4083333333333333 0.259375
1 0.3645833333333333 0.39140625 0.38125 0.2421875
1 0.7010416666666667 0.5296875 0.49375 0.3125
1 0.309375 0.62421875 0.42291666666666666 0.315625
0 0.5677083333333334 0.81640625 0.45416666666666666 0.3640625
1 0.8614583333333333 0.76640625 0.25625 0.390625
0 0.13125 0.51640625 0.2625 0.2484375
1 0.08541666666666667 0.76171875 0.17083333333333334 0.2390625
1 0.27708333333333335 0.9265625 0.31875 0.1375
1 0.7979166666666667 0.95625 0.26666666666666666 0.0875
1 0.07395833333333333 0.9015625 0.14791666666666667 0.134375