1 0.50625 0.0515625 0.23541666666666666 0.1015625
1 0.6416666666666667 0.159375 0.2604166666666667 0.1734375
1 0.8583333333333333 0.0859375 0.28125 0.1578125
1 0.8833333333333333 0.2609375 0.23333333333333334 0.1875
1 0.6729166666666667 0.340625 0.27708333333333335 0.2
1 0.41041666666666665 0.290625 0.29791666666666666 0.190625
1 0.34375 0.453125 0.37916666666666665 0.184375
1 0.44375 0.640625 0.3125 0.215625
1 0.7166666666666667 0.5859375 0.30833333333333335 0.2015625
1 0.8666666666666667 0.4375 0.26458333333333334 0.203125
0 0.91875 0.7 0.1625 0.2265625
1 0.7666666666666667 0.8265625 0.2916666666666667 0.2484375
1 0.9166666666666666 0.9171875 0.16458333333333333 0.165625
1 0.5145833333333333 0.8625 0.33125 0.2171875
1 0.23333333333333334 0.7984375 0.33125 0.2625