0 0.7114583333333333 0.66015625 0.5770833333333333 0.3796875
0 0.7354166666666667 0.37578125 0.38958333333333334 0.2875
0 0.484375 0.30390625 0.3458333333333333 0.296875
0 0.24895833333333334 0.3859375 0.31666666666666665 0.1890625
0 0.24583333333333332 0.7296875 0.4375 0.31875
0 0.11145833333333334 0.265625 0.22291666666666668 0.15625
0 0.090625 0.1546875 0.18125 0.190625
0 0.32916666666666666 0.1796875 0.25416666666666665 0.1640625
0 0.027083333333333334 0.271875 0.05416666666666667 0.134375
0 0.04895833333333333 0.39375 0.09791666666666667 0.171875
0 0.15104166666666666 0.521875 0.3020833333333333 0.221875