0 0.5802083333333333 0.6578125 0.40625 0.240625
0 0.890625 0.7640625 0.21875 0.26875
1 0.43854166666666666 0.0515625 0.2604166666666667 0.103125
1 0.596875 0.11484375 0.3458333333333333 0.2078125
1 0.790625 0.0546875 0.28958333333333336 0.109375
1 0.8625 0.175 0.20625 0.215625
1 0.6854166666666667 0.3015625 0.34791666666666665 0.271875
1 0.8947916666666667 0.37265625 0.20833333333333334 0.228125
1 0.41041666666666665 0.2875 0.28958333333333336 0.2515625
1 0.4375 0.48671875 0.41041666666666665 0.26875
1 0.8229166666666666 0.53984375 0.35208333333333336 0.271875
1 0.4010416666666667 0.84453125 0.36041666666666666 0.2984375
1 0.721875 0.85546875 0.35208333333333336 0.278125