0 0.19166666666666668 0.7234375 0.36875 0.296875
0 0.30416666666666664 0.415625 0.35 0.23125
0 0.53125 0.7328125 0.35833333333333334 0.2859375
1 0.6916666666666667 0.35 0.425 0.3359375
1 0.8625 0.66875 0.27291666666666664 0.315625
1 0.8625 0.871875 0.27291666666666664 0.2546875
1 0.6395833333333333 0.9296875 0.4 0.140625
1 0.24375 0.93125 0.3875 0.1359375
1 0.5541666666666667 0.5625 0.3020833333333333 0.1546875
1 0.26875 0.5796875 0.29583333333333334 0.128125
1 0.28958333333333336 0.275 0.21875 0.1046875
1 0.5875 0.128125 0.2791666666666667 0.1890625
1 0.8104166666666667 0.1234375 0.18958333333333333 0.14375
1 0.94375 0.128125 0.11041666666666666 0.165625
1 0.85625 0.2484375 0.21875 0.11875
1 0.45 0.246875 0.12916666666666668 0.134375