0 0.39375 0.4859375 0.49583333333333335 0.328125
0 0.7958333333333333 0.2890625 0.3416666666666667 0.290625
1 0.89375 0.146875 0.21041666666666667 0.2296875
1 0.8833333333333333 0.5484375 0.23333333333333334 0.2984375
1 0.6916666666666667 0.6953125 0.3854166666666667 0.325
1 0.5604166666666667 0.8984375 0.29375 0.2015625
1 0.8354166666666667 0.925 0.32916666666666666 0.1484375
1 0.2875 0.9390625 0.44583333333333336 0.121875
1 0.19791666666666666 0.7421875 0.3958333333333333 0.3015625
1 0.13333333333333333 0.2734375 0.26666666666666666 0.1984375
1 0.35833333333333334 0.15625 0.29375 0.146875
1 0.08958333333333333 0.459375 0.17916666666666667 0.1734375