0 0.35208333333333336 0.221875 0.22916666666666666 0.134375
0 0.09375 0.309375 0.18541666666666667 0.14375
0 0.30625 0.73125 0.19583333333333333 0.1828125
0 0.3625 0.0640625 0.12291666666666666 0.0921875
0 0.5833333333333334 0.34375 0.20833333333333334 0.1578125
1 0.5 0.1125 0.16875 0.1171875
1 0.60625 0.2203125 0.13125 0.1015625
1 0.8666666666666667 0.4015625 0.22291666666666668 0.1484375
1 0.875 0.625 0.23958333333333334 0.1984375
1 0.60625 0.509375 0.21875 0.16875
1 0.3875 0.465625 0.19583333333333333 0.115625
1 0.5041666666666667 0.6125 0.225 0.15
1 0.5208333333333334 0.7875 0.23958333333333334 0.225
1 0.75625 0.8 0.2520833333333333 0.1984375
1 0.25625 0.56875 0.24166666666666667 0.1640625
1 0.2791666666666667 0.346875 0.20208333333333334 0.1328125
1 0.1875 0.446875 0.22708333333333333 0.1109375
1 0.11458333333333333 0.675 0.20208333333333334 0.1328125
1 0.14375 0.190625 0.19583333333333333 0.115625
1 0.18541666666666667 0.1 0.15416666666666667 0.1234375
1 0.2708333333333333 0.053125 0.1 0.075