1 0.24583333333333332 0.7046875 0.4895833333333333 0.415625
1 0.621875 0.609375 0.46458333333333335 0.3375
1 0.875 0.51484375 0.25 0.3390625
1 0.7875 0.26171875 0.39791666666666664 0.265625
1 0.31979166666666664 0.47734375 0.27291666666666664 0.184375
1 0.10520833333333333 0.50390625 0.21041666666666667 0.1578125
1 0.153125 0.3296875 0.30625 0.275
0 0.3854166666666667 0.33828125 0.26875 0.1921875
1 0.35104166666666664 0.15859375 0.32083333333333336 0.24375
1 0.10416666666666667 0.12890625 0.20833333333333334 0.1890625
1 0.5833333333333334 0.12109375 0.2125 0.153125
1 0.6270833333333333 0.2609375 0.26875 0.1890625