0 0.325 0.9125 0.3770833333333333 0.175
0 0.4583333333333333 0.4859375 0.3104166666666667 0.1953125
0 0.28125 0.3125 0.26666666666666666 0.1828125
0 0.46875 0.215625 0.2375 0.14375
0 0.14791666666666667 0.53125 0.29583333333333334 0.1859375
1 0.2708333333333333 0.690625 0.44166666666666665 0.2859375
1 0.5645833333333333 0.7375 0.2625 0.2765625
1 0.7458333333333333 0.5359375 0.30625 0.2421875
1 0.5875 0.3546875 0.2604166666666667 0.15
1 0.27708333333333335 0.11875 0.27291666666666664 0.1703125
1 0.09166666666666666 0.35 0.18125 0.2078125
1 0.84375 0.7671875 0.3104166666666667 0.21875