1 0.48854166666666665 0.12734375 0.2520833333333333 0.1703125
1 0.7145833333333333 0.20703125 0.30833333333333335 0.184375
1 0.4979166666666667 0.25859375 0.275 0.178125
1 0.6708333333333333 0.33046875 0.3 0.215625
1 0.8791666666666667 0.35390625 0.24166666666666667 0.2421875
1 0.43020833333333336 0.3984375 0.30833333333333335 0.21875
1 0.6510416666666666 0.48203125 0.29791666666666666 0.221875
1 0.89375 0.51796875 0.2125 0.2109375
1 0.3572916666666667 0.55390625 0.28125 0.2234375
1 0.5572916666666666 0.6296875 0.2916666666666667 0.2234375
1 0.8166666666666667 0.69296875 0.31666666666666665 0.253125
1 0.24270833333333333 0.7359375 0.36041666666666666 0.275
1 0.48020833333333335 0.796875 0.3125 0.2703125
1 0.725 0.86328125 0.3541666666666667 0.2734375