0 0.7739583333333333 0.7703125 0.45208333333333334 0.365625
0 0.4354166666666667 0.5328125 0.43333333333333335 0.3484375
1 0.7833333333333333 0.53671875 0.43333333333333335 0.3046875
1 0.37083333333333335 0.809375 0.5416666666666666 0.38125
1 0.25625 0.9296875 0.275 0.140625
1 0.628125 0.93203125 0.32708333333333334 0.1359375
1 0.665625 0.3015625 0.475 0.3375
1 0.284375 0.2953125 0.46458333333333335 0.2953125
1 0.16770833333333332 0.5171875 0.33541666666666664 0.378125
1 0.046875 0.27890625 0.09375 0.2265625
1 0.13125 0.146875 0.2625 0.21875