1 0.6541666666666667 0.4421875 0.3 0.246875
1 0.85625 0.7765625 0.28541666666666665 0.396875
1 0.4791666666666667 0.66875 0.4354166666666667 0.2765625
0 0.27708333333333335 0.88125 0.5354166666666667 0.2359375
0 0.14791666666666667 0.540625 0.29375 0.2765625
1 0.37916666666666665 0.4546875 0.23125 0.184375
1 0.5416666666666666 0.2640625 0.29583333333333334 0.1796875
1 0.14583333333333334 0.284375 0.2916666666666667 0.2296875
1 0.35208333333333336 0.3203125 0.14583333333333334 0.1234375
1 0.4875 0.1640625 0.18958333333333333 0.10625
1 0.4708333333333333 0.065625 0.24583333333333332 0.1296875
1 0.24375 0.084375 0.13333333333333333 0.10625
1 0.31666666666666665 0.1921875 0.19791666666666666 0.1109375
1 0.10833333333333334 0.115625 0.21666666666666667 0.15625