0 0.76875 0.63515625 0.32708333333333334 0.28125
1 0.4166666666666667 0.646875 0.42916666666666664 0.3359375
1 0.13333333333333333 0.646875 0.26666666666666666 0.35
1 0.24791666666666667 0.4 0.42291666666666666 0.2921875
1 0.5614583333333333 0.47109375 0.34791666666666665 0.275
1 0.7177083333333333 0.41484375 0.22083333333333333 0.1796875
1 0.8447916666666667 0.5078125 0.21666666666666667 0.153125
1 0.8427083333333333 0.80546875 0.19375 0.209375
1 0.5604166666666667 0.26640625 0.28541666666666665 0.2203125
1 0.459375 0.14453125 0.28958333333333336 0.18125
1 0.3229166666666667 0.23828125 0.3854166666666667 0.2484375
1 0.21458333333333332 0.0953125 0.23333333333333334 0.190625