0 0.09270833333333334 0.8296875 0.18541666666666667 0.240625
0 0.09375 0.584375 0.1875 0.2125
0 0.14270833333333333 0.51953125 0.19791666666666666 0.1125
0 0.78125 0.6421875 0.22291666666666668 0.15625
0 0.825 0.78046875 0.24375 0.18125
0 0.6625 0.325 0.16666666666666666 0.1015625
0 0.6864583333333333 0.41328125 0.22083333333333333 0.1765625
0 0.31666666666666665 0.40234375 0.24791666666666667 0.19375
1 0.4583333333333333 0.2875 0.22916666666666666 0.1625
1 0.5020833333333333 0.4265625 0.21666666666666667 0.16875
1 0.596875 0.55546875 0.22708333333333333 0.1640625
1 0.9197916666666667 0.64375 0.13333333333333333 0.1515625
1 0.6177083333333333 0.68671875 0.22291666666666668 0.1375
1 0.6489583333333333 0.83046875 0.2791666666666667 0.20625
0 0.7697916666666667 0.9359375 0.2520833333333333 0.128125
0 0.471875 0.95703125 0.28958333333333336 0.0859375
1 0.403125 0.8421875 0.29375 0.2125
1 0.44166666666666665 0.68359375 0.24166666666666667 0.178125
1 0.228125 0.67890625 0.25625 0.1875
0 0.16458333333333333 0.453125 0.15833333333333333 0.1
0 0.08645833333333333 0.3734375 0.14375 0.1140625
1 0.18645833333333334 0.3875 0.09166666666666666 0.0703125
1 0.17916666666666667 0.33828125 0.12083333333333333 0.0625
1 0.31354166666666666 0.30078125 0.15208333333333332 0.0921875
1 0.575 0.2640625 0.1125 0.084375
1 0.6947916666666667 0.271875 0.15416666666666667 0.1015625