1 0.7114583333333333 0.1328125 0.3875 0.2421875
1 0.490625 0.07109375 0.2604166666666667 0.1421875
1 0.38958333333333334 0.21953125 0.38333333333333336 0.2578125
1 0.6697916666666667 0.33828125 0.34791666666666665 0.28125
1 0.26875 0.39765625 0.32083333333333336 0.25625
1 0.5052083333333334 0.50234375 0.35208333333333336 0.275
1 0.90625 0.3640625 0.1875 0.253125
1 0.8166666666666667 0.590625 0.36666666666666664 0.296875
1 0.15625 0.5875 0.3125 0.321875
1 0.3614583333333333 0.69921875 0.3875 0.31875
1 0.65 0.7984375 0.42916666666666664 0.375