0 0.45 0.85625 0.33958333333333335 0.259375
0 0.65 0.665625 0.3020833333333333 0.203125
1 0.4125 0.590625 0.26666666666666666 0.1734375
1 0.20208333333333334 0.5734375 0.22916666666666666 0.18125
1 0.08541666666666667 0.475 0.16875 0.1140625
1 0.10208333333333333 0.334375 0.20416666666666666 0.14375
1 0.05625 0.209375 0.11041666666666666 0.128125
1 0.20208333333333334 0.403125 0.13541666666666666 0.08125
1 0.33541666666666664 0.4578125 0.18333333333333332 0.0859375
1 0.5125 0.453125 0.17291666666666666 0.134375
1 0.6895833333333333 0.5328125 0.21875 0.1296875
1 0.7104166666666667 0.4390625 0.20833333333333334 0.1125
0 0.73125 0.35625 0.18958333333333333 0.09375
1 0.5541666666666667 0.3421875 0.15625 0.0953125
1 0.3645833333333333 0.2921875 0.13333333333333333 0.0859375
0 0.2625 0.3390625 0.14583333333333334 0.078125
0 0.38958333333333334 0.378125 0.1625 0.0703125
0 0.10208333333333333 0.915625 0.20208333333333334 0.1671875