1 0.6145833333333334 0.43359375 0.39166666666666666 0.2921875
1 0.9052083333333333 0.39921875 0.18958333333333333 0.2734375
1 0.790625 0.65859375 0.41875 0.346875
1 0.646875 0.86484375 0.42291666666666666 0.2703125
1 0.2677083333333333 0.8640625 0.49375 0.271875
1 0.3572916666666667 0.61484375 0.41041666666666665 0.28125
1 0.34375 0.33125 0.30833333333333335 0.253125
1 0.14583333333333334 0.453125 0.2791666666666667 0.20625
1 0.10416666666666667 0.66171875 0.20833333333333334 0.2421875
1 0.13645833333333332 0.23125 0.23333333333333334 0.2125
1 0.3177083333333333 0.12265625 0.3375 0.203125
1 0.5854166666666667 0.1828125 0.3229166666666667 0.2546875
1 0.86875 0.15625 0.2625 0.24375
1 0.16666666666666666 0.06015625 0.24166666666666667 0.1203125