1 0.79375 0.4859375 0.4125 0.3296875
1 0.61875 0.7578125 0.45625 0.3328125
1 0.21041666666666667 0.665625 0.42083333333333334 0.2578125
1 0.23541666666666666 0.8671875 0.42083333333333334 0.21875
1 0.3854166666666667 0.471875 0.3958333333333333 0.2328125
1 0.25833333333333336 0.3015625 0.24166666666666667 0.1765625
1 0.5395833333333333 0.2421875 0.34791666666666665 0.2578125
1 0.07916666666666666 0.4234375 0.15833333333333333 0.228125
1 0.07708333333333334 0.13125 0.15416666666666667 0.2484375
1 0.19375 0.1609375 0.1375 0.125
1 0.3770833333333333 0.096875 0.27291666666666664 0.1859375
1 0.175 0.05 0.13958333333333334 0.0984375
1 0.07083333333333333 0.2921875 0.13958333333333334 0.1109375