0 0.46770833333333334 0.590625 0.25416666666666665 0.178125
0 0.4947916666666667 0.4609375 0.21875 0.1546875
0 0.825 0.5015625 0.25 0.1578125
0 0.8260416666666667 0.734375 0.19166666666666668 0.1703125
0 0.32916666666666666 0.58125 0.15833333333333333 0.1421875
0 0.7572916666666667 0.90625 0.29375 0.1875
1 0.6395833333333333 0.76171875 0.275 0.196875
0 0.38125 0.7328125 0.2791666666666667 0.18125
1 0.3489583333333333 0.88828125 0.35208333333333336 0.2234375
1 0.6052083333333333 0.953125 0.28125 0.09375
1 0.14583333333333334 0.8078125 0.2916666666666667 0.221875
1 0.17708333333333334 0.64453125 0.2875 0.178125
1 0.21354166666666666 0.52734375 0.20833333333333334 0.1234375
1 0.36354166666666665 0.45859375 0.15 0.109375
1 0.278125 0.35390625 0.1375 0.09375
1 0.40520833333333334 0.3203125 0.15 0.0765625
1 0.4010416666666667 0.37578125 0.1375 0.075
1 0.5635416666666667 0.30546875 0.125 0.0734375
0 0.5385416666666667 0.34765625 0.12708333333333333 0.06875
1 0.6666666666666666 0.35390625 0.15833333333333333 0.121875
1 0.6479166666666667 0.45703125 0.18541666666666667 0.1359375
1 0.9291666666666667 0.39140625 0.14166666666666666 0.1609375
1 0.8895833333333333 0.3109375 0.1625 0.1203125
1 0.953125 0.2796875 0.09375 0.0875
1 0.7364583333333333 0.4109375 0.09791666666666667 0.0609375
1 0.9114583333333334 0.62265625 0.16458333333333333 0.1578125
1 0.7291666666666666 0.60234375 0.26666666666666666 0.1828125