0 0.6864583333333333 0.7390625 0.5833333333333334 0.4296875
0 0.425 0.3265625 0.26458333333333334 0.2015625
0 0.4739583333333333 0.16328125 0.35208333333333336 0.2234375
0 0.725 0.0796875 0.32083333333333336 0.153125
1 0.9135416666666667 0.15546875 0.17291666666666666 0.2015625
0 0.7510416666666667 0.24140625 0.375 0.275
0 0.9302083333333333 0.33203125 0.13958333333333334 0.2171875
1 0.859375 0.4828125 0.28125 0.234375
1 0.6479166666666667 0.42265625 0.3458333333333333 0.228125
1 0.28020833333333334 0.49609375 0.38125 0.2859375
1 0.571875 0.56171875 0.3 0.1734375
1 0.15208333333333332 0.71796875 0.30416666666666664 0.3546875
1 0.3927083333333333 0.81796875 0.41458333333333336 0.3640625
1 0.6791666666666667 0.92734375 0.39166666666666666 0.1453125