0 0.115625 0.42421875 0.23125 0.1703125
0 0.12708333333333333 0.65703125 0.25416666666666665 0.2296875
0 0.4479166666666667 0.740625 0.31875 0.2234375
0 0.6375 0.29609375 0.19375 0.146875
0 0.7 0.44375 0.30416666666666664 0.2109375
1 0.7104166666666667 0.175 0.2125 0.125
1 0.8083333333333333 0.27265625 0.20208333333333334 0.1296875
1 0.8666666666666667 0.38125 0.19583333333333333 0.134375
1 0.8947916666666667 0.5421875 0.21041666666666667 0.23125
1 0.7145833333333333 0.68203125 0.24166666666666667 0.246875
1 0.890625 0.75625 0.19791666666666666 0.2078125
1 0.5125 0.53046875 0.325 0.20625
1 0.4395833333333333 0.41171875 0.23958333333333334 0.115625
1 0.42604166666666665 0.303125 0.2375 0.1375
1 0.32083333333333336 0.190625 0.22916666666666666 0.0984375
1 0.2125 0.31015625 0.23958333333333334 0.15
1 0.11145833333333334 0.1859375 0.18333333333333332 0.109375
1 0.057291666666666664 0.29921875 0.09375 0.115625