0 0.6875 0.7328125 0.21458333333333332 0.15625
0 0.6583333333333333 0.88125 0.26666666666666666 0.1609375
1 0.8916666666666667 0.765625 0.21458333333333332 0.171875
1 0.9 0.9328125 0.19791666666666666 0.1328125
1 0.4166666666666667 0.896875 0.22916666666666666 0.19375
1 0.49583333333333335 0.6125 0.20208333333333334 0.140625
1 0.5083333333333333 0.746875 0.1625 0.1296875
1 0.33958333333333335 0.721875 0.2125 0.1453125
1 0.20416666666666666 0.86875 0.21458333333333332 0.1546875
0 0.15208333333333332 0.7015625 0.21875 0.1125
0 0.15416666666666667 0.5828125 0.20416666666666666 0.0953125
1 0.16041666666666668 0.4765625 0.13125 0.1125
0 0.28958333333333336 0.453125 0.14375 0.13125
1 0.41875 0.484375 0.19375 0.140625
1 0.6375 0.4734375 0.21041666666666667 0.1328125
1 0.425 0.3453125 0.18541666666666667 0.125
0 0.5333333333333333 0.3890625 0.09791666666666667 0.0765625
0 0.68125 0.3859375 0.1875 0.10625
1 0.6208333333333333 0.3140625 0.125 0.071875
1 0.6708333333333333 0.2765625 0.09791666666666667 0.046875
1 0.7875 0.315625 0.13125 0.0953125
1 0.25416666666666665 0.340625 0.13541666666666666 0.096875
1 0.04583333333333333 0.79375 0.09166666666666666 0.146875
0 0.075 0.46875 0.08541666666666667 0.0828125
1 0.058333333333333334 0.40625 0.11458333333333333 0.05