0 0.20520833333333333 0.43515625 0.41041666666666665 0.3671875
0 0.20416666666666666 0.7359375 0.37083333333333335 0.3546875
0 0.71875 0.74453125 0.48541666666666666 0.3875
0 0.7614583333333333 0.21875 0.30833333333333335 0.2046875
0 0.8364583333333333 0.13984375 0.175 0.1515625
0 0.4114583333333333 0.0859375 0.3145833333333333 0.171875
0 0.7677083333333333 0.04765625 0.23958333333333334 0.0953125
0 0.440625 0.94609375 0.38125 0.1078125
0 0.44166666666666665 0.84296875 0.3458333333333333 0.2609375
1 0.42916666666666664 0.60234375 0.3416666666666667 0.2546875
1 0.6239583333333333 0.4484375 0.29791666666666666 0.2328125
1 0.8114583333333333 0.39609375 0.3145833333333333 0.2421875
0 0.88125 0.6046875 0.2375 0.271875
1 0.9239583333333333 0.8265625 0.15208333333333332 0.240625
0 0.4 0.43125 0.2125 0.190625
1 0.5416666666666666 0.31640625 0.2833333333333333 0.2
1 0.2916666666666667 0.284375 0.25625 0.171875
1 0.48020833333333335 0.203125 0.25833333333333336 0.1671875
1 0.6489583333333333 0.11015625 0.23333333333333334 0.175
1 0.209375 0.08984375 0.2625 0.1390625
1 0.24791666666666667 0.190625 0.2791666666666667 0.178125
0 0.09270833333333334 0.2328125 0.18541666666666667 0.2125
1 0.07395833333333333 0.12109375 0.14791666666666667 0.1421875