1 0.371875 0.80078125 0.48541666666666666 0.35625
1 0.6625 0.71796875 0.3625 0.3015625
1 0.796875 0.48984375 0.36041666666666666 0.2171875
1 0.9041666666666667 0.6703125 0.19166666666666668 0.25625
1 0.859375 0.3140625 0.24791666666666667 0.228125
1 0.6166666666666667 0.35078125 0.3 0.23125
1 0.3729166666666667 0.45 0.33125 0.215625
1 0.215625 0.60703125 0.37083333333333335 0.2140625
1 0.1125 0.465625 0.225 0.21875
1 0.14791666666666667 0.3125 0.29583333333333334 0.2625
1 0.39166666666666666 0.22890625 0.3458333333333333 0.240625
1 0.5677083333333334 0.12890625 0.2375 0.225
1 0.7895833333333333 0.11875 0.2875 0.2375
1 0.325 0.06875 0.37916666666666665 0.1375
1 0.15729166666666666 0.16171875 0.19166666666666668 0.1296875
1 0.06770833333333333 0.2078125 0.13541666666666666 0.23125