0 0.24479166666666666 0.171875 0.3104166666666667 0.225
1 0.07395833333333333 0.12578125 0.14791666666666667 0.1828125
1 0.07604166666666666 0.28984375 0.15208333333333332 0.2078125
1 0.23541666666666666 0.34453125 0.32916666666666666 0.1953125
1 0.4666666666666667 0.13125 0.23541666666666666 0.1859375
1 0.725 0.1109375 0.37916666666666665 0.221875
1 0.5229166666666667 0.2984375 0.30625 0.240625
1 0.8166666666666667 0.30390625 0.3333333333333333 0.228125
1 0.921875 0.44609375 0.15625 0.1609375
1 0.7083333333333334 0.4796875 0.34791666666666665 0.209375
1 0.3875 0.46015625 0.33125 0.2359375
1 0.15833333333333333 0.5609375 0.31666666666666665 0.225
1 0.15625 0.75234375 0.25416666666666665 0.203125
1 0.38958333333333334 0.67421875 0.3333333333333333 0.240625
1 0.7427083333333333 0.7046875 0.5145833333333333 0.346875
1 0.9083333333333333 0.6328125 0.18333333333333332 0.2125
1 0.26145833333333335 0.88828125 0.41458333333333336 0.2234375
1 0.5583333333333333 0.86953125 0.32083333333333336 0.2609375
1 0.8583333333333333 0.875 0.2833333333333333 0.20625