1 0.540625 0.28515625 0.3770833333333333 0.28125
1 0.828125 0.3359375 0.33125 0.259375
1 0.865625 0.5859375 0.26875 0.321875
1 0.7239583333333334 0.7515625 0.525 0.3765625
0 0.4864583333333333 0.546875 0.35625 0.21875
1 0.165625 0.5609375 0.33125 0.2875
1 0.23958333333333334 0.33515625 0.35 0.2828125
1 0.14895833333333333 0.140625 0.29791666666666666 0.225
1 0.4 0.09765625 0.37083333333333335 0.1953125
1 0.7197916666666667 0.115625 0.32708333333333334 0.23125
1 0.30416666666666664 0.7921875 0.375 0.2984375
1 0.5166666666666667 0.91640625 0.44583333333333336 0.1671875
1 0.8760416666666667 0.9140625 0.24791666666666667 0.128125
1 0.17291666666666666 0.9125 0.24166666666666667 0.175
1 0.071875 0.37734375 0.14375 0.1890625