0 0.4270833333333333 0.1046875 0.25625 0.16875
0 0.30833333333333335 0.4109375 0.25416666666666665 0.1703125
0 0.22291666666666668 0.5484375 0.30833333333333335 0.1703125
0 0.04583333333333333 0.525 0.08958333333333333 0.1359375
1 0.2 0.11875 0.2125 0.1734375
1 0.1375 0.2640625 0.22291666666666668 0.18125
1 0.09791666666666667 0.4109375 0.19375 0.14375
1 0.5520833333333334 0.446875 0.23333333333333334 0.1625
1 0.5416666666666666 0.603125 0.30416666666666664 0.140625
0 0.6125 0.2859375 0.2604166666666667 0.196875
1 0.3770833333333333 0.2609375 0.26458333333333334 0.165625
1 0.6520833333333333 0.1015625 0.2520833333333333 0.1796875