0 0.20416666666666666 0.56640625 0.4083333333333333 0.4296875
0 0.659375 0.65390625 0.6125 0.3984375
0 0.4041666666666667 0.8625 0.4666666666666667 0.275
0 0.4375 0.1609375 0.36875 0.25
1 0.6677083333333333 0.3375 0.45416666666666666 0.29375
1 0.8697916666666666 0.5140625 0.2604166666666667 0.2875
1 0.84375 0.82578125 0.3125 0.3140625
1 0.19479166666666667 0.34453125 0.38958333333333334 0.2484375
1 0.50625 0.48203125 0.25 0.1609375
1 0.121875 0.0796875 0.24375 0.121875
1 0.8177083333333334 0.1796875 0.23958333333333334 0.175
1 0.8229166666666666 0.0625 0.2375 0.125
1 0.6416666666666667 0.15390625 0.13958333333333334 0.1515625
1 0.628125 0.0671875 0.17916666666666667 0.11875