1 0.14479166666666668 0.3453125 0.28958333333333336 0.228125
1 0.38958333333333334 0.34453125 0.3020833333333333 0.2078125
1 0.6833333333333333 0.28984375 0.30416666666666664 0.2578125
1 0.61875 0.5015625 0.42291666666666666 0.2640625
1 0.32395833333333335 0.5421875 0.32083333333333336 0.2265625
1 0.109375 0.5296875 0.21875 0.2125
1 0.153125 0.725 0.2604166666666667 0.25
1 0.40520833333333334 0.7265625 0.39791666666666664 0.2984375
1 0.746875 0.7484375 0.3541666666666667 0.3078125
1 0.23645833333333333 0.91875 0.3145833333333333 0.1625
1 0.5833333333333334 0.90234375 0.42083333333333334 0.1953125