0 0.4708333333333333 0.55234375 0.45 0.35625
0 0.084375 0.315625 0.16875 0.128125
1 0.17083333333333334 0.45234375 0.3416666666666667 0.2734375
1 0.34479166666666666 0.24296875 0.41041666666666665 0.2453125
1 0.6760416666666667 0.29375 0.35625 0.221875
1 0.7416666666666667 0.48671875 0.2875 0.296875
0 0.9020833333333333 0.43828125 0.19583333333333333 0.2328125
1 0.9291666666666667 0.678125 0.14166666666666666 0.271875
1 0.9010416666666666 0.8328125 0.19791666666666666 0.2625
1 0.6479166666666667 0.82109375 0.5208333333333334 0.34375
1 0.40729166666666666 0.909375 0.27291666666666664 0.18125
1 0.22291666666666668 0.75625 0.38958333333333334 0.303125
1 0.10208333333333333 0.11796875 0.20416666666666666 0.1734375
1 0.28958333333333336 0.06484375 0.18541666666666667 0.109375
1 0.6572916666666667 0.1171875 0.3 0.2203125
1 0.8552083333333333 0.10390625 0.16875 0.2078125
1 0.39895833333333336 0.11328125 0.21666666666666667 0.1109375
1 0.7552083333333334 0.03125 0.16875 0.0625