1 0.3333333333333333 0.2875 0.16666666666666666 0.103125
1 0.46875 0.2828125 0.15416666666666667 0.090625
1 0.60625 0.2859375 0.1625 0.1046875
1 0.7729166666666667 0.2890625 0.19166666666666668 0.1109375
1 0.2875 0.3640625 0.15 0.1140625
1 0.46458333333333335 0.36875 0.18958333333333333 0.1171875
1 0.6375 0.3828125 0.19791666666666666 0.1234375
1 0.8145833333333333 0.390625 0.1875 0.11875
1 0.25416666666666665 0.4765625 0.20208333333333334 0.1296875
1 0.45416666666666666 0.46875 0.18958333333333333 0.103125
1 0.6416666666666667 0.4828125 0.20416666666666666 0.1171875
1 0.8291666666666667 0.490625 0.21666666666666667 0.11875
0 0.21666666666666667 0.60625 0.25416666666666665 0.1609375
1 0.4354166666666667 0.5984375 0.20625 0.15625
1 0.6354166666666666 0.6140625 0.24375 0.159375
1 0.875 0.6359375 0.23958333333333334 0.1703125
1 0.15208333333333332 0.753125 0.2125 0.1453125
1 0.4125 0.7609375 0.25833333333333336 0.1546875
1 0.65 0.7703125 0.23125 0.1234375
1 0.8833333333333333 0.78125 0.21458333333333332 0.11875
1 0.28958333333333336 0.9 0.3854166666666667 0.2
1 0.68125 0.9015625 0.45 0.1953125