1 0.36666666666666664 0.7140625 0.475 0.3171875
0 0.19791666666666666 0.87734375 0.34375 0.2140625
0 0.55 0.92265625 0.4583333333333333 0.1546875
1 0.696875 0.79453125 0.4083333333333333 0.3296875
1 0.725 0.5515625 0.31666666666666665 0.240625
1 0.8822916666666667 0.7078125 0.19166666666666668 0.215625
1 0.9135416666666667 0.55390625 0.17291666666666666 0.1421875
1 0.5364583333333334 0.56796875 0.19791666666666666 0.1453125
1 0.44479166666666664 0.4640625 0.20833333333333334 0.159375
1 0.29375 0.5046875 0.2520833333333333 0.14375
1 0.2760416666666667 0.39296875 0.18541666666666667 0.115625
1 0.43333333333333335 0.3625 0.2 0.1078125
1 0.03854166666666667 0.85390625 0.07708333333333334 0.1828125
1 0.63125 0.45546875 0.20625 0.1140625