1 0.684375 0.603125 0.40625 0.325
1 0.35104166666666664 0.45390625 0.42916666666666664 0.296875
0 0.17708333333333334 0.74140625 0.3541666666666667 0.3734375
1 0.5125 0.834375 0.5 0.33125
1 0.8302083333333333 0.75390625 0.3020833333333333 0.259375
1 0.825 0.35078125 0.35 0.3609375
0 0.534375 0.2265625 0.38333333333333336 0.2734375
0 0.21875 0.14609375 0.38333333333333336 0.2921875
1 0.44479166666666664 0.06484375 0.26458333333333334 0.1296875
1 0.8239583333333333 0.11328125 0.35208333333333336 0.2078125
1 0.6375 0.07109375 0.2125 0.1390625
1 0.10208333333333333 0.3890625 0.20416666666666666 0.26875