1 0.58125 0.309375 0.31875 0.2125
1 0.8458333333333333 0.3953125 0.30625 0.26875
1 0.81875 0.6640625 0.36041666666666666 0.2921875
1 0.6208333333333333 0.5109375 0.2791666666666667 0.19375
1 0.41458333333333336 0.64375 0.4125 0.28125
1 0.3875 0.4609375 0.21666666666666667 0.128125
1 0.11458333333333333 0.5578125 0.22916666666666666 0.2953125
1 0.26458333333333334 0.3078125 0.28541666666666665 0.1765625
1 0.20416666666666666 0.190625 0.16458333333333333 0.1171875
1 0.5729166666666666 0.178125 0.24375 0.0921875
1 0.85 0.2265625 0.20416666666666666 0.1203125
1 0.4625 0.1328125 0.16875 0.1140625
1 0.3020833333333333 0.153125 0.15 0.0890625