1 0.31979166666666664 0.09296875 0.48125 0.1859375
0 0.70625 0.31015625 0.45 0.353125
0 0.22604166666666667 0.5390625 0.41041666666666665 0.353125
0 0.6375 0.621875 0.5458333333333333 0.3484375
0 0.9489583333333333 0.1625 0.10208333333333333 0.15625
1 0.90625 0.3359375 0.1875 0.278125
1 0.7770833333333333 0.86640625 0.3541666666666667 0.2671875
1 0.3104166666666667 0.846875 0.4166666666666667 0.30625
1 0.08645833333333333 0.8265625 0.17291666666666666 0.275
1 0.23020833333333332 0.24296875 0.32083333333333336 0.240625
1 0.421875 0.378125 0.26458333333333334 0.225
1 0.515625 0.21484375 0.2916666666666667 0.190625