1 0.5510416666666667 0.58046875 0.36041666666666666 0.2546875
1 0.5822916666666667 0.83828125 0.46875 0.3234375
1 0.8541666666666666 0.76640625 0.2916666666666667 0.3421875
1 0.8395833333333333 0.4984375 0.32083333333333336 0.271875
1 0.8520833333333333 0.30703125 0.25625 0.1640625
1 0.815625 0.159375 0.2875 0.184375
1 0.5864583333333333 0.36328125 0.35833333333333334 0.24375
1 0.45208333333333334 0.23046875 0.33125 0.2015625
1 0.31354166666666666 0.4921875 0.25625 0.23125
1 0.23541666666666666 0.74140625 0.3854166666666667 0.2734375
1 0.18854166666666666 0.95625 0.23125 0.0875