0 0.29583333333333334 0.378125 0.43333333333333335 0.278125
1 0.43125 0.625 0.42291666666666666 0.2484375
1 0.7729166666666667 0.5359375 0.36666666666666664 0.2984375
1 0.15833333333333333 0.6578125 0.3 0.2546875
1 0.39166666666666666 0.871875 0.48125 0.2546875
1 0.7729166666666667 0.734375 0.26875 0.153125
0 0.9458333333333333 0.7109375 0.10625 0.1953125
1 0.8354166666666667 0.2734375 0.28125 0.2484375
1 0.6041666666666666 0.3390625 0.24791666666666667 0.2015625
1 0.5833333333333334 0.19375 0.21666666666666667 0.159375
1 0.7895833333333333 0.134375 0.2375 0.14375
1 0.9395833333333333 0.090625 0.12083333333333333 0.146875
1 0.34375 0.06875 0.2791666666666667 0.1359375
1 0.3333333333333333 0.2 0.2791666666666667 0.1421875
1 0.11041666666666666 0.1078125 0.22083333333333333 0.2140625
1 0.08958333333333333 0.3 0.17916666666666667 0.171875