0 0.58125 0.4796875 0.28125 0.2125
1 0.2375 0.53125 0.36666666666666664 0.2125
1 0.4666666666666667 0.6859375 0.34791666666666665 0.234375
1 0.7791666666666667 0.8546875 0.44166666666666665 0.2890625
1 0.35625 0.903125 0.4583333333333333 0.1921875
1 0.14166666666666666 0.7453125 0.2833333333333333 0.3015625
1 0.8479166666666667 0.6234375 0.30416666666666664 0.3015625
1 0.8645833333333334 0.409375 0.2708333333333333 0.1578125
1 0.7416666666666667 0.2828125 0.2125 0.159375
1 0.5708333333333333 0.1640625 0.25416666666666665 0.1421875
1 0.50625 0.2828125 0.28125 0.1921875
1 0.2520833333333333 0.33125 0.33125 0.21875
1 0.24791666666666667 0.165625 0.24791666666666667 0.1390625
1 0.0875 0.4078125 0.175 0.228125