0 0.50625 0.5390625 0.2916666666666667 0.21875
0 0.42291666666666666 0.75 0.33125 0.2078125
0 0.73125 0.8515625 0.30625 0.240625
1 0.5083333333333333 0.95 0.3145833333333333 0.0984375
1 0.15416666666666667 0.84375 0.30833333333333335 0.3109375
1 0.21041666666666667 0.56875 0.29791666666666666 0.215625
1 0.27708333333333335 0.396875 0.26666666666666666 0.1625
1 0.5041666666666667 0.36875 0.20625 0.125
1 0.7041666666666667 0.5015625 0.1875 0.1828125
1 0.6625 0.6484375 0.1625 0.0921875
1 0.80625 0.74375 0.23333333333333334 0.15625
1 0.04583333333333333 0.5 0.08958333333333333 0.165625
1 0.07708333333333334 0.3703125 0.15208333333333332 0.1515625
1 0.23541666666666666 0.2765625 0.18125 0.115625
1 0.42083333333333334 0.2796875 0.16458333333333333 0.096875
1 0.33958333333333335 0.1640625 0.20208333333333334 0.1703125
1 0.19166666666666668 0.1265625 0.13333333333333333 0.1421875
1 0.07916666666666666 0.1953125 0.12291666666666666 0.09375
1 0.14166666666666666 0.2515625 0.10416666666666667 0.096875
1 0.03958333333333333 0.275 0.07916666666666666 0.0609375
1 0.04583333333333333 0.684375 0.08958333333333333 0.1125