0 0.6510416666666666 0.3125 0.3125 0.2734375
0 0.328125 0.64296875 0.4875 0.315625
0 0.35625 0.878125 0.3875 0.24375
0 0.61875 0.68671875 0.28958333333333336 0.2296875
1 0.7375 0.87890625 0.4083333333333333 0.2421875
1 0.8416666666666667 0.65 0.30625 0.2578125
1 0.6604166666666667 0.509375 0.27291666666666664 0.18125
0 0.8697916666666666 0.37734375 0.2604166666666667 0.3890625
0 0.29791666666666666 0.4078125 0.3854166666666667 0.2875
1 0.15520833333333334 0.225 0.2625 0.3234375
1 0.07395833333333333 0.55703125 0.14791666666666667 0.3015625
1 0.027083333333333334 0.81875 0.05416666666666667 0.25
1 0.11354166666666667 0.75 0.22708333333333333 0.1625
1 0.4041666666666667 0.18515625 0.3145833333333333 0.2125
1 0.6770833333333334 0.13984375 0.23125 0.1515625
1 0.8822916666666667 0.12265625 0.23541666666666666 0.1859375
0 0.4166666666666667 0.06171875 0.25 0.1234375
0 0.20729166666666668 0.04140625 0.21041666666666667 0.0828125
1 0.70625 0.053125 0.24583333333333332 0.0921875