0 0.21666666666666667 0.5921875 0.41458333333333336 0.25625
0 0.43020833333333336 0.42890625 0.3229166666666667 0.2015625
0 0.5760416666666667 0.62109375 0.44583333333333336 0.315625
0 0.8614583333333333 0.64140625 0.27708333333333335 0.2140625
0 0.37083333333333335 0.81328125 0.39375 0.25
1 0.7791666666666667 0.4359375 0.44166666666666665 0.315625
1 0.5114583333333333 0.19921875 0.46458333333333335 0.246875
1 0.825 0.2234375 0.2833333333333333 0.2875
0 0.06979166666666667 0.49453125 0.13958333333333334 0.1265625
1 0.058333333333333334 0.3546875 0.11666666666666667 0.196875
1 0.30833333333333335 0.16015625 0.21458333333333332 0.1609375
1 0.42916666666666664 0.0515625 0.18333333333333332 0.103125
1 0.246875 0.0734375 0.19583333333333333 0.1125
1 0.7697916666666667 0.06328125 0.26875 0.1265625
1 0.596875 0.0296875 0.11875 0.059375