0 0.609375 0.6265625 0.35 0.2765625
0 0.23333333333333334 0.53125 0.4666666666666667 0.365625
1 0.37395833333333334 0.821875 0.59375 0.35625
1 0.18645833333333334 0.26328125 0.3729166666666667 0.3265625
1 0.4166666666666667 0.16640625 0.3541666666666667 0.25
1 0.5052083333333334 0.35390625 0.3458333333333333 0.2859375
1 0.74375 0.4375 0.28958333333333336 0.2234375
1 0.709375 0.2328125 0.29791666666666666 0.2359375
1 0.8822916666666667 0.25390625 0.18958333333333333 0.2609375
1 0.4239583333333333 0.04765625 0.3104166666666667 0.0953125
1 0.6447916666666667 0.08203125 0.2604166666666667 0.1640625
1 0.8385416666666666 0.07265625 0.17708333333333334 0.1453125