0 0.5083333333333333 0.3140625 0.36666666666666664 0.275
1 0.22708333333333333 0.1296875 0.33541666666666664 0.259375
1 0.22291666666666668 0.3671875 0.33125 0.24375
1 0.31875 0.5765625 0.3104166666666667 0.221875
1 0.5833333333333334 0.5359375 0.2791666666666667 0.203125
1 0.8520833333333333 0.471875 0.29375 0.3296875
1 0.7729166666666667 0.7625 0.41458333333333336 0.321875
1 0.42916666666666664 0.821875 0.36666666666666664 0.3203125
1 0.1375 0.7625 0.27291666666666664 0.3171875
1 0.0875 0.5140625 0.17291666666666666 0.2046875
1 0.06458333333333334 0.1234375 0.12708333333333333 0.2421875
1 0.5291666666666667 0.146875 0.26666666666666666 0.14375
1 0.8625 0.259375 0.27291666666666664 0.1796875
1 0.8625 0.128125 0.24375 0.153125
0 0.8770833333333333 0.0375 0.24375 0.075
1 0.9541666666666667 0.88125 0.08958333333333333 0.2359375