0 0.34791666666666665 0.43125 0.41458333333333336 0.296875
0 0.17708333333333334 0.609375 0.3541666666666667 0.19375
0 0.8895833333333333 0.3953125 0.22083333333333333 0.278125
0 0.5177083333333333 0.6859375 0.3625 0.2734375
0 0.3927083333333333 0.21953125 0.22083333333333333 0.1703125
1 0.26666666666666666 0.8234375 0.5333333333333333 0.353125
0 0.7614583333333333 0.83359375 0.41875 0.3328125
0 0.6052083333333333 0.33203125 0.35833333333333334 0.215625
0 0.5989583333333334 0.19296875 0.27291666666666664 0.146875
1 0.8833333333333333 0.26953125 0.23333333333333334 0.1703125
1 0.5770833333333333 0.51640625 0.18125 0.1375
1 0.7541666666666667 0.60078125 0.25625 0.2046875
0 0.915625 0.58984375 0.16875 0.3109375
0 0.10833333333333334 0.265625 0.1625 0.128125
0 0.09166666666666666 0.4046875 0.18333333333333332 0.19375
1 0.296875 0.2640625 0.26875 0.159375
1 0.8833333333333333 0.09453125 0.23333333333333334 0.1453125
1 0.7979166666666667 0.2078125 0.17291666666666666 0.10625
1 0.34375 0.096875 0.18958333333333333 0.115625
1 0.6635416666666667 0.08984375 0.1375 0.0890625