0 0.3020833333333333 0.2546875 0.28541666666666665 0.2203125
0 0.45625 0.4421875 0.38958333333333334 0.221875
0 0.24791666666666667 0.5484375 0.25833333333333336 0.184375
0 0.5229166666666667 0.7 0.36041666666666666 0.2421875
0 0.75 0.1265625 0.275 0.159375
0 0.5020833333333333 0.2015625 0.21041666666666667 0.1609375
0 0.7791666666666667 0.303125 0.35833333333333334 0.18125
0 0.8416666666666667 0.5375 0.3145833333333333 0.2703125
1 0.7875 0.878125 0.42291666666666666 0.2421875
1 0.3541666666666667 0.9109375 0.43125 0.1765625
1 0.1625 0.7359375 0.3229166666666667 0.26875
1 0.075 0.5453125 0.14791666666666667 0.1515625
1 0.13541666666666666 0.378125 0.20833333333333334 0.15625
1 0.05416666666666667 0.2640625 0.10833333333333334 0.153125
0 0.16041666666666668 0.1890625 0.10625 0.0875
1 0.14583333333333334 0.1234375 0.11666666666666667 0.071875
1 0.3145833333333333 0.1078125 0.17708333333333334 0.1015625
1 0.7083333333333334 0.0328125 0.22291666666666668 0.0640625