0 0.621875 0.62109375 0.4479166666666667 0.3421875
0 0.6135416666666667 0.3828125 0.37916666666666665 0.2515625
0 0.275 0.559375 0.4 0.3109375
0 0.08541666666666667 0.87265625 0.17083333333333334 0.1640625
0 0.5270833333333333 0.85390625 0.45 0.2921875
1 0.840625 0.77578125 0.25833333333333336 0.303125
1 0.7625 0.95 0.26666666666666666 0.1
1 0.08645833333333333 0.5421875 0.17291666666666666 0.265625
1 0.09166666666666666 0.30859375 0.15208333333333332 0.2328125
1 0.34479166666666666 0.246875 0.40208333333333335 0.3140625
1 0.690625 0.17421875 0.3645833333333333 0.2625
1 0.9114583333333334 0.15859375 0.17708333333333334 0.2265625
1 0.6677083333333333 0.0546875 0.33958333333333335 0.109375
0 0.31145833333333334 0.05703125 0.33958333333333335 0.1140625
0 0.13125 0.1453125 0.12916666666666668 0.15