0 0.7614583333333333 0.65 0.47708333333333336 0.425
0 0.328125 0.37109375 0.2604166666666667 0.2
0 0.27395833333333336 0.20859375 0.35 0.2203125
0 0.44583333333333336 0.06171875 0.32083333333333336 0.1234375
1 0.725 0.06328125 0.3125 0.1265625
0 0.5677083333333334 0.18359375 0.3729166666666667 0.271875
0 0.825 0.1875 0.23125 0.215625
1 0.8291666666666667 0.3546875 0.32083333333333336 0.23125
1 0.5854166666666667 0.38125 0.3416666666666667 0.225
1 0.3020833333333333 0.57109375 0.3770833333333333 0.2828125
1 0.6010416666666667 0.53046875 0.29791666666666666 0.1703125
1 0.2677083333333333 0.82890625 0.41875 0.3421875
1 0.6020833333333333 0.81875 0.4083333333333333 0.3625
1 0.8739583333333333 0.85234375 0.2520833333333333 0.2171875