1 0.56875 0.425 0.3416666666666667 0.25625
1 0.8458333333333333 0.3234375 0.30625 0.16875
1 0.9166666666666666 0.4515625 0.16666666666666666 0.1234375
1 0.8020833333333334 0.546875 0.2125 0.2421875
1 0.9520833333333333 0.6375 0.09375 0.2515625
1 0.9625 0.8640625 0.07291666666666667 0.2
1 0.76875 0.8359375 0.29791666666666666 0.2609375
1 0.5583333333333333 0.6640625 0.36666666666666664 0.23125
1 0.4479166666666667 0.8828125 0.3541666666666667 0.2328125
1 0.23958333333333334 0.7 0.3645833333333333 0.25625
1 0.37083333333333335 0.5078125 0.18333333333333332 0.1578125
1 0.14375 0.515625 0.2875 0.184375
0 0.04791666666666667 0.3734375 0.09375 0.1578125
1 0.1125 0.8515625 0.225 0.25625