0 0.6375 0.40546875 0.3416666666666667 0.2484375
1 0.44375 0.4765625 0.19375 0.1578125
1 0.3625 0.36328125 0.19583333333333333 0.1125
1 0.5666666666666667 0.265625 0.24375 0.1515625
1 0.840625 0.3 0.2833333333333333 0.2015625
1 0.8697916666666666 0.47421875 0.24166666666666667 0.19375
1 0.6458333333333334 0.5984375 0.35 0.2078125
1 0.9010416666666666 0.6421875 0.19791666666666666 0.221875
0 0.821875 0.82734375 0.35625 0.3171875
1 0.5333333333333333 0.80703125 0.3541666666666667 0.3109375
1 0.20729166666666668 0.81328125 0.33958333333333335 0.275
1 0.346875 0.61640625 0.3104166666666667 0.1828125
1 0.09791666666666667 0.415625 0.19583333333333333 0.2
1 0.23541666666666666 0.49921875 0.275 0.1578125
1 0.10729166666666666 0.62421875 0.20833333333333334 0.2078125