0 0.3416666666666667 0.6703125 0.3104166666666667 0.271875
0 0.5041666666666667 0.475 0.32083333333333336 0.221875
0 0.6520833333333333 0.784375 0.3645833333333333 0.3046875
0 0.35833333333333334 0.903125 0.3541666666666667 0.1921875
0 0.3104166666666667 0.3078125 0.27708333333333335 0.2140625
0 0.8708333333333333 0.2765625 0.25625 0.2203125
0 0.7354166666666667 0.109375 0.30625 0.1625
1 0.3854166666666667 0.134375 0.34791666666666665 0.190625
1 0.6 0.2921875 0.3145833333333333 0.2078125
0 0.88125 0.4890625 0.2375 0.2203125
0 0.9291666666666667 0.865625 0.14166666666666666 0.265625