0 0.7697916666666667 0.58984375 0.37916666666666665 0.2875
1 0.6 0.7890625 0.425 0.3171875
1 0.190625 0.8796875 0.28125 0.240625
1 0.20520833333333333 0.63515625 0.3541666666666667 0.25625
1 0.44166666666666665 0.546875 0.27291666666666664 0.1984375
1 0.11354166666666667 0.4421875 0.22708333333333333 0.228125
1 0.290625 0.42890625 0.3020833333333333 0.1859375
1 0.34270833333333334 0.80546875 0.29583333333333334 0.240625
1 0.5020833333333333 0.26484375 0.2708333333333333 0.203125
1 0.5020833333333333 0.41953125 0.23541666666666666 0.1625
1 0.6885416666666667 0.428125 0.21458333333333332 0.146875
1 0.696875 0.29140625 0.23541666666666666 0.1796875
1 0.16041666666666668 0.16953125 0.32083333333333336 0.2015625
0 0.3875 0.14453125 0.26666666666666666 0.1921875
1 0.6041666666666666 0.11484375 0.19791666666666666 0.1234375
1 0.6520833333333333 0.2015625 0.1875 0.109375
1 0.8125 0.18125 0.21458333333333332 0.15
1 0.525 0.04140625 0.15 0.0828125
1 0.6364583333333333 0.0453125 0.13541666666666666 0.090625
1 0.05416666666666667 0.2515625 0.10833333333333334 0.225
1 0.16770833333333332 0.3109375 0.2520833333333333 0.1640625
1 0.09479166666666666 0.07578125 0.18125 0.0890625
1 0.23645833333333333 0.08125 0.17708333333333334 0.103125
0 0.3802083333333333 0.0390625 0.15208333333333332 0.075