1 0.103125 0.10859375 0.20625 0.1421875
1 0.04479166666666667 0.21015625 0.08958333333333333 0.1640625
1 0.16145833333333334 0.20234375 0.2375 0.1390625
1 0.36875 0.21484375 0.28958333333333336 0.1984375
1 0.23645833333333333 0.34140625 0.3625 0.2484375
1 0.5322916666666667 0.321875 0.29583333333333334 0.19375
1 0.6239583333333333 0.1765625 0.22916666666666666 0.184375
1 0.8072916666666666 0.1703125 0.29583333333333334 0.303125
1 0.7833333333333333 0.3390625 0.2791666666666667 0.1875
1 0.8947916666666667 0.47265625 0.21041666666666667 0.2203125
1 0.7645833333333333 0.6921875 0.4354166666666667 0.325
1 0.6947916666666667 0.4734375 0.325 0.2125
1 0.425 0.48203125 0.28958333333333336 0.190625
1 0.51875 0.6546875 0.22083333333333333 0.21875
1 0.3333333333333333 0.659375 0.27708333333333335 0.2234375
1 0.2 0.51171875 0.28125 0.1921875
1 0.16354166666666667 0.72421875 0.27708333333333335 0.2546875
1 0.07916666666666666 0.35234375 0.15833333333333333 0.1984375
1 0.68125 0.06015625 0.29583333333333334 0.1203125
1 0.06770833333333333 0.51171875 0.13541666666666666 0.2390625