0 0.09791666666666667 0.315625 0.1875 0.190625
0 0.28958333333333336 0.40390625 0.28541666666666665 0.165625
0 0.096875 0.51015625 0.19375 0.2390625
0 0.63125 0.62578125 0.2916666666666667 0.303125
0 0.6489583333333333 0.33515625 0.25 0.2
0 0.8677083333333333 0.3390625 0.2125 0.2234375
0 0.5270833333333333 0.45390625 0.25 0.15
1 0.32708333333333334 0.596875 0.31875 0.246875
1 0.42604166666666665 0.29453125 0.24166666666666667 0.1625
1 0.9614583333333333 0.4859375 0.07708333333333334 0.18125
1 0.86875 0.6859375 0.25833333333333336 0.25625