1 0.3260416666666667 0.33515625 0.5020833333333333 0.378125
1 0.5822916666666667 0.2875 0.2375 0.2359375
1 0.39479166666666665 0.12265625 0.38125 0.2453125
1 0.69375 0.090625 0.30416666666666664 0.18125
1 0.815625 0.21875 0.30416666666666664 0.23125
1 0.86875 0.07890625 0.13333333333333333 0.140625
1 0.8697916666666666 0.41875 0.2604166666666667 0.24375
1 0.8864583333333333 0.6296875 0.22708333333333333 0.3
1 0.8552083333333333 0.878125 0.28958333333333336 0.2
1 0.534375 0.91796875 0.41875 0.1640625
1 0.7364583333333333 0.72734375 0.3875 0.2859375
1 0.40625 0.74296875 0.33125 0.2796875
1 0.646875 0.4984375 0.3645833333333333 0.271875
1 0.309375 0.540625 0.3541666666666667 0.190625
1 0.1375 0.66328125 0.2625 0.271875
1 0.21458333333333332 0.8796875 0.32916666666666666 0.240625
1 0.09270833333333334 0.44296875 0.18541666666666667 0.2203125
1 0.065625 0.2546875 0.13125 0.19375