0 0.6104166666666667 0.296875 0.26458333333333334 0.2453125
0 0.36041666666666666 0.6609375 0.4375 0.2671875
0 0.4375 0.89375 0.34791666666666665 0.2125
0 0.65625 0.6703125 0.25 0.203125
1 0.81875 0.871875 0.36041666666666666 0.2546875
1 0.86875 0.6078125 0.2625 0.2296875
1 0.6604166666666667 0.490625 0.24375 0.1546875
0 0.8729166666666667 0.33125 0.25416666666666665 0.3640625
0 0.28125 0.4328125 0.3375 0.2515625
1 0.10208333333333333 0.26875 0.20208333333333334 0.303125
1 0.06875 0.609375 0.1375 0.2890625
1 0.052083333333333336 0.8765625 0.10208333333333333 0.240625
1 0.16458333333333333 0.79375 0.21458333333333332 0.1390625
1 0.33958333333333335 0.2 0.28125 0.18125
1 0.6 0.1234375 0.20625 0.1296875
1 0.8083333333333333 0.08125 0.22083333333333333 0.1625
0 0.325 0.071875 0.23125 0.1078125
0 0.11041666666666666 0.0578125 0.18958333333333333 0.1109375
1 0.6104166666666667 0.034375 0.23541666666666666 0.065625