1 0.29375 0.4671875 0.38125 0.2296875
1 0.23958333333333334 0.7703125 0.45625 0.3453125
1 0.68125 0.6921875 0.4666666666666667 0.3703125
1 0.7104166666666667 0.3921875 0.4166666666666667 0.28125
1 0.4041666666666667 0.234375 0.3729166666666667 0.2265625
1 0.7541666666666667 0.2015625 0.3229166666666667 0.2046875
1 0.7854166666666667 0.0734375 0.34375 0.1453125
1 0.30625 0.0734375 0.3875 0.146875
1 0.10625 0.3921875 0.2 0.1296875
1 0.12291666666666666 0.2671875 0.23958333333333334 0.1109375
1 0.07291666666666667 0.559375 0.14583333333333334 0.1984375
1 0.9354166666666667 0.6328125 0.12916666666666668 0.2734375
1 0.9583333333333334 0.3859375 0.08333333333333333 0.1671875
1 0.9520833333333333 0.2125 0.09583333333333334 0.1875