0 0.37604166666666666 0.6203125 0.5458333333333333 0.39375
0 0.28125 0.253125 0.4083333333333333 0.315625
1 0.32395833333333335 0.0734375 0.36875 0.146875
1 0.8177083333333334 0.24140625 0.3645833333333333 0.3203125
1 0.540625 0.2421875 0.22708333333333333 0.19375
1 0.5791666666666667 0.42265625 0.5041666666666667 0.3421875
1 0.859375 0.53359375 0.28125 0.3796875
1 0.70625 0.79609375 0.5041666666666667 0.4078125
1 0.2552083333333333 0.790625 0.4354166666666667 0.284375
1 0.11041666666666666 0.80859375 0.22083333333333333 0.2796875
1 0.09583333333333334 0.57734375 0.19166666666666668 0.2890625
1 0.690625 0.09140625 0.31875 0.1828125
1 0.515625 0.0921875 0.15 0.1296875
1 0.1625 0.396875 0.20833333333333334 0.1109375