0 0.65625 0.2265625 0.525 0.365625
1 0.5208333333333334 0.45 0.3625 0.1921875
1 0.2125 0.35 0.3729166666666667 0.21875
1 0.13125 0.1703125 0.2625 0.2515625
1 0.38125 0.1921875 0.26458333333333334 0.259375
1 0.8604166666666667 0.4140625 0.27708333333333335 0.253125
1 0.8979166666666667 0.6421875 0.20208333333333334 0.25
1 0.6479166666666667 0.653125 0.38333333333333336 0.271875
1 0.8 0.8765625 0.39791666666666664 0.246875
1 0.29375 0.6078125 0.41041666666666665 0.2734375
1 0.44583333333333336 0.8453125 0.3333333333333333 0.2640625
1 0.18333333333333332 0.8453125 0.3645833333333333 0.3078125
1 0.08958333333333333 0.534375 0.17916666666666667 0.2796875
1 0.94375 0.1390625 0.1125 0.2125
1 0.5375 0.03125 0.32916666666666666 0.0625
1 0.8541666666666666 0.0375 0.23541666666666666 0.075