0 0.26875 0.896875 0.4 0.203125
0 0.46041666666666664 0.4828125 0.33541666666666664 0.21875
0 0.30833333333333335 0.29609375 0.2916666666666667 0.203125
0 0.5083333333333333 0.21484375 0.25625 0.1609375
0 0.153125 0.50234375 0.30625 0.2078125
1 0.24583333333333332 0.671875 0.4791666666666667 0.31875
1 0.53125 0.74140625 0.3 0.2953125
1 0.7395833333333334 0.5546875 0.3375 0.265625
1 0.6072916666666667 0.3625 0.2791666666666667 0.1703125
1 0.33125 0.103125 0.29583333333333334 0.190625
1 0.11458333333333333 0.31875 0.20833333333333334 0.2203125
1 0.8041666666666667 0.79296875 0.33958333333333335 0.2421875