0 0.296875 0.33359375 0.4875 0.35625
1 0.525 0.2390625 0.375 0.2921875
0 0.7333333333333333 0.63515625 0.5104166666666666 0.30625
1 0.3229166666666667 0.56875 0.42291666666666666 0.2875
1 0.6552083333333333 0.45 0.3375 0.2375
1 0.8833333333333333 0.4765625 0.23333333333333334 0.2625
1 0.08020833333333334 0.38125 0.16041666666666668 0.303125
0 0.134375 0.6484375 0.26875 0.3
1 0.23854166666666668 0.87890625 0.3104166666666667 0.2421875
1 0.678125 0.11875 0.24375 0.2140625
1 0.12708333333333333 0.128125 0.25416666666666665 0.18125
1 0.44583333333333336 0.08515625 0.24166666666666667 0.1625
1 0.4 0.75546875 0.3625 0.2328125
1 0.7052083333333333 0.8640625 0.34375 0.2515625