1 0.359375 0.0828125 0.27291666666666664 0.165625
1 0.55 0.0546875 0.20833333333333334 0.10625
1 0.6447916666666667 0.140625 0.2520833333333333 0.1578125
1 0.7458333333333333 0.07734375 0.17083333333333334 0.1328125
1 0.871875 0.175 0.25625 0.171875
1 0.9104166666666667 0.07265625 0.17916666666666667 0.0953125
1 0.8864583333333333 0.30390625 0.21458333333333332 0.146875
1 0.675 0.29375 0.2791666666666667 0.1453125
1 0.44479166666666664 0.2234375 0.28958333333333336 0.178125
1 0.4822916666666667 0.3625 0.2875 0.146875
1 0.7104166666666667 0.41796875 0.26458333333333334 0.1546875
1 0.89375 0.47265625 0.2125 0.2515625
1 0.7333333333333333 0.58125 0.36041666666666666 0.1984375
1 0.884375 0.68671875 0.20833333333333334 0.1734375
1 0.6729166666666667 0.79375 0.33958333333333335 0.2234375
1 0.4114583333333333 0.7046875 0.4083333333333333 0.2359375
1 0.45625 0.515625 0.3020833333333333 0.1796875
1 0.21145833333333333 0.23359375 0.275 0.1859375
1 0.09895833333333333 0.3546875 0.1875 0.203125
1 0.23958333333333334 0.440625 0.28125 0.1890625
1 0.153125 0.61796875 0.30625 0.2140625
1 0.11458333333333333 0.8296875 0.22916666666666666 0.2375
1 0.31875 0.89921875 0.42083333333333334 0.2015625