1 0.4708333333333333 0.3578125 0.20416666666666666 0.134375
1 0.32916666666666666 0.440625 0.23333333333333334 0.1453125
1 0.6583333333333333 0.509375 0.29791666666666666 0.2375
1 0.8770833333333333 0.6125 0.24583333333333332 0.20625
1 0.41875 0.5609375 0.24791666666666667 0.1375
1 0.175 0.56875 0.25 0.1515625
1 0.0875 0.7453125 0.17291666666666666 0.2046875
1 0.28125 0.709375 0.25625 0.190625
1 0.5375 0.7125 0.2625 0.225
1 0.275 0.903125 0.35625 0.19375
1 0.7145833333333333 0.8984375 0.3125 0.203125
1 0.925 0.8984375 0.15 0.2015625
1 0.6041666666666666 0.078125 0.2125 0.15
1 0.8479166666666667 0.1125 0.28125 0.2