1 0.5958333333333333 0.2375 0.2833333333333333 0.234375
1 0.35208333333333336 0.1609375 0.2604166666666667 0.203125
1 0.15416666666666667 0.3359375 0.30625 0.20625
1 0.30625 0.5328125 0.29791666666666666 0.228125
1 0.63125 0.5875 0.31875 0.2625
1 0.1625 0.70625 0.22291666666666668 0.16875
1 0.4125 0.7234375 0.3229166666666667 0.228125
1 0.7416666666666667 0.7390625 0.35 0.1765625
1 0.85625 0.5765625 0.21875 0.19375
1 0.08125 0.5328125 0.16041666666666668 0.2125
1 0.20416666666666666 0.065625 0.25416666666666665 0.1203125
1 0.81875 0.3390625 0.15416666666666667 0.109375
1 0.13125 0.19375 0.24375 0.165625
1 0.6395833333333333 0.4 0.30833333333333335 0.1328125
1 0.36875 0.3453125 0.23333333333333334 0.15625