0 0.13958333333333334 0.3234375 0.275 0.2703125
0 0.35208333333333336 0.50625 0.42083333333333334 0.2453125
0 0.8114583333333333 0.46875 0.3770833333333333 0.209375
0 0.19479166666666667 0.74140625 0.38958333333333334 0.3390625
0 0.5572916666666666 0.83203125 0.39791666666666664 0.3203125
1 0.875 0.8609375 0.2375 0.278125
1 0.9052083333333333 0.65390625 0.1875 0.2453125
0 0.74375 0.2484375 0.3375 0.2171875
1 0.421875 0.28046875 0.38333333333333336 0.2390625
1 0.16979166666666667 0.10703125 0.3229166666666667 0.2140625
1 0.5447916666666667 0.08515625 0.3333333333333333 0.1515625
1 0.928125 0.06875 0.14375 0.128125
0 0.940625 0.2671875 0.11875 0.24375