0 0.38333333333333336 0.1359375 0.2916666666666667 0.190625
1 0.24583333333333332 0.27421875 0.325 0.2109375
1 0.48854166666666665 0.303125 0.27708333333333335 0.2171875
1 0.571875 0.46171875 0.21041666666666667 0.165625
1 0.440625 0.5125 0.30416666666666664 0.2
1 0.16458333333333333 0.4234375 0.3 0.1953125
1 0.19791666666666666 0.61796875 0.3333333333333333 0.2546875
1 0.45 0.7125 0.2833333333333333 0.2140625
1 0.6958333333333333 0.73515625 0.3854166666666667 0.2625
1 0.4354166666666667 0.89609375 0.37916666666666665 0.2078125
1 0.06875 0.740625 0.1375 0.296875
1 0.15833333333333333 0.85625 0.31666666666666665 0.25
1 0.041666666666666664 0.50703125 0.08333333333333333 0.1734375