1 0.17708333333333334 0.0921875 0.3125 0.1828125
1 0.26875 0.26875 0.24375 0.1828125
1 0.09166666666666666 0.340625 0.18333333333333332 0.2359375
1 0.25416666666666665 0.4578125 0.2833333333333333 0.1828125
1 0.17291666666666666 0.6375 0.29791666666666666 0.2296875
1 0.4625 0.715625 0.37916666666666665 0.2828125
1 0.16041666666666668 0.8640625 0.31875 0.271875
1 0.4354166666666667 0.390625 0.17083333333333334 0.1546875
1 0.5833333333333334 0.48125 0.24791666666666667 0.146875
1 0.7458333333333333 0.56875 0.19583333333333333 0.128125
1 0.8833333333333333 0.5234375 0.16875 0.11875
1 0.7520833333333333 0.44375 0.14791666666666667 0.10625
1 0.5979166666666667 0.3453125 0.18958333333333333 0.1171875
1 0.5354166666666667 0.215625 0.19791666666666666 0.203125
0 0.75 0.2828125 0.17708333333333334 0.159375
1 0.9125 0.3234375 0.16666666666666666 0.1296875
1 0.7875 0.3828125 0.12916666666666668 0.0734375
1 0.9166666666666666 0.434375 0.16666666666666666 0.1
1 0.5479166666666667 0.0796875 0.16875 0.1015625
1 0.3770833333333333 0.2109375 0.11875 0.13125