1 0.42916666666666664 0.453125 0.38958333333333334 0.2625
1 0.44166666666666665 0.7328125 0.44583333333333336 0.2953125
1 0.7395833333333334 0.6453125 0.2916666666666667 0.253125
1 0.75625 0.421875 0.28958333333333336 0.221875
1 0.9333333333333333 0.590625 0.13333333333333333 0.2734375
1 0.9375 0.3859375 0.125 0.134375
1 0.9125 0.23125 0.175 0.1640625
1 0.7125 0.1375 0.21458333333333332 0.125
1 0.6979166666666666 0.259375 0.24166666666666667 0.146875
1 0.4583333333333333 0.2765625 0.2916666666666667 0.1421875
1 0.4625 0.134375 0.29375 0.171875
1 0.14166666666666666 0.3234375 0.28125 0.2421875
1 0.12291666666666666 0.1828125 0.24583333333333332 0.1296875
1 0.13125 0.553125 0.2604166666666667 0.2640625
1 0.12916666666666668 0.828125 0.25625 0.3140625
1 0.9145833333333333 0.90625 0.16875 0.1875