0 0.35625 0.46484375 0.3958333333333333 0.278125
1 0.21979166666666666 0.30390625 0.275 0.1609375
1 0.41354166666666664 0.23515625 0.2625 0.196875
1 0.6208333333333333 0.33984375 0.41458333333333336 0.290625
1 0.8041666666666667 0.1265625 0.3875 0.2328125
1 0.8760416666666667 0.31875 0.24791666666666667 0.309375
1 0.10625 0.47578125 0.2125 0.1953125
1 0.1875 0.64765625 0.375 0.2703125
1 0.5104166666666666 0.79375 0.4583333333333333 0.359375
1 0.7666666666666667 0.92421875 0.35 0.1515625
1 0.21354166666666666 0.87734375 0.4270833333333333 0.2328125