0 0.5458333333333333 0.80625 0.2791666666666667 0.2515625
0 0.81875 0.8125 0.2833333333333333 0.2265625
0 0.35833333333333334 0.803125 0.15416666666666667 0.1484375
0 0.55625 0.4828125 0.20416666666666666 0.15625
0 0.28958333333333336 0.5578125 0.20208333333333334 0.0890625
0 0.225 0.359375 0.24166666666666667 0.171875
0 0.12083333333333333 0.909375 0.2375 0.18125
0 0.04791666666666667 0.7671875 0.09583333333333334 0.18125
0 0.18958333333333333 0.734375 0.225 0.159375
1 0.3854166666666667 0.63125 0.23333333333333334 0.153125
1 0.7125 0.5921875 0.22708333333333333 0.1421875
1 0.8770833333333333 0.6703125 0.23333333333333334 0.153125
1 0.9541666666666667 0.6078125 0.09166666666666666 0.0953125
1 0.9291666666666667 0.8890625 0.13958333333333334 0.2203125
1 0.69375 0.9578125 0.31875 0.084375
1 0.375 0.9375 0.2625 0.125
1 0.08333333333333333 0.578125 0.16666666666666666 0.1296875
1 0.14791666666666667 0.16875 0.18958333333333333 0.146875
1 0.33958333333333335 0.265625 0.16875 0.1421875
1 0.3 0.1453125 0.14166666666666666 0.0734375
1 0.4979166666666667 0.1921875 0.13958333333333334 0.096875
1 0.46875 0.2796875 0.12291666666666666 0.1203125
1 0.5395833333333333 0.3265625 0.11041666666666666 0.09375
1 0.525 0.390625 0.18958333333333333 0.1
1 0.7229166666666667 0.4296875 0.1375 0.10625
1 0.68125 0.3234375 0.13541666666666666 0.0796875
1 0.6333333333333333 0.2546875 0.125 0.075
1 0.6645833333333333 0.1984375 0.125 0.090625
1 0.7583333333333333 0.2046875 0.11875 0.084375
1 0.8270833333333333 0.2984375 0.15 0.1171875
1 0.8645833333333334 0.409375 0.13541666666666666 0.1546875
1 0.9458333333333333 0.321875 0.10625 0.0765625
0 0.9708333333333333 0.403125 0.058333333333333334 0.1171875
1 0.06041666666666667 0.2609375 0.11458333333333333 0.11875
1 0.0375 0.153125 0.07291666666666667 0.078125