1 0.22395833333333334 0.1953125 0.35833333333333334 0.2859375
0 0.20208333333333334 0.4703125 0.4041666666666667 0.315625
0 0.64375 0.553125 0.5895833333333333 0.43125
1 0.5541666666666667 0.234375 0.45625 0.290625
1 0.8802083333333334 0.2078125 0.23958333333333334 0.3375
1 0.678125 0.08515625 0.36041666666666666 0.1703125
1 0.7979166666666667 0.70078125 0.3645833333333333 0.2734375
1 0.734375 0.90078125 0.36875 0.1984375
1 0.5083333333333333 0.82734375 0.39375 0.3078125
1 0.203125 0.71953125 0.40625 0.2828125
1 0.29583333333333334 0.05546875 0.2625 0.1109375
1 0.9322916666666666 0.475 0.13541666666666666 0.25