0 0.3770833333333333 0.6421875 0.32916666666666666 0.234375
0 0.565625 0.7890625 0.275 0.2390625
0 0.7322916666666667 0.2015625 0.23125 0.196875
0 0.3385416666666667 0.20234375 0.21458333333333332 0.1484375
0 0.5364583333333334 0.0515625 0.18958333333333333 0.103125
0 0.70625 0.0453125 0.17083333333333334 0.090625
1 0.290625 0.42734375 0.2604166666666667 0.2515625
1 0.4427083333333333 0.3828125 0.20625 0.16875
1 0.628125 0.440625 0.32916666666666666 0.196875
0 0.684375 0.6171875 0.2833333333333333 0.1703125
1 0.8479166666666667 0.79609375 0.30416666666666664 0.2265625
1 0.7666666666666667 0.36640625 0.23333333333333334 0.1390625
1 0.5083333333333333 0.2765625 0.21666666666666667 0.1296875
1 0.5385416666666667 0.16875 0.22291666666666668 0.140625
1 0.365625 0.0671875 0.21875 0.13125
1 0.28854166666666664 0.84921875 0.2916666666666667 0.228125