0 0.44375 0.465625 0.2625 0.2265625
0 0.6083333333333333 0.4671875 0.125 0.1625
0 0.5625 0.640625 0.25625 0.1953125
0 0.2604166666666667 0.553125 0.175 0.1265625
0 0.16666666666666666 0.9171875 0.32916666666666666 0.1640625
1 0.2833333333333333 0.7171875 0.34375 0.2453125
1 0.475 0.875 0.30625 0.2484375
1 0.7770833333333333 0.8015625 0.32083333333333336 0.2546875
1 0.8020833333333334 0.6015625 0.28125 0.203125
1 0.7625 0.4328125 0.22291666666666668 0.15
1 0.6770833333333334 0.29375 0.20416666666666666 0.146875
1 0.3020833333333333 0.284375 0.22708333333333333 0.134375
1 0.07083333333333333 0.259375 0.14166666666666666 0.1203125
1 0.1125 0.3875 0.20208333333333334 0.1515625
1 0.06458333333333334 0.521875 0.12916666666666668 0.171875
0 0.2875 0.409375 0.1375 0.1265625