0 0.6625 0.6875 0.3416666666666667 0.21875
0 0.12291666666666666 0.696875 0.24375 0.2140625
1 0.20208333333333334 0.3375 0.29791666666666666 0.2734375
1 0.49166666666666664 0.4234375 0.29791666666666666 0.271875
1 0.7666666666666667 0.503125 0.30416666666666664 0.221875
1 0.7708333333333334 0.28125 0.33541666666666664 0.2734375
1 0.48125 0.1875 0.3229166666666667 0.2296875
1 0.14791666666666667 0.1375 0.2875 0.196875
1 0.36041666666666666 0.046875 0.28958333333333336 0.09375
1 0.06666666666666667 0.5375 0.13125 0.1578125
1 0.33125 0.60625 0.30833333333333335 0.2203125
1 0.44375 0.828125 0.31666666666666665 0.28125
1 0.7395833333333334 0.89375 0.33125 0.2109375
1 0.18958333333333333 0.8984375 0.34791666666666665 0.2015625