1 0.5104166666666666 0.2 0.3729166666666667 0.2578125
0 0.6083333333333333 0.4453125 0.375 0.290625
0 0.25416666666666665 0.1453125 0.30416666666666664 0.225
0 0.20416666666666666 0.4078125 0.39166666666666666 0.2953125
0 0.9333333333333333 0.4765625 0.13125 0.296875
1 0.8708333333333333 0.1921875 0.25833333333333336 0.2609375
1 0.6166666666666667 0.734375 0.41875 0.2890625
1 0.8958333333333334 0.79375 0.20625 0.3140625
1 0.32083333333333336 0.6484375 0.2708333333333333 0.18125
1 0.11041666666666666 0.6375 0.22083333333333333 0.2
1 0.8395833333333333 0.5890625 0.20833333333333334 0.15
1 0.7166666666666667 0.053125 0.24583333333333332 0.10625
1 0.5145833333333333 0.0359375 0.20416666666666666 0.0703125