1 0.23125 0.3515625 0.2791666666666667 0.16875
1 0.49375 0.353125 0.2708333333333333 0.1734375
1 0.73125 0.321875 0.24583333333333332 0.2203125
1 0.8958333333333334 0.2453125 0.20208333333333334 0.146875
1 0.9208333333333333 0.41875 0.15833333333333333 0.2078125
1 0.6458333333333334 0.54375 0.2791666666666667 0.1875
1 0.36666666666666664 0.5234375 0.26875 0.171875
1 0.125 0.5015625 0.24791666666666667 0.2421875
1 0.15625 0.7375 0.30833333333333335 0.275
1 0.47291666666666665 0.728125 0.3125 0.265625
1 0.80625 0.753125 0.37916666666666665 0.2453125