0 0.3416666666666667 0.50703125 0.3229166666666667 0.2109375
0 0.403125 0.69765625 0.3104166666666667 0.2046875
0 0.5822916666666667 0.51953125 0.2125 0.2046875
0 0.109375 0.47734375 0.19166666666666668 0.14375
0 0.14479166666666668 0.3453125 0.1375 0.109375
0 0.45625 0.31640625 0.2375 0.128125
1 0.825 0.35078125 0.32916666666666666 0.2078125
1 0.8333333333333334 0.54609375 0.3145833333333333 0.2109375
1 0.709375 0.73828125 0.3416666666666667 0.2734375
1 0.515625 0.90390625 0.3854166666666667 0.1921875
1 0.228125 0.89765625 0.26458333333333334 0.2046875
1 0.140625 0.7046875 0.275 0.2625
1 0.27291666666666664 0.37734375 0.16458333333333333 0.1234375
1 0.28229166666666666 0.25390625 0.225 0.1140625
1 0.0375 0.5484375 0.075 0.1421875
0 0.065625 0.88359375 0.1 0.14375