1 0.403125 0.16875 0.4083333333333333 0.2875
1 0.646875 0.38203125 0.3458333333333333 0.2265625
1 0.609375 0.0484375 0.3145833333333333 0.096875
1 0.6729166666666667 0.178125 0.2625 0.2125
1 0.878125 0.0578125 0.24375 0.103125
1 0.896875 0.18046875 0.20625 0.2140625
1 0.8875 0.371875 0.225 0.228125
1 0.8875 0.59453125 0.225 0.253125
1 0.6364583333333333 0.61484375 0.37083333333333335 0.2546875
1 0.7260416666666667 0.8359375 0.38125 0.2796875
1 0.35 0.80234375 0.40208333333333335 0.2796875
1 0.3572916666666667 0.55703125 0.29375 0.2234375
1 0.34375 0.36640625 0.29583333333333334 0.165625
1 0.13541666666666666 0.4234375 0.2708333333333333 0.215625
1 0.14270833333333333 0.6546875 0.28541666666666665 0.221875
1 0.153125 0.08359375 0.26458333333333334 0.1671875
1 0.17291666666666666 0.23828125 0.23541666666666666 0.1859375