1 0.18541666666666667 0.346875 0.36875 0.2796875
1 0.45625 0.471875 0.23333333333333334 0.1984375
1 0.7041666666666667 0.446875 0.28958333333333336 0.2109375
1 0.5666666666666667 0.2859375 0.2875 0.165625
1 0.35833333333333334 0.2859375 0.21041666666666667 0.1890625
1 0.7958333333333333 0.28125 0.22291666666666668 0.1640625
1 0.925 0.4140625 0.15 0.1625
1 0.8916666666666667 0.559375 0.21666666666666667 0.146875
1 0.9166666666666666 0.7625 0.16666666666666666 0.2859375
1 0.5916666666666667 0.8703125 0.47291666666666665 0.2578125
1 0.6708333333333333 0.6671875 0.29375 0.234375
1 0.30625 0.6234375 0.4979166666666667 0.2625
1 0.27291666666666664 0.8671875 0.22708333333333333 0.2328125
1 0.08125 0.828125 0.16041666666666668 0.2734375