0 0.5895833333333333 0.8234375 0.42916666666666664 0.35
0 0.21666666666666667 0.7140625 0.3375 0.275
0 0.4666666666666667 0.5484375 0.3333333333333333 0.215625
0 0.4395833333333333 0.0703125 0.21666666666666667 0.1390625
0 0.0375 0.4609375 0.075 0.1984375
1 0.19583333333333333 0.4984375 0.21458333333333332 0.13125
1 0.18125 0.9109375 0.36041666666666666 0.1765625
1 0.6958333333333333 0.4921875 0.2791666666666667 0.23125
0 0.8375 0.7390625 0.325 0.2484375
1 0.9083333333333333 0.4734375 0.18125 0.1859375
1 0.8916666666666667 0.275 0.21458333333333332 0.2125
1 0.6625 0.303125 0.22916666666666666 0.1796875
1 0.4041666666666667 0.334375 0.3 0.253125
1 0.15833333333333333 0.3515625 0.23125 0.1625
1 0.1 0.228125 0.2 0.1890625
1 0.29583333333333334 0.19375 0.17083333333333334 0.11875
1 0.48333333333333334 0.1625 0.19583333333333333 0.11875
1 0.70625 0.13125 0.24375 0.190625
1 0.23541666666666666 0.1125 0.2125 0.115625
1 0.06875 0.096875 0.13541666666666666 0.1328125
1 0.19791666666666666 0.0328125 0.1625 0.0640625