0 0.27291666666666664 0.40390625 0.48541666666666666 0.325
1 0.4583333333333333 0.63125 0.46875 0.2953125
1 0.7770833333333333 0.503125 0.425 0.3375
1 0.19583333333333333 0.69609375 0.35 0.2875
1 0.4708333333333333 0.8625 0.5291666666666667 0.275
1 0.81875 0.69921875 0.29791666666666666 0.1828125
0 0.9552083333333333 0.65546875 0.08958333333333333 0.2046875
1 0.784375 0.23671875 0.32916666666666666 0.278125
1 0.5697916666666667 0.32890625 0.2875 0.228125
1 0.51875 0.1875 0.24791666666666667 0.1828125
1 0.709375 0.1046875 0.26458333333333334 0.1703125
1 0.8479166666666667 0.06171875 0.15 0.1234375
1 0.2552083333333333 0.0921875 0.30416666666666664 0.1671875
1 0.27291666666666664 0.2234375 0.30625 0.1734375
1 0.08229166666666667 0.1578125 0.16458333333333333 0.2375
1 0.07916666666666666 0.35 0.15833333333333333 0.190625