0 0.39791666666666664 0.26484375 0.4 0.259375
1 0.721875 0.2859375 0.325 0.2203125
1 0.42604166666666665 0.509375 0.42083333333333334 0.265625
1 0.7864583333333334 0.49609375 0.4270833333333333 0.3296875
1 0.25416666666666665 0.77734375 0.4875 0.4296875
0 0.915625 0.75703125 0.16875 0.2546875
1 0.7270833333333333 0.71640625 0.27708333333333335 0.23125
1 0.8333333333333334 0.1453125 0.2375 0.196875
1 0.13958333333333334 0.1421875 0.23333333333333334 0.2046875
1 0.2760416666666667 0.140625 0.21666666666666667 0.1140625
1 0.06770833333333333 0.2140625 0.13541666666666666 0.196875
1 0.09375 0.45390625 0.1875 0.2515625
1 0.5729166666666666 0.1203125 0.28541666666666665 0.1875
1 0.684375 0.05546875 0.29375 0.1109375
1 0.39375 0.06171875 0.26666666666666666 0.1234375