0 0.5239583333333333 0.228125 0.2916666666666667 0.2328125
0 0.7666666666666667 0.28046875 0.37083333333333335 0.2671875
0 0.6677083333333333 0.4984375 0.3229166666666667 0.275
0 0.38645833333333335 0.4015625 0.36666666666666664 0.2578125
0 0.16979166666666667 0.47890625 0.2604166666666667 0.184375
0 0.3541666666666667 0.6078125 0.34791666666666665 0.228125
0 0.44375 0.834375 0.44583333333333336 0.33125
0 0.775 0.88515625 0.35833333333333334 0.2296875
1 0.8291666666666667 0.6578125 0.3375 0.3
1 0.903125 0.45703125 0.19375 0.1921875
1 0.8875 0.1703125 0.225 0.15625
1 0.7208333333333333 0.1375 0.22708333333333333 0.1140625
0 0.5572916666666666 0.07578125 0.19166666666666668 0.1484375
1 0.7520833333333333 0.06015625 0.21041666666666667 0.096875
1 0.915625 0.08671875 0.16875 0.1171875
1 0.9645833333333333 0.2921875 0.07083333333333333 0.165625