0 0.775 0.7171875 0.425 0.3625
0 0.5229166666666667 0.67265625 0.24375 0.1765625
0 0.18020833333333333 0.746875 0.36041666666666666 0.284375
0 0.12395833333333334 0.54765625 0.24791666666666667 0.2171875
0 0.871875 0.43125 0.25625 0.190625
1 0.58125 0.225 0.28125 0.2203125
1 0.140625 0.35390625 0.26666666666666666 0.228125
1 0.31875 0.40625 0.175 0.121875
1 0.35625 0.56328125 0.2875 0.2125
1 0.61875 0.4984375 0.325 0.2203125
1 0.9270833333333334 0.5796875 0.14583333333333334 0.153125
1 0.44583333333333336 0.85859375 0.4166666666666667 0.2828125
0 0.74375 0.9203125 0.35 0.159375
1 0.9385416666666667 0.31015625 0.12291666666666666 0.0859375
1 0.965625 0.37109375 0.06875 0.0796875
1 0.8125 0.2765625 0.15416666666666667 0.1234375
0 0.7302083333333333 0.178125 0.16041666666666668 0.178125
1 0.5875 0.06796875 0.24166666666666667 0.1359375
1 0.4322916666666667 0.1296875 0.16875 0.153125
1 0.26979166666666665 0.16484375 0.24583333333333332 0.19375
1 0.178125 0.0890625 0.175 0.1453125
1 0.31875 0.04765625 0.18333333333333332 0.0953125
1 0.175 0.0328125 0.15416666666666667 0.065625
1 0.8625 0.22890625 0.13125 0.0859375
1 0.9572916666666667 0.2625 0.08541666666666667 0.084375
1 0.03229166666666667 0.7546875 0.06458333333333334 0.225