1 0.3541666666666667 0.1765625 0.25 0.1640625
1 0.3104166666666667 0.3046875 0.23333333333333334 0.1453125
1 0.27291666666666664 0.4203125 0.22291666666666668 0.1515625
1 0.20208333333333334 0.5671875 0.275 0.18125
1 0.17083333333333334 0.765625 0.2916666666666667 0.225
1 0.4375 0.7515625 0.26458333333333334 0.2390625
1 0.4583333333333333 0.546875 0.25 0.1609375
1 0.5020833333333333 0.390625 0.21875 0.159375
1 0.5958333333333333 0.26875 0.22708333333333333 0.1671875
1 0.73125 0.1234375 0.23958333333333334 0.15
1 0.8354166666666667 0.246875 0.2125 0.1640625
1 0.7291666666666666 0.4515625 0.2604166666666667 0.190625
1 0.6854166666666667 0.621875 0.2708333333333333 0.2015625
1 0.6875 0.8421875 0.28541666666666665 0.2515625
1 0.9083333333333333 0.8765625 0.18125 0.246875
1 0.9208333333333333 0.6734375 0.15625 0.18125
1 0.9083333333333333 0.5015625 0.18125 0.1671875
1 0.9020833333333333 0.3765625 0.19583333333333333 0.1328125
1 0.9395833333333333 0.1703125 0.11875 0.1078125
1 0.8729166666666667 0.0578125 0.20833333333333334 0.1140625