1 0.4552083333333333 0.21171875 0.2625 0.1546875
1 0.24791666666666667 0.2125 0.24583333333333332 0.1546875
1 0.12083333333333333 0.19765625 0.14166666666666666 0.1515625
0 0.184375 0.3109375 0.275 0.1640625
1 0.43333333333333335 0.35 0.28125 0.184375
1 0.6822916666666666 0.371875 0.275 0.171875
1 0.7822916666666667 0.540625 0.2916666666666667 0.2265625
1 0.534375 0.54140625 0.35625 0.25625
1 0.31145833333333334 0.49375 0.2708333333333333 0.1984375
1 0.13229166666666667 0.44921875 0.26458333333333334 0.2015625
1 0.10520833333333333 0.771875 0.21041666666666667 0.25
1 0.3072916666666667 0.8703125 0.4354166666666667 0.259375
1 0.7052083333333333 0.875 0.36875 0.25