0 0.39791666666666664 0.41484375 0.3375 0.246875
0 0.6302083333333334 0.434375 0.21458333333333332 0.2140625
0 0.47708333333333336 0.62890625 0.31875 0.246875
0 0.1125 0.27890625 0.14583333333333334 0.10625
0 0.12708333333333333 0.41640625 0.22708333333333333 0.1421875
1 0.17291666666666666 0.62578125 0.32916666666666666 0.21875
0 0.08958333333333333 0.79765625 0.17916666666666667 0.1953125
1 0.28854166666666664 0.82578125 0.26458333333333334 0.2015625
1 0.6114583333333333 0.840625 0.39166666666666666 0.30625
1 0.8 0.64375 0.3229166666666667 0.2625
1 0.8604166666666667 0.43828125 0.2791666666666667 0.1984375
1 0.8541666666666666 0.26796875 0.2916666666666667 0.1828125
1 0.47708333333333336 0.23671875 0.2625 0.1390625
1 0.25625 0.190625 0.21875 0.10625
1 0.26458333333333334 0.31875 0.19583333333333333 0.146875
1 0.39166666666666666 0.95390625 0.22916666666666666 0.0921875