0 0.48333333333333334 0.3953125 0.5541666666666667 0.4546875
0 0.7260416666666667 0.62734375 0.4895833333333333 0.3375
0 0.840625 0.8453125 0.31875 0.253125
1 0.29791666666666666 0.65703125 0.49583333333333335 0.3375
1 0.453125 0.8609375 0.5645833333333333 0.278125
0 0.553125 0.20546875 0.4625 0.315625
1 0.484375 0.07421875 0.3145833333333333 0.1484375
1 0.16145833333333334 0.17734375 0.3229166666666667 0.2078125
1 0.27395833333333336 0.2421875 0.30416666666666664 0.21875
1 0.058333333333333334 0.2421875 0.11666666666666667 0.2375
1 0.07916666666666666 0.38984375 0.15833333333333333 0.2140625
1 0.18333333333333332 0.4484375 0.26875 0.196875
0 0.06666666666666667 0.57734375 0.13333333333333333 0.2234375
1 0.175 0.81875 0.2604166666666667 0.3