0 0.11666666666666667 0.6515625 0.23125 0.275
0 0.37083333333333335 0.671875 0.3020833333333333 0.215625
0 0.7520833333333333 0.6671875 0.26458333333333334 0.2609375
0 0.24583333333333332 0.8875 0.33125 0.225
0 0.5354166666666667 0.4828125 0.24166666666666667 0.19375
0 0.5708333333333333 0.8328125 0.30625 0.2421875
0 0.8541666666666666 0.4609375 0.28958333333333336 0.2
1 0.5895833333333333 0.271875 0.36041666666666666 0.2015625
0 0.8604166666666667 0.2703125 0.225 0.1890625
1 0.3729166666666667 0.3125 0.11875 0.2046875
1 0.26458333333333334 0.2328125 0.18958333333333333 0.159375
1 0.34791666666666665 0.125 0.16458333333333333 0.10625
1 0.14166666666666666 0.1484375 0.18125 0.1546875
1 0.53125 0.0765625 0.17916666666666667 0.1109375
1 0.7375 0.0875 0.225 0.175
1 0.9291666666666667 0.184375 0.14166666666666666 0.1453125
0 0.9375 0.653125 0.125 0.1515625
1 0.04791666666666667 0.459375 0.09583333333333334 0.178125