0 0.515625 0.69453125 0.5270833333333333 0.375
1 0.6697916666666667 0.4578125 0.5208333333333334 0.3171875
1 0.15416666666666667 0.62890625 0.30833333333333335 0.2890625
1 0.16666666666666666 0.8765625 0.3333333333333333 0.23125
1 0.84375 0.821875 0.2916666666666667 0.35625
1 0.9395833333333333 0.5 0.12083333333333333 0.2625
1 0.8614583333333333 0.22421875 0.27708333333333335 0.3015625
1 0.5385416666666667 0.25234375 0.2916666666666667 0.203125
1 0.2677083333333333 0.0890625 0.4354166666666667 0.178125
0 0.26875 0.4015625 0.325 0.1609375
1 0.26145833333333335 0.2484375 0.275 0.1671875
1 0.084375 0.18359375 0.1375 0.2015625
1 0.07083333333333333 0.340625 0.12916666666666668 0.14375
1 0.7 0.08515625 0.3145833333333333 0.1671875