1 0.10729166666666666 0.19921875 0.21458333333333332 0.2859375
1 0.334375 0.13203125 0.4354166666666667 0.2640625
1 0.7104166666666667 0.13671875 0.4041666666666667 0.2734375
1 0.790625 0.359375 0.41875 0.353125
1 0.4270833333333333 0.33203125 0.4666666666666667 0.3203125
1 0.171875 0.44375 0.34375 0.359375
1 0.23854166666666668 0.72109375 0.425 0.3296875
1 0.5447916666666667 0.58984375 0.47708333333333336 0.30625
1 0.8770833333333333 0.62578125 0.24583333333333332 0.3296875
1 0.76875 0.80390625 0.4625 0.3703125
1 0.41875 0.878125 0.48333333333333334 0.24375