0 0.34375 0.73046875 0.41041666666666665 0.3359375
0 0.6302083333333334 0.5953125 0.3416666666666667 0.29375
0 0.8583333333333333 0.4265625 0.26666666666666666 0.2359375
0 0.42291666666666666 0.38515625 0.2833333333333333 0.2640625
1 0.6229166666666667 0.31484375 0.22916666666666666 0.190625
1 0.89375 0.63359375 0.2125 0.2203125
1 0.7510416666666667 0.7734375 0.2375 0.146875
1 0.63125 0.8921875 0.4 0.215625
1 0.26875 0.92578125 0.3458333333333333 0.1484375
1 0.10625 0.77734375 0.18541666666666667 0.2609375
1 0.052083333333333336 0.5734375 0.10416666666666667 0.1734375
1 0.2635416666666667 0.5421875 0.2916666666666667 0.1765625
1 0.17083333333333334 0.4203125 0.21458333333333332 0.1765625
1 0.059375 0.3453125 0.11875 0.253125
1 0.19479166666666667 0.26875 0.23125 0.1421875
1 0.325 0.19609375 0.19791666666666666 0.1203125
1 0.4354166666666667 0.16953125 0.09375 0.084375
1 0.55 0.1828125 0.12708333333333333 0.1109375
1 0.378125 0.08515625 0.08541666666666667 0.0765625
1 0.4822916666666667 0.1046875 0.12083333333333333 0.0765625
1 0.6885416666666667 0.0984375 0.15833333333333333 0.109375
0 0.80625 0.27109375 0.15416666666666667 0.1125