1 0.5697916666666667 0.37109375 0.34375 0.2390625
1 0.25729166666666664 0.35234375 0.38125 0.2890625
0 0.3385416666666667 0.571875 0.34791666666666665 0.2609375
0 0.6958333333333333 0.5578125 0.39375 0.3046875
1 0.6145833333333334 0.7890625 0.30625 0.225
1 0.821875 0.809375 0.2520833333333333 0.25625
1 0.3645833333333333 0.7734375 0.36041666666666666 0.2765625
1 0.13541666666666666 0.721875 0.2708333333333333 0.25
1 0.09791666666666667 0.5515625 0.19583333333333333 0.203125
1 0.8770833333333333 0.4765625 0.24583333333333332 0.19375
1 0.7583333333333333 0.334375 0.26666666666666666 0.215625
1 0.7260416666666667 0.1125 0.26875 0.19375
1 0.9541666666666667 0.2328125 0.09166666666666666 0.159375
1 0.9333333333333333 0.3609375 0.13333333333333333 0.171875
1 0.9802083333333333 0.13359375 0.03958333333333333 0.1234375
1 0.48541666666666666 0.26171875 0.275 0.2015625
1 0.5364583333333334 0.16484375 0.22291666666666668 0.128125
1 0.3729166666666667 0.1015625 0.2875 0.203125
1 0.19479166666666667 0.10234375 0.2125 0.190625
1 0.15104166666666666 0.21015625 0.16875 0.1078125
1 0.9208333333333333 0.62578125 0.15 0.1828125