1 0.22395833333333334 0.4796875 0.4479166666666667 0.353125
1 0.4322916666666667 0.6921875 0.46041666666666664 0.3484375
1 0.65 0.52109375 0.40625 0.2625
1 0.771875 0.7265625 0.42083333333333334 0.3671875
1 0.64375 0.88046875 0.5291666666666667 0.2390625
1 0.221875 0.8703125 0.44375 0.246875
1 0.09791666666666667 0.71328125 0.19583333333333333 0.3421875
1 0.21666666666666667 0.2265625 0.3541666666666667 0.3015625
1 0.48541666666666666 0.3453125 0.31666666666666665 0.2375
1 0.790625 0.36875 0.3770833333333333 0.225
1 0.71875 0.18671875 0.41875 0.25625
1 0.41041666666666665 0.16015625 0.3458333333333333 0.228125