0 0.6625 0.29609375 0.325 0.221875
0 0.43020833333333336 0.26171875 0.2520833333333333 0.2359375
0 0.31875 0.38828125 0.275 0.175
0 0.5458333333333333 0.440625 0.26666666666666666 0.1640625
0 0.4864583333333333 0.59765625 0.40625 0.303125
0 0.3302083333333333 0.82734375 0.41041666666666665 0.2890625
0 0.1125 0.48359375 0.21666666666666667 0.178125
0 0.22395833333333334 0.58359375 0.21041666666666667 0.2296875
1 0.09166666666666666 0.7140625 0.18333333333333332 0.228125
1 0.6458333333333334 0.8734375 0.3333333333333333 0.253125
1 0.875 0.94453125 0.14166666666666666 0.1109375
1 0.8510416666666667 0.82109375 0.14791666666666667 0.184375
1 0.7520833333333333 0.6453125 0.25 0.2578125
0 0.8270833333333333 0.453125 0.27708333333333335 0.19375
1 0.9072916666666667 0.6296875 0.17291666666666666 0.15
1 0.915625 0.29765625 0.16875 0.1953125
1 0.9385416666666667 0.1234375 0.12291666666666666 0.190625
1 0.8135416666666667 0.17734375 0.16666666666666666 0.11875
1 0.8354166666666667 0.07734375 0.16875 0.1109375
1 0.6791666666666667 0.05859375 0.175 0.1046875
1 0.6354166666666666 0.14296875 0.19375 0.1265625
1 0.5197916666666667 0.07578125 0.15208333333333332 0.14375