1 0.45625 0.259375 0.3416666666666667 0.228125
1 0.221875 0.4078125 0.29375 0.2078125
0 0.478125 0.46640625 0.22708333333333333 0.1671875
1 0.7364583333333333 0.465625 0.3229166666666667 0.23125
1 0.7979166666666667 0.19765625 0.33958333333333335 0.2
1 0.6645833333333333 0.671875 0.40625 0.2515625
1 0.184375 0.84453125 0.32708333333333334 0.3109375
1 0.453125 0.8515625 0.325 0.2890625
1 0.778125 0.88125 0.44375 0.228125
1 0.09479166666666666 0.56796875 0.18958333333333333 0.2453125
1 0.14895833333333333 0.22734375 0.27708333333333335 0.190625
1 0.06041666666666667 0.30859375 0.12083333333333333 0.2390625
1 0.33125 0.11875 0.23125 0.1484375
1 0.14479166666666668 0.11328125 0.24791666666666667 0.140625
1 0.696875 0.0765625 0.20833333333333334 0.1359375
1 0.8635416666666667 0.38828125 0.22916666666666666 0.1453125
1 0.9385416666666667 0.575 0.12291666666666666 0.228125
1 0.8833333333333333 0.72890625 0.23333333333333334 0.2203125