1 0.5875 0.7171875 0.4625 0.3609375
1 0.17708333333333334 0.7 0.3541666666666667 0.3890625
1 0.2 0.9359375 0.3729166666666667 0.1265625
1 0.6270833333333333 0.9375 0.4791666666666667 0.125
1 0.8708333333333333 0.7296875 0.25625 0.325
1 0.8166666666666667 0.475 0.3625 0.25625
1 0.5791666666666667 0.29375 0.3541666666666667 0.278125
1 0.29583333333333334 0.125 0.36041666666666666 0.25
1 0.5291666666666667 0.040625 0.19583333333333333 0.08125
1 0.6916666666666667 0.1203125 0.29791666666666666 0.190625
1 0.9041666666666667 0.1171875 0.18958333333333333 0.2
1 0.8583333333333333 0.3 0.2791666666666667 0.196875
0 0.2125 0.4046875 0.42291666666666666 0.2703125