1 0.2520833333333333 0.115625 0.27291666666666664 0.190625
1 0.41041666666666665 0.234375 0.2625 0.1640625
1 0.6645833333333333 0.23125 0.2625 0.1875
1 0.9083333333333333 0.0671875 0.18333333333333332 0.1296875
1 0.8854166666666666 0.171875 0.22708333333333333 0.1578125
1 0.88125 0.3796875 0.23541666666666666 0.2
1 0.6458333333333334 0.3953125 0.26666666666666666 0.1796875
1 0.41041666666666665 0.3796875 0.2375 0.2
1 0.18958333333333333 0.3375 0.26458333333333334 0.1828125
1 0.16458333333333333 0.5375 0.2375 0.2
1 0.40625 0.55625 0.28125 0.190625
1 0.6854166666666667 0.571875 0.2708333333333333 0.209375
1 0.9 0.5671875 0.2 0.1859375
1 0.88125 0.771875 0.2375 0.2234375
1 0.65 0.784375 0.2708333333333333 0.2171875
1 0.39791666666666664 0.753125 0.25416666666666665 0.20625
1 0.14166666666666666 0.7421875 0.2520833333333333 0.2046875