1 0.503125 0.13515625 0.3020833333333333 0.2171875
1 0.5739583333333333 0.38046875 0.3 0.2484375
1 0.7552083333333334 0.25859375 0.2833333333333333 0.221875
1 0.3375 0.25078125 0.32708333333333334 0.225
1 0.11979166666666667 0.4125 0.23958333333333334 0.21875
0 0.296875 0.403125 0.25625 0.1921875
0 0.41770833333333335 0.49609375 0.2604166666666667 0.1953125
0 0.21354166666666666 0.56328125 0.23541666666666666 0.16875
0 0.290625 0.71796875 0.2791666666666667 0.1953125
1 0.5427083333333333 0.671875 0.32708333333333334 0.2265625
1 0.7135416666666666 0.5375 0.31875 0.225
1 0.896875 0.51484375 0.20625 0.2609375
1 0.8166666666666667 0.65 0.29791666666666666 0.1453125
0 0.7385416666666667 0.8046875 0.26666666666666666 0.209375
1 0.49375 0.82734375 0.2604166666666667 0.1828125
1 0.24479166666666666 0.834375 0.2625 0.1625
1 0.9083333333333333 0.32109375 0.15416666666666667 0.1828125
1 0.9083333333333333 0.7609375 0.18333333333333332 0.1875
1 0.14166666666666666 0.28046875 0.23125 0.1703125
0 0.07708333333333334 0.1734375 0.15 0.1078125
0 0.21041666666666667 0.134375 0.22708333333333333 0.1578125
1 0.6635416666666667 0.0609375 0.20625 0.121875
0 0.6958333333333333 0.13984375 0.17083333333333334 0.1296875
1 0.85625 0.1421875 0.18333333333333332 0.13125
1 0.042708333333333334 0.13359375 0.08541666666666667 0.1734375