1 0.1875 0.15 0.25 0.16875
1 0.475 0.303125 0.24583333333333332 0.196875
1 0.6666666666666666 0.3375 0.17708333333333334 0.103125
1 0.26666666666666666 0.2953125 0.20833333333333334 0.125
1 0.06875 0.3265625 0.1375 0.1859375
1 0.13958333333333334 0.4546875 0.2604166666666667 0.115625
1 0.3458333333333333 0.4015625 0.18958333333333333 0.125
1 0.42291666666666666 0.515625 0.25 0.2046875
1 0.16666666666666666 0.596875 0.33125 0.21875
1 0.6875 0.4890625 0.29791666666666666 0.221875
1 0.9020833333333333 0.465625 0.19583333333333333 0.196875
1 0.8270833333333333 0.69375 0.34375 0.2078125
1 0.69375 0.8296875 0.30625 0.221875
1 0.42916666666666664 0.709375 0.24583333333333332 0.16875
1 0.18541666666666667 0.8296875 0.3645833333333333 0.2234375
1 0.46041666666666664 0.9140625 0.34791666666666665 0.171875