0 0.40208333333333335 0.30078125 0.45 0.2859375
0 0.23541666666666666 0.5234375 0.45208333333333334 0.3078125
0 0.5760416666666667 0.63671875 0.35 0.3125
0 0.8322916666666667 0.31171875 0.33541666666666664 0.2171875
1 0.2 0.103125 0.3333333333333333 0.20625
1 0.4947916666666667 0.11484375 0.3729166666666667 0.2296875
1 0.8229166666666666 0.11640625 0.3229166666666667 0.2125
0 0.9697916666666667 0.1484375 0.06041666666666667 0.2125
0 0.865625 0.703125 0.25 0.2609375
1 0.9197916666666667 0.4796875 0.16041666666666668 0.253125
0 0.296875 0.82578125 0.5104166666666666 0.346875