1 0.19791666666666666 0.1265625 0.39375 0.253125
1 0.5645833333333333 0.15625 0.34375 0.3109375
1 0.8666666666666667 0.1890625 0.26666666666666666 0.3234375
0 0.6833333333333333 0.4375 0.39166666666666666 0.2296875
1 0.3020833333333333 0.3484375 0.44166666666666665 0.296875
1 0.10833333333333334 0.4921875 0.21666666666666667 0.2390625
1 0.38958333333333334 0.621875 0.42083333333333334 0.275
1 0.7833333333333333 0.7140625 0.43125 0.390625
1 0.48333333333333334 0.8765625 0.5125 0.2453125
1 0.11875 0.76875 0.23541666666666666 0.3890625
1 0.8625 0.95 0.275 0.0984375