1 0.5041666666666667 0.2296875 0.2604166666666667 0.1609375
1 0.7375 0.165625 0.1875 0.115625
1 0.7625 0.2484375 0.19375 0.125
1 0.903125 0.3375 0.19375 0.175
1 0.6666666666666666 0.32890625 0.23125 0.1609375
1 0.8333333333333334 0.428125 0.25833333333333336 0.15625
1 0.8229166666666666 0.58046875 0.30625 0.2109375
1 0.571875 0.62421875 0.29375 0.2359375
1 0.5625 0.43046875 0.3 0.2078125
1 0.37083333333333335 0.31875 0.22291666666666668 0.1234375
1 0.25416666666666665 0.4265625 0.3145833333333333 0.20625
1 0.2604166666666667 0.6015625 0.3229166666666667 0.2234375
1 0.10833333333333334 0.7984375 0.21666666666666667 0.24375
1 0.6958333333333333 0.9171875 0.325 0.165625
1 0.4270833333333333 0.9359375 0.32916666666666666 0.128125
1 0.18333333333333332 0.92890625 0.22708333333333333 0.1359375