0 0.48333333333333334 0.57109375 0.49583333333333335 0.35625
0 0.34270833333333334 0.23515625 0.375 0.2796875
1 0.6645833333333333 0.41328125 0.44375 0.26875
1 0.9177083333333333 0.50703125 0.16458333333333333 0.2953125
1 0.784375 0.76875 0.4125 0.359375
1 0.33958333333333335 0.7609375 0.40208333333333335 0.2890625
1 0.14583333333333334 0.80546875 0.2916666666666667 0.2921875
1 0.14166666666666666 0.53671875 0.2833333333333333 0.2859375
1 0.11145833333333334 0.25078125 0.19166666666666668 0.1484375
1 0.11354166666666667 0.11484375 0.17083333333333334 0.1453125
1 0.37916666666666665 0.053125 0.30833333333333335 0.10625
1 0.7583333333333333 0.0765625 0.3 0.140625
1 0.8427083333333333 0.23125 0.3145833333333333 0.29375
1 0.5927083333333333 0.22421875 0.1625 0.1796875