0 0.6083333333333333 0.4359375 0.37916666666666665 0.253125
0 0.55625 0.2140625 0.3 0.196875
0 0.30833333333333335 0.8703125 0.3770833333333333 0.2546875
1 0.6354166666666666 0.7375 0.2833333333333333 0.3078125
1 0.8833333333333333 0.85625 0.23333333333333334 0.2796875
1 0.86875 0.5734375 0.2625 0.365625
1 0.8604166666666667 0.29375 0.27708333333333335 0.1953125
1 0.8208333333333333 0.1046875 0.29583333333333334 0.190625
1 0.6208333333333333 0.0515625 0.23958333333333334 0.1015625
1 0.27291666666666664 0.234375 0.29791666666666666 0.1609375
1 0.2791666666666667 0.4 0.30416666666666664 0.128125
1 0.31666666666666665 0.603125 0.49166666666666664 0.3046875
1 0.0875 0.7359375 0.17291666666666666 0.259375
1 0.06666666666666667 0.4625 0.13125 0.1734375
1 0.08125 0.3015625 0.16041666666666668 0.1796875
1 0.19583333333333333 0.1203125 0.325 0.1609375