1 0.5333333333333333 0.36796875 0.41458333333333336 0.3109375
1 0.8552083333333333 0.43125 0.25833333333333336 0.2
1 0.8125 0.60703125 0.3375 0.2578125
1 0.5645833333333333 0.70546875 0.3770833333333333 0.26875
1 0.5854166666666667 0.52109375 0.27291666666666664 0.1890625
1 0.3072916666666667 0.50390625 0.3770833333333333 0.2515625
1 0.27708333333333335 0.7109375 0.3854166666666667 0.2875
1 0.32395833333333335 0.884375 0.34375 0.23125
1 0.6572916666666667 0.884375 0.45625 0.23125
1 0.7947916666666667 0.82265625 0.2916666666666667 0.2796875
1 0.10104166666666667 0.8328125 0.20208333333333334 0.228125
1 0.09583333333333334 0.653125 0.19166666666666668 0.265625
1 0.10729166666666666 0.4515625 0.21458333333333332 0.221875
1 0.14791666666666667 0.26640625 0.22708333333333333 0.225
1 0.32708333333333334 0.303125 0.2625 0.2078125
1 0.3416666666666667 0.15 0.3333333333333333 0.2515625
1 0.5958333333333333 0.178125 0.275 0.178125
1 0.8020833333333334 0.28125 0.2833333333333333 0.23125