1 0.4895833333333333 0.365625 0.3416666666666667 0.25625
1 0.8229166666666666 0.36875 0.21041666666666667 0.1671875
1 0.8375 0.546875 0.27708333333333335 0.2140625
1 0.6291666666666667 0.6875 0.31666666666666665 0.2171875
1 0.5895833333333333 0.5046875 0.23125 0.1515625
1 0.3145833333333333 0.5390625 0.3229166666666667 0.1984375
1 0.35208333333333336 0.7453125 0.31875 0.2375
1 0.45416666666666666 0.90625 0.2916666666666667 0.1875
1 0.7895833333333333 0.8796875 0.38958333333333334 0.240625
1 0.8895833333333333 0.759375 0.21875 0.246875
1 0.15 0.909375 0.29791666666666666 0.1796875
1 0.11041666666666666 0.73125 0.21875 0.2328125
1 0.09166666666666666 0.5265625 0.18333333333333332 0.19375
1 0.08333333333333333 0.3375 0.16666666666666666 0.2
1 0.26875 0.340625 0.2125 0.175
1 0.23333333333333334 0.1890625 0.275 0.2078125
1 0.4895833333333333 0.1703125 0.2375 0.1390625
1 0.7229166666666667 0.2328125 0.22708333333333333 0.1953125