1 0.36875 0.353125 0.3333333333333333 0.2
1 0.5125 0.25625 0.21875 0.1609375
1 0.6916666666666667 0.334375 0.28541666666666665 0.1875
1 0.9083333333333333 0.3125 0.18333333333333332 0.1640625
1 0.9270833333333334 0.5671875 0.14375 0.2515625
1 0.66875 0.540625 0.36875 0.2171875
1 0.40208333333333335 0.5421875 0.23333333333333334 0.1890625
1 0.6729166666666667 0.80625 0.4625 0.325
1 0.275 0.759375 0.35208333333333336 0.2375
1 0.10833333333333334 0.60625 0.21458333333333332 0.2421875
1 0.13541666666666666 0.415625 0.26875 0.1671875
1 0.3 0.6078125 0.17083333333333334 0.0953125
1 0.275 0.9421875 0.3125 0.115625
1 0.08125 0.8234375 0.15833333333333333 0.203125
1 0.3875 0.1546875 0.18333333333333332 0.128125
1 0.61875 0.1515625 0.19583333333333333 0.1484375
1 0.91875 0.9328125 0.16041666666666668 0.134375
1 0.12708333333333333 0.309375 0.13541666666666666 0.084375
1 0.25416666666666665 0.2484375 0.14791666666666667 0.08125
1 0.26666666666666666 0.15625 0.1125 0.090625
1 0.14583333333333334 0.2203125 0.14583333333333334 0.0796875