1 0.7104166666666667 0.09140625 0.2791666666666667 0.1765625
1 0.74375 0.3203125 0.34791666666666665 0.2515625
1 0.3416666666666667 0.30859375 0.36666666666666664 0.228125
1 0.5197916666666667 0.47578125 0.26666666666666666 0.203125
1 0.76875 0.53828125 0.3020833333333333 0.2359375
1 0.5666666666666667 0.6734375 0.3416666666666667 0.21875
1 0.8385416666666666 0.8609375 0.29791666666666666 0.278125
1 0.5822916666666667 0.88359375 0.33541666666666664 0.2328125
1 0.22916666666666666 0.89765625 0.375 0.2
1 0.23229166666666667 0.69609375 0.375 0.234375
1 0.24166666666666667 0.48984375 0.30416666666666664 0.2265625
1 0.2375 0.18828125 0.2604166666666667 0.115625