1 0.5958333333333333 0.10625 0.33958333333333335 0.1890625
1 0.35833333333333334 0.06875 0.225 0.1375
1 0.30833333333333335 0.2453125 0.32916666666666666 0.2078125
1 0.6166666666666667 0.3140625 0.2833333333333333 0.2390625
1 0.24375 0.4390625 0.2625 0.2171875
1 0.50625 0.5015625 0.28958333333333336 0.2328125
1 0.8958333333333334 0.2921875 0.20625 0.2234375
1 0.8416666666666667 0.534375 0.3104166666666667 0.2515625
1 0.15625 0.65 0.3125 0.2765625
1 0.425 0.7171875 0.3145833333333333 0.2734375
1 0.7354166666666667 0.765625 0.33958333333333335 0.3265625