0 0.25 0.42109375 0.275 0.2125
0 0.7666666666666667 0.4609375 0.2791666666666667 0.2125
0 0.7729166666666667 0.3078125 0.24375 0.1546875
0 0.5864583333333333 0.24609375 0.21041666666666667 0.1328125
0 0.9239583333333333 0.35703125 0.15208333333333332 0.1953125
1 0.8479166666666667 0.6 0.30416666666666664 0.284375
1 0.790625 0.85546875 0.3770833333333333 0.2890625
1 0.5041666666666667 0.3828125 0.26458333333333334 0.165625
1 0.35625 0.275 0.23333333333333334 0.13125
1 0.49270833333333336 0.17421875 0.17291666666666666 0.1265625
1 0.6583333333333333 0.14609375 0.15833333333333333 0.121875
1 0.85 0.178125 0.275 0.15