0 0.33958333333333335 0.2703125 0.36875 0.29375
0 0.6802083333333333 0.26640625 0.4041666666666667 0.2734375
0 0.6614583333333334 0.4859375 0.32708333333333334 0.2375
0 0.7864583333333334 0.678125 0.4270833333333333 0.375
0 0.43645833333333334 0.7609375 0.38333333333333336 0.3625
0 0.23229166666666667 0.4609375 0.38958333333333334 0.25625
0 0.146875 0.65703125 0.28958333333333336 0.2984375
0 0.7322916666666667 0.89296875 0.46875 0.2140625
0 0.8885416666666667 0.4078125 0.22291666666666668 0.23125
0 0.22291666666666668 0.07890625 0.2375 0.128125
1 0.43020833333333336 0.11875 0.23958333333333334 0.1609375
1 0.640625 0.12734375 0.24375 0.1609375
1 0.8395833333333333 0.07421875 0.175 0.1484375
1 0.8822916666666667 0.225 0.16041666666666668 0.184375
1 0.6114583333333333 0.05078125 0.23958333333333334 0.1015625
1 0.19270833333333334 0.17109375 0.19791666666666666 0.121875