0 0.3229166666666667 0.721875 0.38125 0.3171875
0 0.6208333333333333 0.6015625 0.31666666666666665 0.278125
0 0.8645833333333334 0.4453125 0.24583333333333332 0.2234375
0 0.43333333333333335 0.38125 0.2604166666666667 0.2515625
1 0.6395833333333333 0.321875 0.2125 0.1796875
1 0.8916666666666667 0.6546875 0.21458333333333332 0.209375
1 0.725 0.7859375 0.225 0.1359375
1 0.5958333333333333 0.9 0.38333333333333336 0.1984375
1 0.22916666666666666 0.9234375 0.3333333333333333 0.153125
1 0.08125 0.75625 0.1625 0.253125
1 0.04583333333333333 0.55 0.08958333333333333 0.16875
1 0.2604166666666667 0.5296875 0.27708333333333335 0.1625
1 0.17916666666666667 0.403125 0.2 0.1671875
1 0.0625 0.321875 0.12291666666666666 0.246875
1 0.21666666666666667 0.253125 0.21875 0.13125
1 0.3541666666666667 0.1875 0.1875 0.1109375
1 0.4666666666666667 0.1671875 0.0875 0.0796875
1 0.5791666666666667 0.1859375 0.11666666666666667 0.1046875
1 0.4166666666666667 0.0796875 0.07916666666666666 0.071875
1 0.51875 0.1046875 0.11458333333333333 0.0703125
1 0.725 0.109375 0.15 0.1015625
0 0.8270833333333333 0.2875 0.14375 0.1046875