0 0.7010416666666667 0.31796875 0.36666666666666664 0.253125
0 0.39895833333333336 0.3328125 0.3458333333333333 0.271875
0 0.28125 0.4828125 0.32916666666666666 0.2375
0 0.6760416666666667 0.521875 0.29583333333333334 0.2375
0 0.7729166666666667 0.72890625 0.45416666666666666 0.4328125
0 0.4479166666666667 0.765625 0.37083333333333335 0.3234375
0 0.171875 0.69140625 0.3145833333333333 0.278125
1 0.8916666666666667 0.45625 0.21666666666666667 0.2125
0 0.703125 0.91015625 0.42291666666666666 0.1796875
1 0.3333333333333333 0.90546875 0.37083333333333335 0.1890625
1 0.48333333333333334 0.58984375 0.21458333333333332 0.1734375
1 0.46770833333333334 0.1484375 0.20416666666666666 0.159375
1 0.6645833333333333 0.1671875 0.2375 0.16875
1 0.878125 0.25546875 0.17291666666666666 0.1890625
1 0.803125 0.03671875 0.17708333333333334 0.0734375
1 0.65 0.059375 0.23333333333333334 0.11875
1 0.4479166666666667 0.05546875 0.22083333333333333 0.1109375
1 0.271875 0.09375 0.2520833333333333 0.165625
1 0.26875 0.20546875 0.23541666666666666 0.13125
1 0.23229166666666667 0.32890625 0.15208333333333332 0.1453125