1 0.24166666666666667 0.1234375 0.42083333333333334 0.246875
1 0.6041666666666666 0.1640625 0.37916666666666665 0.328125
1 0.8739583333333333 0.21328125 0.2520833333333333 0.3390625
0 0.6895833333333333 0.45 0.4166666666666667 0.2546875
1 0.32083333333333336 0.3359375 0.475 0.325
1 0.115625 0.46640625 0.23125 0.2515625
1 0.37604166666666666 0.6140625 0.45208333333333334 0.3015625
1 0.7572916666666667 0.73203125 0.475 0.4171875
1 0.43854166666666666 0.8671875 0.5395833333333333 0.265625
1 0.11354166666666667 0.7421875 0.22708333333333333 0.403125
1 0.8072916666666666 0.95703125 0.28541666666666665 0.0859375