1 0.5614583333333333 0.1609375 0.35833333333333334 0.265625
1 0.8322916666666667 0.21484375 0.33541666666666664 0.2546875
1 0.8197916666666667 0.37890625 0.33125 0.234375
1 0.55 0.3515625 0.2916666666666667 0.221875
1 0.28020833333333334 0.309375 0.4666666666666667 0.2703125
1 0.4625 0.53984375 0.3729166666666667 0.2546875
1 0.7614583333333333 0.5609375 0.35208333333333336 0.2515625
1 0.690625 0.7765625 0.46458333333333335 0.325
1 0.3489583333333333 0.746875 0.41458333333333336 0.303125
1 0.6864583333333333 0.93828125 0.38125 0.1234375
1 0.36875 0.9140625 0.3625 0.171875
1 0.12604166666666666 0.84375 0.2520833333333333 0.234375
1 0.15416666666666667 0.6359375 0.30833333333333335 0.2625
1 0.20625 0.4734375 0.3020833333333333 0.1859375
1 0.23229166666666667 0.06875 0.24791666666666667 0.1375
1 0.17708333333333334 0.18125 0.22291666666666668 0.1875
1 0.078125 0.4875 0.15625 0.234375
1 0.9458333333333333 0.32265625 0.10833333333333334 0.2359375
1 0.9479166666666666 0.51484375 0.10416666666666667 0.1765625
1 0.9 0.721875 0.1625 0.275