1 0.665625 0.2015625 0.25416666666666665 0.1796875
1 0.7197916666666667 0.378125 0.2875 0.2234375
1 0.6979166666666666 0.590625 0.325 0.2
1 0.7229166666666667 0.8140625 0.3333333333333333 0.3140625
1 0.4510416666666667 0.71171875 0.24583333333333332 0.265625
1 0.25104166666666666 0.46171875 0.2708333333333333 0.2359375
1 0.27708333333333335 0.62421875 0.22708333333333333 0.14375
1 0.31875 0.82578125 0.21041666666666667 0.2
1 0.5479166666666667 0.9078125 0.2833333333333333 0.184375
1 0.128125 0.73828125 0.25625 0.1890625
1 0.03854166666666667 0.67890625 0.07708333333333334 0.1859375
1 0.10416666666666667 0.5796875 0.1625 0.1203125
1 0.09270833333333334 0.4296875 0.18541666666666667 0.209375
1 0.47604166666666664 0.353125 0.2604166666666667 0.1890625
1 0.259375 0.27890625 0.25833333333333336 0.1296875
1 0.4666666666666667 0.20546875 0.18541666666666667 0.146875
1 0.29375 0.13203125 0.27291666666666664 0.19375
1 0.12395833333333334 0.0984375 0.18958333333333333 0.1734375
1 0.09791666666666667 0.2484375 0.1625 0.146875
1 0.3 0.03671875 0.17916666666666667 0.0734375
1 0.44375 0.06796875 0.15833333333333333 0.1265625
1 0.625 0.07265625 0.21666666666666667 0.140625
1 0.8114583333333333 0.1375 0.16666666666666666 0.1515625