0 0.253125 0.19609375 0.23958333333333334 0.15
0 0.4552083333333333 0.190625 0.19791666666666666 0.1328125
1 0.5416666666666666 0.35 0.22291666666666668 0.14375
1 0.33541666666666664 0.3375 0.2625 0.165625
1 0.14791666666666667 0.42109375 0.22708333333333333 0.1296875
1 0.24895833333333334 0.51875 0.25625 0.1859375
1 0.434375 0.5828125 0.3229166666666667 0.240625
1 0.4708333333333333 0.44453125 0.225 0.14375
1 0.615625 0.54609375 0.21666666666666667 0.153125
1 0.803125 0.6421875 0.2833333333333333 0.19375
1 0.5645833333333333 0.73125 0.2833333333333333 0.221875
1 0.7697916666666667 0.80625 0.35208333333333336 0.296875
1 0.3375 0.75 0.3333333333333333 0.2234375
1 0.15104166666666666 0.66484375 0.29375 0.215625
1 0.078125 0.5515625 0.15625 0.221875
1 0.052083333333333336 0.75 0.10416666666666667 0.228125
1 0.12708333333333333 0.84765625 0.25416666666666665 0.2234375
1 0.5177083333333333 0.89921875 0.3770833333333333 0.2015625
1 0.7260416666666667 0.41484375 0.29791666666666666 0.225
1 0.8427083333333333 0.3546875 0.24583333333333332 0.18125
0 0.08333333333333333 0.34453125 0.13333333333333333 0.1484375