0 0.1875 0.7453125 0.3729166666666667 0.290625
0 0.09166666666666666 0.21875 0.18125 0.0984375
0 0.0875 0.340625 0.15625 0.2046875
0 0.4166666666666667 0.3546875 0.13958333333333334 0.0890625
1 0.27708333333333335 0.3859375 0.22708333333333333 0.159375
1 0.4041666666666667 0.446875 0.16458333333333333 0.0953125
1 0.3729166666666667 0.5296875 0.26875 0.103125
1 0.3770833333333333 0.6640625 0.23541666666666666 0.2125
1 0.5916666666666667 0.5875 0.2375 0.165625
1 0.6166666666666667 0.45 0.23958333333333334 0.10625
1 0.8395833333333333 0.5703125 0.25833333333333336 0.2140625
0 0.5708333333333333 0.3609375 0.17083333333333334 0.0953125
0 0.8 0.4078125 0.19166666666666668 0.1578125
0 0.85 0.271875 0.14791666666666667 0.0890625
0 0.7229166666666667 0.3109375 0.17708333333333334 0.1203125
1 0.42291666666666666 0.29375 0.15 0.0953125
1 0.6041666666666666 0.2859375 0.12083333333333333 0.09375
1 0.90625 0.340625 0.15 0.078125
1 0.9520833333333333 0.4390625 0.09583333333333334 0.121875
0 0.5979166666666667 0.8234375 0.2791666666666667 0.153125
1 0.44166666666666665 0.9078125 0.48333333333333334 0.184375