0 0.5041666666666667 0.2171875 0.2791666666666667 0.2484375
0 0.7791666666666667 0.240625 0.34375 0.2515625
0 0.3625 0.365625 0.26875 0.196875
0 0.68125 0.4296875 0.25833333333333336 0.1578125
0 0.65625 0.6125 0.4395833333333333 0.3203125
0 0.16666666666666666 0.490625 0.29583333333333334 0.165625
0 0.3229166666666667 0.609375 0.2520833333333333 0.253125
0 0.46458333333333335 0.853125 0.44166666666666665 0.29375
0 0.8395833333333333 0.8890625 0.32083333333333336 0.221875
1 0.90625 0.4265625 0.18541666666666667 0.190625
1 0.9083333333333333 0.6390625 0.18125 0.2625
1 0.5395833333333333 0.05625 0.175 0.1109375
1 0.6875 0.090625 0.20208333333333334 0.1140625
1 0.8875 0.13125 0.22291666666666668 0.140625
1 0.90625 0.0515625 0.18541666666666667 0.103125
1 0.1625 0.7796875 0.29791666666666666 0.26875