1 0.44166666666666665 0.36875 0.26458333333333334 0.1765625
1 0.690625 0.4875 0.29791666666666666 0.2109375
1 0.8666666666666667 0.584375 0.26666666666666666 0.2625
1 0.5197916666666667 0.6328125 0.3458333333333333 0.2609375
1 0.7135416666666666 0.71171875 0.26666666666666666 0.21875
1 0.884375 0.7953125 0.17083333333333334 0.19375
1 0.75625 0.89765625 0.2625 0.2046875
0 0.5177083333333333 0.8765625 0.35625 0.246875
1 0.3 0.6984375 0.19375 0.18125
1 0.3104166666666667 0.503125 0.2708333333333333 0.190625
1 0.12708333333333333 0.6015625 0.25416666666666665 0.234375
1 0.096875 0.48046875 0.19375 0.0765625
1 0.21458333333333332 0.4078125 0.175 0.1046875
1 0.10625 0.40703125 0.12916666666666668 0.075
1 0.14375 0.30625 0.18541666666666667 0.125
1 0.5625 0.309375 0.17083333333333334 0.1140625
1 0.71875 0.34375 0.25 0.159375
1 0.896875 0.409375 0.20625 0.165625
1 0.8864583333333333 0.278125 0.22708333333333333 0.165625
1 0.696875 0.234375 0.20208333333333334 0.1203125
1 0.653125 0.078125 0.20625 0.146875
1 0.5520833333333334 0.16640625 0.09583333333333334 0.0875
1 0.621875 0.19140625 0.13541666666666666 0.084375
1 0.5135416666666667 0.24921875 0.15833333333333333 0.0765625
1 0.4864583333333333 0.2 0.14166666666666666 0.06875
1 0.27395833333333336 0.3390625 0.125 0.065625