0 0.4875 0.6484375 0.32083333333333336 0.334375
0 0.49583333333333335 0.3640625 0.3770833333333333 0.2390625
0 0.3645833333333333 0.14375 0.3229166666666667 0.2140625
1 0.15 0.06875 0.23333333333333334 0.1359375
1 0.54375 0.0703125 0.28125 0.140625
1 0.8479166666666667 0.059375 0.3020833333333333 0.11875
1 0.8854166666666666 0.1890625 0.22916666666666666 0.2671875
1 0.8604166666666667 0.3828125 0.27708333333333335 0.1578125
1 0.70625 0.5203125 0.25416666666666665 0.1640625
1 0.90625 0.56875 0.1875 0.2515625
1 0.8020833333333334 0.7953125 0.39375 0.3359375
1 0.15625 0.5640625 0.3125 0.34375
1 0.14583333333333334 0.8 0.2875 0.1765625
1 0.14583333333333334 0.2859375 0.2875 0.26875