0 0.5333333333333333 0.60625 0.27708333333333335 0.2359375
0 0.23958333333333334 0.5078125 0.37083333333333335 0.2875
0 0.3854166666666667 0.3265625 0.3541666666666667 0.215625
0 0.175 0.115625 0.32708333333333334 0.23125
0 0.8979166666666667 0.2015625 0.15 0.165625
0 0.9291666666666667 0.3390625 0.14166666666666666 0.103125
0 0.8208333333333333 0.665625 0.2916666666666667 0.2171875
0 0.3104166666666667 0.784375 0.38333333333333336 0.2625
1 0.46875 0.1421875 0.27708333333333335 0.2109375
1 0.7125 0.1546875 0.2520833333333333 0.1796875
1 0.71875 0.3421875 0.2833333333333333 0.1796875
1 0.86875 0.475 0.2625 0.1921875
0 0.9229166666666667 0.334375 0.15208333333333332 0.0953125
0 0.5770833333333333 0.040625 0.25833333333333336 0.0796875
1 0.8833333333333333 0.0578125 0.23333333333333334 0.115625