0 0.1375 0.38671875 0.2708333333333333 0.2109375
0 0.2604166666666667 0.1796875 0.22083333333333333 0.1328125
0 0.46145833333333336 0.36015625 0.16875 0.115625
0 0.9104166666666667 0.3703125 0.17916666666666667 0.13125
0 0.83125 0.46640625 0.27708333333333335 0.1984375
0 0.5729166666666666 0.46171875 0.20833333333333334 0.1546875
1 0.6552083333333333 0.615625 0.3416666666666667 0.23125
1 0.375 0.4484375 0.23125 0.1984375
1 0.3072916666666667 0.2859375 0.2520833333333333 0.15625
1 0.12916666666666668 0.23359375 0.16875 0.128125
0 0.20520833333333333 0.06953125 0.20625 0.1390625
1 0.359375 0.059375 0.16875 0.11875
0 0.17604166666666668 0.55703125 0.27708333333333335 0.1859375
1 0.40625 0.6671875 0.33125 0.240625
1 0.165625 0.7578125 0.33125 0.28125
1 0.3333333333333333 0.87109375 0.44583333333333336 0.2578125
1 0.7447916666666666 0.32109375 0.1875 0.15
1 0.5885416666666666 0.29296875 0.17916666666666667 0.1296875
1 0.42083333333333334 0.25 0.15625 0.1203125
1 0.49166666666666664 0.12890625 0.13333333333333333 0.1
1 0.4479166666666667 0.0421875 0.10416666666666667 0.084375
0 0.590625 0.159375 0.11041666666666666 0.0609375
0 0.9447916666666667 0.20078125 0.11041666666666666 0.0859375
1 0.8333333333333334 0.17109375 0.13125 0.0703125
1 0.665625 0.1265625 0.125 0.0765625
1 0.68125 0.178125 0.10625 0.0625
1 0.7927083333333333 0.22578125 0.13958333333333334 0.0921875
1 0.9322916666666666 0.2328125 0.13541666666666666 0.08125
1 0.91875 0.2859375 0.15625 0.084375
1 0.6520833333333333 0.2328125 0.15208333333333332 0.096875
1 0.5489583333333333 0.2 0.10625 0.059375