0 0.5239583333333333 0.0890625 0.26875 0.178125
0 0.325 0.475 0.35208333333333336 0.25
0 0.5145833333333333 0.65546875 0.31875 0.2359375
0 0.6760416666666667 0.490625 0.28958333333333336 0.1609375
0 0.7895833333333333 0.88359375 0.36666666666666664 0.2328125
1 0.48541666666666666 0.87421875 0.3416666666666667 0.2515625
1 0.19479166666666667 0.6828125 0.35208333333333336 0.2578125
1 0.16770833333333332 0.884375 0.33541666666666664 0.215625
1 0.8114583333333333 0.65703125 0.37083333333333335 0.265625
1 0.24583333333333332 0.2203125 0.35208333333333336 0.3140625
1 0.65 0.28359375 0.375 0.2640625
1 0.8166666666666667 0.215625 0.24791666666666667 0.1859375
0 0.796875 0.08828125 0.3333333333333333 0.1640625
1 0.4479166666666667 0.20625 0.2625 0.2125