1 0.4114583333333333 0.53203125 0.3333333333333333 0.234375
1 0.6302083333333334 0.73125 0.39166666666666666 0.2703125
1 0.28020833333333334 0.7265625 0.3020833333333333 0.2671875
1 0.4125 0.90859375 0.37916666666666665 0.1828125
1 0.8010416666666667 0.91171875 0.38125 0.1734375
1 0.853125 0.55390625 0.29375 0.2984375
1 0.9083333333333333 0.33828125 0.17916666666666667 0.271875
1 0.65 0.39921875 0.3333333333333333 0.21875
1 0.609375 0.2078125 0.28958333333333336 0.15625
1 0.38645833333333335 0.353125 0.25833333333333336 0.15
1 0.3645833333333333 0.2234375 0.21458333333333332 0.1171875
1 0.5447916666666667 0.10078125 0.20833333333333334 0.1
0 0.19479166666666667 0.29765625 0.15416666666666667 0.0921875
1 0.06770833333333333 0.38515625 0.13541666666666666 0.1078125
1 0.20625 0.40390625 0.20416666666666666 0.13125
1 0.13645833333333332 0.559375 0.21875 0.1546875
1 0.11145833333333334 0.80859375 0.2125 0.26875