1 0.5854166666666667 0.12265625 0.175 0.10625
0 0.4635416666666667 0.11171875 0.11458333333333333 0.071875
0 0.55 0.30234375 0.1875 0.1328125
0 0.20416666666666666 0.15703125 0.20625 0.1453125
0 0.246875 0.084375 0.15416666666666667 0.1140625
1 0.6479166666666667 0.22421875 0.175 0.10625
1 0.7510416666666667 0.2 0.13333333333333333 0.1
0 0.7229166666666667 0.328125 0.18958333333333333 0.103125
0 0.4114583333333333 0.28828125 0.15833333333333333 0.1109375
1 0.3229166666666667 0.23984375 0.15833333333333333 0.1046875
1 0.14166666666666666 0.253125 0.2 0.11875
1 0.1625 0.340625 0.19375 0.0703125
1 0.22604166666666667 0.38828125 0.16041666666666668 0.084375
1 0.315625 0.45234375 0.25833333333333336 0.1421875
1 0.496875 0.44375 0.15416666666666667 0.13125
0 0.3125 0.33984375 0.11666666666666667 0.0765625
1 0.6729166666666667 0.50703125 0.22708333333333333 0.1453125
1 0.5083333333333333 0.5765625 0.25833333333333336 0.1546875
1 0.21979166666666666 0.55703125 0.2520833333333333 0.1265625
1 0.103125 0.47109375 0.20416666666666666 0.1234375
1 0.15104166666666666 0.709375 0.20833333333333334 0.16875
1 0.3614583333333333 0.7078125 0.21666666666666667 0.1765625
1 0.565625 0.71484375 0.2 0.1625
1 0.7083333333333334 0.65703125 0.21458333333333332 0.1421875
0 0.8416666666666667 0.584375 0.18333333333333332 0.1171875
1 0.4010416666666667 0.890625 0.27708333333333335 0.21875
1 0.18645833333333334 0.89296875 0.19375 0.1703125
1 0.809375 0.45234375 0.20208333333333334 0.15625
1 0.8666666666666667 0.4 0.2 0.1078125
1 0.890625 0.35078125 0.16875 0.0953125
1 0.8260416666666667 0.2859375 0.15208333333333332 0.0953125
1 0.41770833333333335 0.16640625 0.13958333333333334 0.078125
1 0.48541666666666666 0.21875 0.15208333333333332 0.1015625
1 0.058333333333333334 0.18671875 0.11666666666666667 0.1171875
0 0.07395833333333333 0.1203125 0.14791666666666667 0.08125
1 0.6208333333333333 0.409375 0.17916666666666667 0.0890625