0 0.48020833333333335 0.40234375 0.26666666666666666 0.203125
0 0.56875 0.296875 0.24375 0.171875
0 0.890625 0.39453125 0.21875 0.1859375
0 0.840625 0.634375 0.26458333333333334 0.1953125
0 0.6302083333333334 0.79375 0.3458333333333333 0.2640625
0 0.71875 0.2296875 0.11666666666666667 0.059375
1 0.85625 0.2421875 0.17708333333333334 0.1171875
1 0.7635416666666667 0.3203125 0.19583333333333333 0.1453125
1 0.7666666666666667 0.46875 0.3 0.2171875
1 0.60625 0.6078125 0.3229166666666667 0.2015625
1 0.359375 0.859375 0.40625 0.28125
1 0.20104166666666667 0.68203125 0.35833333333333334 0.2640625
1 0.353125 0.52265625 0.2625 0.2171875
1 0.11979166666666667 0.53359375 0.23958333333333334 0.1953125
1 0.03854166666666667 0.70859375 0.07708333333333334 0.2328125
1 0.20104166666666667 0.4265625 0.27291666666666664 0.184375
1 0.2916666666666667 0.3421875 0.19375 0.1125
1 0.434375 0.28828125 0.125 0.109375
1 0.4479166666666667 0.209375 0.125 0.0984375
1 0.596875 0.19453125 0.16041666666666668 0.0875
1 0.7677083333333333 0.19453125 0.10625 0.0671875
1 0.9447916666666667 0.54140625 0.11041666666666666 0.1484375