1 0.5947916666666667 0.3125 0.3333333333333333 0.225
1 0.8447916666666667 0.40859375 0.3104166666666667 0.2796875
1 0.8072916666666666 0.6765625 0.38125 0.30625
1 0.6197916666666666 0.515625 0.2916666666666667 0.2046875
1 0.4041666666666667 0.63984375 0.43125 0.296875
1 0.390625 0.45625 0.225 0.1359375
1 0.11770833333333333 0.5421875 0.23541666666666666 0.303125
1 0.278125 0.29921875 0.29791666666666666 0.1875
1 0.22604166666666667 0.1796875 0.17291666666666666 0.1234375
1 0.5947916666666667 0.18125 0.25 0.1015625
1 0.86875 0.240625 0.2125 0.128125
1 0.48854166666666665 0.13203125 0.17708333333333334 0.1203125
1 0.3260416666666667 0.14609375 0.15625 0.0953125