0 0.14895833333333333 0.5234375 0.29791666666666666 0.2125
0 0.6364583333333333 0.68203125 0.43125 0.29375
1 0.5510416666666667 0.87109375 0.39375 0.2578125
1 0.3489583333333333 0.72578125 0.36875 0.26875
1 0.13958333333333334 0.72734375 0.2791666666666667 0.2578125
1 0.38645833333333335 0.48984375 0.3625 0.259375
1 0.6 0.36640625 0.33125 0.26875
1 0.803125 0.534375 0.36041666666666666 0.2671875
1 0.8708333333333333 0.34609375 0.25833333333333336 0.3109375
1 0.15208333333333332 0.34765625 0.2875 0.2296875
1 0.1875 0.1625 0.28541666666666665 0.2484375
1 0.40520833333333334 0.2390625 0.3729166666666667 0.2875
1 0.44479166666666664 0.07890625 0.33541666666666664 0.1578125
1 0.7239583333333334 0.17734375 0.4 0.275
1 0.7166666666666667 0.04453125 0.2833333333333333 0.08125