0 0.40208333333333335 0.396875 0.33541666666666664 0.2546875
0 0.69375 0.225 0.31666666666666665 0.228125
0 0.403125 0.20703125 0.31875 0.2203125
0 0.68125 0.43671875 0.26666666666666666 0.246875
0 0.446875 0.60390625 0.35625 0.225
0 0.7145833333333333 0.77890625 0.3875 0.3421875
0 0.15416666666666667 0.5421875 0.30833333333333335 0.228125
0 0.8770833333333333 0.346875 0.22916666666666666 0.171875
1 0.8739583333333333 0.52890625 0.2520833333333333 0.2203125
0 0.915625 0.77890625 0.16875 0.2828125
1 0.328125 0.81875 0.3375 0.278125
0 0.28229166666666666 0.0640625 0.20416666666666666 0.115625
1 0.4583333333333333 0.10625 0.18958333333333333 0.121875
1 0.634375 0.0546875 0.21041666666666667 0.109375
1 0.8697916666666666 0.0765625 0.17708333333333334 0.153125
1 0.78125 0.02421875 0.15833333333333333 0.0484375
1 0.45 0.0421875 0.19166666666666668 0.084375
1 0.6447916666666667 0.1140625 0.20833333333333334 0.0984375
1 0.871875 0.20546875 0.17708333333333334 0.1546875