0 0.434375 0.3796875 0.41875 0.30625
0 0.5322916666666667 0.73125 0.48333333333333334 0.4015625
1 0.7614583333333333 0.57109375 0.47708333333333336 0.3546875
1 0.19375 0.5546875 0.3875 0.2875
1 0.16041666666666668 0.79453125 0.32083333333333336 0.2828125
1 0.7354166666666667 0.87421875 0.35833333333333334 0.2515625
1 0.7270833333333333 0.34140625 0.2916666666666667 0.2265625
1 0.89375 0.3921875 0.2125 0.296875
1 0.909375 0.19765625 0.18125 0.2765625
1 0.640625 0.109375 0.35208333333333336 0.21875
1 0.21875 0.2296875 0.2604166666666667 0.165625
1 0.4708333333333333 0.22578125 0.325 0.1890625
1 0.2864583333333333 0.09609375 0.24583333333333332 0.1640625
1 0.2708333333333333 0.0203125 0.225 0.040625
1 0.4427083333333333 0.0703125 0.15625 0.140625
1 0.8072916666666666 0.16328125 0.125 0.1546875
1 0.9125 0.10078125 0.175 0.1046875