1 0.5208333333333334 0.61640625 0.2875 0.2109375
1 0.734375 0.60234375 0.27708333333333335 0.2265625
1 0.8979166666666667 0.6 0.20416666666666666 0.24375
1 0.834375 0.80078125 0.33125 0.3296875
0 0.8604166666666667 0.42890625 0.2791666666666667 0.1984375
1 0.65 0.375 0.22916666666666666 0.1640625
1 0.8447916666666667 0.30078125 0.23125 0.134375
1 0.49583333333333335 0.79765625 0.26875 0.21875
1 0.6770833333333334 0.8109375 0.21666666666666667 0.209375
1 0.22083333333333333 0.58046875 0.23125 0.1578125
1 0.31875 0.696875 0.24583333333333332 0.1703125
1 0.3770833333333333 0.546875 0.17916666666666667 0.115625
1 0.3885416666666667 0.44375 0.23125 0.175
1 0.246875 0.4828125 0.15 0.09375
1 0.5125 0.36640625 0.17708333333333334 0.159375
1 0.3729166666666667 0.34375 0.18333333333333332 0.125
1 0.409375 0.2625 0.13333333333333333 0.1015625
1 0.45416666666666666 0.1484375 0.20416666666666666 0.159375
1 0.5354166666666667 0.2546875 0.17291666666666666 0.1265625
1 0.6895833333333333 0.24609375 0.22291666666666668 0.15
1 0.85 0.20078125 0.16041666666666668 0.10625
1 0.559375 0.0390625 0.22708333333333333 0.078125
1 0.7552083333333334 0.03046875 0.22291666666666668 0.0609375