0 0.328125 0.65625 0.475 0.3375
0 0.16145833333333334 0.346875 0.3229166666666667 0.28125
1 0.4791666666666667 0.475 0.4041666666666667 0.2828125
1 0.8229166666666666 0.52578125 0.3541666666666667 0.3734375
1 0.7114583333333333 0.7890625 0.46458333333333335 0.3765625
1 0.078125 0.65390625 0.15 0.24375
1 0.6427083333333333 0.26953125 0.30625 0.2578125
1 0.37395833333333334 0.30546875 0.2520833333333333 0.1828125
1 0.49583333333333335 0.11484375 0.325 0.1859375
1 0.14895833333333333 0.13046875 0.29791666666666666 0.2265625
1 0.27395833333333336 0.0578125 0.16875 0.0953125
1 0.31145833333333334 0.16640625 0.1375 0.128125
1 0.4427083333333333 0.04609375 0.23958333333333334 0.0921875
1 0.25416666666666665 0.8453125 0.4166666666666667 0.271875
1 0.14166666666666666 0.89765625 0.19166666666666668 0.2046875