0 0.2791666666666667 0.2765625 0.2833333333333333 0.259375
0 0.5479166666666667 0.2625 0.28125 0.196875
0 0.5875 0.4375 0.28958333333333336 0.1390625
0 0.79375 0.5421875 0.41041666666666665 0.215625
0 0.79375 0.81875 0.35208333333333336 0.31875
0 0.4625 0.6828125 0.3145833333333333 0.259375
0 0.1375 0.659375 0.27291666666666664 0.2484375
0 0.15833333333333333 0.45625 0.3 0.2046875
1 0.39791666666666664 0.5328125 0.2 0.1203125
1 0.39375 0.409375 0.15625 0.0828125
1 0.7625 0.353125 0.19583333333333333 0.14375
1 0.8895833333333333 0.203125 0.20625 0.16875
1 0.94375 0.35 0.11041666666666666 0.159375
1 0.3770833333333333 0.8875 0.36666666666666664 0.225
1 0.9458333333333333 0.759375 0.10833333333333334 0.2328125
1 0.7458333333333333 0.0859375 0.26666666666666666 0.171875
1 0.54375 0.046875 0.17916666666666667 0.0921875
1 0.39791666666666664 0.08125 0.19791666666666666 0.103125
0 0.5833333333333334 0.125 0.1125 0.1109375
1 0.24375 0.1453125 0.17083333333333334 0.071875
1 0.075 0.221875 0.14791666666666667 0.1203125
1 0.08333333333333333 0.3265625 0.16458333333333333 0.1046875
1 0.21458333333333332 0.071875 0.21458333333333332 0.0921875
1 0.07291666666666667 0.103125 0.14583333333333334 0.1234375
1 0.20208333333333334 0.021875 0.19583333333333333 0.04375