1 0.24375 0.1671875 0.21041666666666667 0.1421875
1 0.528125 0.2140625 0.3104166666666667 0.225
1 0.7854166666666667 0.13984375 0.2916666666666667 0.2375
1 0.7104166666666667 0.31171875 0.2833333333333333 0.21875
1 0.86875 0.41875 0.2604166666666667 0.15625
1 0.8354166666666667 0.56875 0.32916666666666666 0.265625
1 0.6239583333333333 0.47890625 0.21666666666666667 0.1953125
1 0.6375 0.66796875 0.275 0.209375
1 0.8708333333333333 0.76171875 0.25833333333333336 0.2078125
1 0.4322916666666667 0.60546875 0.27708333333333335 0.16875
1 0.36041666666666666 0.75859375 0.30833333333333335 0.2390625
0 0.43020833333333336 0.44921875 0.2875 0.2109375
1 0.39791666666666664 0.3484375 0.24375 0.134375
1 0.25 0.5125 0.24166666666666667 0.1796875
1 0.171875 0.65 0.2833333333333333 0.1453125
1 0.09375 0.5515625 0.1875 0.146875
1 0.04583333333333333 0.4671875 0.09166666666666666 0.096875
1 0.06666666666666667 0.38984375 0.13333333333333333 0.1546875
1 0.17395833333333333 0.3796875 0.23541666666666666 0.146875
1 0.13645833333333332 0.26875 0.16875 0.115625
1 0.2875 0.26875 0.23333333333333334 0.1453125