0 0.41875 0.359375 0.43125 0.2765625
1 0.60625 0.6546875 0.42291666666666666 0.290625
1 0.2916666666666667 0.7609375 0.3729166666666667 0.2109375
1 0.3416666666666667 0.9078125 0.5208333333333334 0.178125
1 0.83125 0.878125 0.3375 0.2421875
1 0.8479166666666667 0.60625 0.23125 0.2015625
1 0.7104166666666667 0.3734375 0.26666666666666666 0.25
1 0.575 0.128125 0.2916666666666667 0.228125
1 0.2708333333333333 0.121875 0.3333333333333333 0.165625
1 0.1125 0.290625 0.21875 0.23125
1 0.052083333333333336 0.09375 0.10416666666666667 0.1484375
1 0.16875 0.51875 0.33541666666666664 0.2625
1 0.7895833333333333 0.1078125 0.19583333333333333 0.153125
1 0.9166666666666666 0.1203125 0.16666666666666666 0.184375
1 0.95 0.265625 0.09791666666666667 0.14375
1 0.8458333333333333 0.384375 0.16875 0.16875