1 0.375 0.790625 0.4354166666666667 0.3140625
1 0.6854166666666667 0.790625 0.28125 0.28125
1 0.8645833333333334 0.6203125 0.26875 0.2046875
1 0.9479166666666666 0.434375 0.10208333333333333 0.1546875
1 0.9479166666666666 0.284375 0.10208333333333333 0.1578125
1 0.7895833333333333 0.234375 0.17291666666666666 0.196875
1 0.76875 0.434375 0.26875 0.19375
1 0.49583333333333335 0.478125 0.3020833333333333 0.165625
1 0.2833333333333333 0.5859375 0.30625 0.1578125
1 0.19375 0.4328125 0.26458333333333334 0.159375
1 0.32916666666666666 0.3078125 0.25416666666666665 0.2
1 0.58125 0.278125 0.25625 0.1796875
1 0.61875 0.0921875 0.25833333333333336 0.184375
1 0.8583333333333333 0.0671875 0.21666666666666667 0.115625
1 0.9395833333333333 0.140625 0.11875 0.084375
1 0.23541666666666666 0.1953125 0.24375 0.125
1 0.11041666666666666 0.109375 0.21875 0.2140625
1 0.041666666666666664 0.39375 0.08125 0.1203125
1 0.06666666666666667 0.546875 0.13125 0.1984375
1 0.09583333333333334 0.7453125 0.18541666666666667 0.196875
1 0.9354166666666667 0.8171875 0.12916666666666668 0.228125