0 0.19895833333333332 0.87421875 0.30416666666666664 0.2515625
0 0.17291666666666666 0.653125 0.3229166666666667 0.215625
0 0.39166666666666666 0.46953125 0.28541666666666665 0.1828125
1 0.503125 0.6546875 0.34791666666666665 0.2578125
1 0.828125 0.65859375 0.30833333333333335 0.2484375
1 0.5072916666666667 0.878125 0.32708333333333334 0.24375
1 0.8229166666666666 0.8640625 0.3541666666666667 0.25
1 0.6625 0.44375 0.27291666666666664 0.2234375
1 0.8895833333333333 0.4453125 0.22083333333333333 0.215625
1 0.865625 0.259375 0.24166666666666667 0.2453125
1 0.5958333333333333 0.31953125 0.25625 0.146875
1 0.35104166666666664 0.3375 0.26458333333333334 0.1515625
1 0.4583333333333333 0.175 0.28958333333333336 0.2171875
1 0.7270833333333333 0.16953125 0.22708333333333333 0.1828125
0 0.8395833333333333 0.06171875 0.18125 0.121875
1 0.6583333333333333 0.08203125 0.18541666666666667 0.1125
0 0.4479166666666667 0.04453125 0.23333333333333334 0.0890625
1 0.33541666666666664 0.0609375 0.13333333333333333 0.109375
1 0.5885416666666666 0.03125 0.08541666666666667 0.0625
1 0.846875 0.0109375 0.19375 0.021875