0 0.6666666666666666 0.259375 0.33541666666666664 0.2140625
0 0.5708333333333333 0.628125 0.42291666666666666 0.3265625
0 0.40625 0.8609375 0.4166666666666667 0.278125
0 0.24375 0.615625 0.3020833333333333 0.25
0 0.11041666666666666 0.4875 0.21875 0.203125
0 0.25625 0.371875 0.25833333333333336 0.2046875
0 0.4166666666666667 0.221875 0.2833333333333333 0.2484375
0 0.5708333333333333 0.421875 0.27291666666666664 0.153125
0 0.8645833333333334 0.4328125 0.2708333333333333 0.18125
1 0.84375 0.6390625 0.23958333333333334 0.271875
1 0.7604166666666666 0.890625 0.34375 0.21875
1 0.11458333333333333 0.7890625 0.22708333333333333 0.271875
0 0.42291666666666666 0.059375 0.16875 0.11875
1 0.5708333333333333 0.09375 0.19375 0.1328125
1 0.7625 0.1265625 0.2 0.1421875
1 0.9020833333333333 0.2546875 0.19375 0.1859375
1 0.80625 0.05625 0.20833333333333334 0.1109375