0 0.45729166666666665 0.6078125 0.3416666666666667 0.19375
0 0.9291666666666667 0.59921875 0.14166666666666666 0.2046875
1 0.8260416666666667 0.740625 0.31875 0.25625
1 0.5489583333333333 0.815625 0.3104166666666667 0.2671875
1 0.25416666666666665 0.77421875 0.29375 0.2453125
1 0.303125 0.43125 0.37916666666666665 0.21875
1 0.33645833333333336 0.24375 0.28541666666666665 0.2421875
1 0.5854166666666667 0.25546875 0.32916666666666666 0.290625
1 0.8479166666666667 0.3203125 0.29583333333333334 0.284375
1 0.7052083333333333 0.50625 0.33958333333333335 0.2328125
1 0.959375 0.85703125 0.08125 0.2234375
1 0.8427083333333333 0.1203125 0.275 0.221875
1 0.5364583333333334 0.0765625 0.33958333333333335 0.153125