0 0.38958333333333334 0.2546875 0.31875 0.259375
0 0.7270833333333333 0.290625 0.36041666666666666 0.234375
0 0.6625 0.5046875 0.2875 0.20625
0 0.78125 0.7140625 0.4354166666666667 0.328125
0 0.38333333333333336 0.75 0.31875 0.3296875
0 0.24375 0.4296875 0.34791666666666665 0.21875
0 0.11875 0.6140625 0.23541666666666666 0.2734375
0 0.6479166666666667 0.9171875 0.4395833333333333 0.165625
0 0.90625 0.4546875 0.1875 0.2125
0 0.3145833333333333 0.0515625 0.21875 0.103125
1 0.5104166666666666 0.115625 0.2125 0.1375
1 0.7166666666666667 0.1484375 0.21875 0.1375
1 0.9291666666666667 0.1015625 0.14166666666666666 0.171875
1 0.9354166666666667 0.2734375 0.12708333333333333 0.171875
1 0.7083333333333334 0.0546875 0.22083333333333333 0.1078125
1 0.26458333333333334 0.1390625 0.17916666666666667 0.1015625