0 0.7666666666666667 0.77734375 0.4666666666666667 0.3328125
0 0.19583333333333333 0.86015625 0.35833333333333334 0.2796875
0 0.21145833333333333 0.496875 0.2708333333333333 0.1546875
0 0.1375 0.3859375 0.10833333333333334 0.1015625
1 0.18958333333333333 0.30390625 0.19791666666666666 0.15625
1 0.5708333333333333 0.415625 0.325 0.2125
1 0.33125 0.65234375 0.35625 0.2625
1 0.7645833333333333 0.52734375 0.22708333333333333 0.1921875
1 0.578125 0.596875 0.21041666666666667 0.1546875
1 0.93125 0.4359375 0.1375 0.23125
1 0.9479166666666666 0.65 0.10416666666666667 0.240625
0 0.509375 0.8453125 0.26875 0.23125
1 0.06041666666666667 0.4171875 0.12083333333333333 0.23125
1 0.075 0.625 0.14583333333333334 0.1828125
1 0.340625 0.3734375 0.16875 0.15625
1 0.5166666666666667 0.26328125 0.20625 0.115625
1 0.7604166666666666 0.31640625 0.31875 0.2125
1 0.8697916666666666 0.1265625 0.22291666666666668 0.253125
1 0.5927083333333333 0.11796875 0.22291666666666668 0.178125
1 0.3177083333333333 0.18828125 0.25 0.171875
1 0.18958333333333333 0.11640625 0.19583333333333333 0.11875
0 0.103125 0.22421875 0.13541666666666666 0.0921875
0 0.40208333333333335 0.07109375 0.23333333333333334 0.1421875