1 0.6927083333333334 0.41015625 0.44583333333333336 0.31875
1 0.65625 0.7625 0.6291666666666667 0.475
1 0.321875 0.45625 0.45416666666666666 0.3484375
1 0.275 0.7609375 0.31875 0.2765625
1 0.08333333333333333 0.509375 0.16666666666666666 0.340625
1 0.08020833333333334 0.809375 0.16041666666666668 0.340625
1 0.9041666666666667 0.33203125 0.19166666666666668 0.3421875
1 0.371875 0.21171875 0.34791666666666665 0.2234375
1 0.7114583333333333 0.13671875 0.3875 0.2578125
1 0.4375 0.05546875 0.30833333333333335 0.1109375
1 0.16458333333333333 0.11015625 0.2791666666666667 0.2203125