1 0.10208333333333333 0.1328125 0.20208333333333334 0.171875
1 0.3 0.11875 0.24375 0.16875
1 0.5 0.15 0.19166666666666668 0.1609375
1 0.6958333333333333 0.10625 0.2125 0.1734375
1 0.8541666666666666 0.2703125 0.27708333333333335 0.2140625
1 0.5770833333333333 0.29375 0.25416666666666665 0.1546875
1 0.3375 0.278125 0.23958333333333334 0.1515625
1 0.125 0.2921875 0.25 0.1515625
1 0.07291666666666667 0.45 0.14166666666666666 0.1859375
1 0.2625 0.4515625 0.26458333333333334 0.2
1 0.5083333333333333 0.421875 0.2833333333333333 0.2265625
1 0.89375 0.434375 0.2125 0.184375
1 0.8145833333333333 0.596875 0.3104166666666667 0.2328125
1 0.54375 0.578125 0.25 0.171875
1 0.35 0.5953125 0.19583333333333333 0.1359375
1 0.1375 0.590625 0.21041666666666667 0.125
1 0.06458333333333334 0.7296875 0.12708333333333333 0.175
1 0.25416666666666665 0.759375 0.25 0.2140625
1 0.475 0.7375 0.21458333333333332 0.1921875
1 0.7083333333333334 0.7421875 0.26666666666666666 0.2
1 0.9291666666666667 0.75625 0.14166666666666666 0.2078125