0 0.6979166666666666 0.546875 0.30833333333333335 0.184375
0 0.8395833333333333 0.896875 0.28541666666666665 0.20625
0 0.6645833333333333 0.39375 0.2520833333333333 0.1203125
1 0.42083333333333334 0.6140625 0.2875 0.184375
1 0.58125 0.7859375 0.32916666666666666 0.203125
1 0.5895833333333333 0.94375 0.2708333333333333 0.1125
1 0.3125 0.925 0.29791666666666666 0.1484375
1 0.10208333333333333 0.9328125 0.20208333333333334 0.1328125
1 0.35208333333333336 0.39375 0.29583333333333334 0.2015625
1 0.15833333333333333 0.5515625 0.2708333333333333 0.2265625
1 0.5416666666666666 0.3171875 0.17083333333333334 0.096875
1 0.7375 0.2859375 0.1875 0.1109375
1 0.5708333333333333 0.2578125 0.19375 0.0703125