0 0.4583333333333333 0.63515625 0.41041666666666665 0.3078125
0 0.4979166666666667 0.33671875 0.2375 0.175
0 0.29791666666666666 0.33984375 0.25416666666666665 0.1875
1 0.12708333333333333 0.09921875 0.19375 0.128125
1 0.31875 0.08671875 0.23958333333333334 0.1484375
1 0.5177083333333333 0.08515625 0.23125 0.1703125
1 0.7239583333333334 0.0796875 0.2520833333333333 0.159375
1 0.11145833333333334 0.21875 0.22291666666666668 0.1625
1 0.303125 0.1984375 0.21666666666666667 0.1359375
0 0.5104166666666666 0.19765625 0.24583333333333332 0.1578125
1 0.7458333333333333 0.20390625 0.2708333333333333 0.1671875
1 0.7479166666666667 0.3390625 0.31875 0.2125
1 0.10416666666666667 0.3484375 0.20833333333333334 0.18125
1 0.26145833333333335 0.4859375 0.25 0.15625
0 0.53125 0.48359375 0.2833333333333333 0.153125
1 0.8020833333333334 0.5609375 0.3958333333333333 0.3125
1 0.15416666666666667 0.66015625 0.30833333333333335 0.3578125
1 0.14791666666666667 0.89921875 0.2125 0.2015625
1 0.41354166666666664 0.8875 0.42291666666666666 0.225
1 0.7802083333333333 0.840625 0.4395833333333333 0.30625