0 0.5052083333333334 0.2859375 0.46041666666666664 0.3421875
1 0.12604166666666666 0.1671875 0.24166666666666667 0.2140625
1 0.140625 0.353125 0.27708333333333335 0.1796875
1 0.14166666666666666 0.584375 0.2833333333333333 0.25625
1 0.37083333333333335 0.484375 0.31875 0.1828125
1 0.73125 0.5046875 0.35625 0.2515625
1 0.41770833333333335 0.70703125 0.3229166666666667 0.2734375
1 0.7583333333333333 0.7515625 0.38333333333333336 0.28125
1 0.15729166666666666 0.85078125 0.3145833333333333 0.2734375
1 0.5145833333333333 0.915625 0.4625 0.16875
1 0.846875 0.9125 0.28958333333333336 0.175
1 0.9447916666666667 0.7078125 0.10416666666666667 0.2421875
1 0.9479166666666666 0.471875 0.10416666666666667 0.20625
1 0.7552083333333334 0.290625 0.17083333333333334 0.2171875
1 0.56875 0.08828125 0.3416666666666667 0.1765625
1 0.8697916666666666 0.09375 0.2604166666666667 0.18125
1 0.9145833333333333 0.271875 0.17083333333333334 0.215625