0 0.64375 0.4953125 0.35208333333333336 0.209375
0 0.13333333333333333 0.5359375 0.26666666666666666 0.1953125
1 0.32916666666666666 0.425 0.36041666666666666 0.2359375
1 0.42291666666666666 0.6359375 0.3104166666666667 0.2328125
1 0.7270833333333333 0.7234375 0.35833333333333334 0.2984375
1 0.19375 0.728125 0.325 0.2421875
1 0.1625 0.15 0.31666666666666665 0.2609375
1 0.4625 0.2296875 0.3145833333333333 0.2265625
1 0.7229166666666667 0.3109375 0.29583333333333334 0.2171875
1 0.7375 0.1234375 0.33958333333333335 0.246875
1 0.4354166666666667 0.0640625 0.2833333333333333 0.1265625