0 0.446875 0.31640625 0.38125 0.2875
0 0.4583333333333333 0.51640625 0.33125 0.2140625
0 0.3958333333333333 0.69765625 0.32708333333333334 0.2625
0 0.10104166666666667 0.65859375 0.20208333333333334 0.4453125
1 0.17708333333333334 0.59140625 0.3541666666666667 0.3046875
1 0.20520833333333333 0.4046875 0.32708333333333334 0.221875
1 0.6260416666666667 0.23203125 0.2875 0.2359375
1 0.70625 0.1453125 0.25 0.1546875
1 0.434375 0.1234375 0.25625 0.178125
1 0.28020833333333334 0.07734375 0.17708333333333334 0.1421875
1 0.21770833333333334 0.175 0.24791666666666667 0.146875
1 0.11354166666666667 0.28125 0.15833333333333333 0.18125
1 0.24479166666666666 0.859375 0.39166666666666666 0.2640625
1 0.12395833333333334 0.871875 0.24791666666666667 0.178125
1 0.25 0.25859375 0.17291666666666666 0.1328125