0 0.3541666666666667 0.6765625 0.32916666666666666 0.284375
0 0.5020833333333333 0.475 0.33541666666666664 0.234375
0 0.671875 0.778125 0.3854166666666667 0.31875
0 0.3854166666666667 0.90234375 0.36666666666666664 0.1953125
0 0.296875 0.315625 0.2916666666666667 0.225
0 0.8552083333333333 0.2625 0.2708333333333333 0.2296875
0 0.7083333333333334 0.10078125 0.31666666666666665 0.175
1 0.36041666666666666 0.1390625 0.36041666666666666 0.2046875
1 0.5854166666666667 0.28828125 0.32916666666666666 0.2203125
0 0.8770833333333333 0.47421875 0.24583333333333332 0.2296875
0 0.9364583333333333 0.84765625 0.12708333333333333 0.2703125