1 0.24479166666666666 0.4328125 0.40208333333333335 0.315625
1 0.44375 0.50078125 0.18541666666666667 0.1734375
1 0.6479166666666667 0.47421875 0.38958333333333334 0.2765625
1 0.7260416666666667 0.71171875 0.5020833333333333 0.3765625
1 0.553125 0.88515625 0.5729166666666666 0.2296875
1 0.8 0.94375 0.15416666666666667 0.1125
0 0.175 0.80390625 0.35 0.3328125
1 0.43020833333333336 0.68515625 0.3333333333333333 0.2703125
1 0.159375 0.603125 0.31875 0.2
1 0.017708333333333333 0.653125 0.035416666666666666 0.15
1 0.035416666666666666 0.49140625 0.07083333333333333 0.1609375
1 0.19895833333333332 0.2296875 0.2916666666666667 0.2203125
1 0.384375 0.2078125 0.2125 0.14375
1 0.559375 0.21640625 0.225 0.175
1 0.6604166666666667 0.22578125 0.2375 0.20625
1 0.4010416666666667 0.33828125 0.22708333333333333 0.1640625
1 0.5989583333333334 0.3703125 0.26875 0.1859375