1 0.8 0.44765625 0.26666666666666666 0.2015625
1 0.6270833333333333 0.51796875 0.2125 0.1234375
1 0.5895833333333333 0.4296875 0.19791666666666666 0.13125
1 0.4270833333333333 0.44765625 0.19166666666666668 0.14375
1 0.28854166666666664 0.46796875 0.15 0.1078125
1 0.21979166666666666 0.5546875 0.175 0.13125
1 0.35833333333333334 0.56875 0.20833333333333334 0.1375
1 0.49583333333333335 0.64296875 0.26875 0.234375
1 0.7239583333333334 0.684375 0.2833333333333333 0.1984375
0 0.684375 0.878125 0.36875 0.24375
1 0.41458333333333336 0.8890625 0.275 0.221875
1 0.31979166666666664 0.73046875 0.2375 0.209375
0 0.19166666666666668 0.66640625 0.18333333333333332 0.1609375
1 0.14375 0.83125 0.2875 0.234375