1 0.5395833333333333 0.209375 0.4375 0.309375
1 0.81875 0.3234375 0.3625 0.2796875
1 0.5604166666666667 0.50234375 0.33958333333333335 0.2546875
1 0.8458333333333333 0.55078125 0.30833333333333335 0.2765625
1 0.790625 0.80078125 0.3729166666666667 0.3546875
1 0.4739583333333333 0.75078125 0.38125 0.3265625
1 0.18229166666666666 0.63125 0.3645833333333333 0.2796875
1 0.303125 0.409375 0.39791666666666664 0.309375
1 0.23229166666666667 0.234375 0.24375 0.165625
1 0.08854166666666667 0.36953125 0.1625 0.1640625
1 0.37083333333333335 0.08359375 0.3458333333333333 0.1671875
1 0.85625 0.1109375 0.2875 0.184375
1 0.9239583333333333 0.26640625 0.15208333333333332 0.2578125