0 0.471875 0.43671875 0.3104166666666667 0.2421875
0 0.8520833333333333 0.50078125 0.29583333333333334 0.2578125
0 0.7291666666666666 0.6875 0.475 0.3875
1 0.3802083333333333 0.640625 0.36666666666666664 0.2609375
1 0.415625 0.846875 0.47708333333333336 0.30625
1 0.9322916666666666 0.7515625 0.13541666666666666 0.28125
1 0.153125 0.8421875 0.23125 0.315625
1 0.16458333333333333 0.52109375 0.32916666666666666 0.2484375
1 0.2375 0.33671875 0.30416666666666664 0.221875
1 0.4625 0.253125 0.25833333333333336 0.184375
1 0.665625 0.36484375 0.2625 0.228125
1 0.19895833333333332 0.21328125 0.23125 0.140625
1 0.06041666666666667 0.315625 0.12083333333333333 0.184375