1 0.684375 0.8234375 0.4270833333333333 0.3125
1 0.4010416666666667 0.753125 0.36875 0.29375
1 0.15729166666666666 0.72578125 0.3145833333333333 0.3296875
1 0.08645833333333333 0.5390625 0.17291666666666666 0.221875
1 0.28854166666666664 0.54140625 0.31666666666666665 0.215625
1 0.5822916666666667 0.584375 0.38333333333333336 0.2390625
1 0.7364583333333333 0.4796875 0.33125 0.2359375
1 0.484375 0.42265625 0.29583333333333334 0.2015625
1 0.178125 0.36875 0.33958333333333335 0.2359375
1 0.3541666666666667 0.2796875 0.325 0.225
1 0.546875 0.2234375 0.21875 0.1640625
1 0.646875 0.33671875 0.27708333333333335 0.18125
1 0.7552083333333334 0.275 0.27291666666666664 0.175
1 0.3229166666666667 0.13125 0.30625 0.1875
1 0.5020833333333333 0.10078125 0.26666666666666666 0.175
1 0.6989583333333333 0.1359375 0.2791666666666667 0.1765625