1 0.19895833333333332 0.73203125 0.39791666666666664 0.3203125
1 0.56875 0.75546875 0.425 0.346875
1 0.85 0.7296875 0.28125 0.3046875
1 0.17083333333333334 0.56484375 0.20208333333333334 0.1109375
1 0.3697916666666667 0.57265625 0.21666666666666667 0.1453125
1 0.6135416666666667 0.6 0.26666666666666666 0.125
1 0.8260416666666667 0.49921875 0.24166666666666667 0.16875
1 0.5895833333333333 0.47109375 0.25416666666666665 0.15625
1 0.39791666666666664 0.44609375 0.19375 0.134375
1 0.17604166666666668 0.44453125 0.21458333333333332 0.1375
1 0.24375 0.33125 0.20208333333333334 0.1578125
1 0.428125 0.32890625 0.20833333333333334 0.1421875
1 0.61875 0.34453125 0.20208333333333334 0.1359375
1 0.8145833333333333 0.36875 0.24583333333333332 0.146875
1 0.8197916666666667 0.2671875 0.23333333333333334 0.128125
1 0.6270833333333333 0.23671875 0.18958333333333333 0.115625
1 0.45625 0.22578125 0.21041666666666667 0.125
1 0.290625 0.21640625 0.19166666666666668 0.121875
1 0.3229166666666667 0.13203125 0.17083333333333334 0.0984375
1 0.48020833333333335 0.13359375 0.16458333333333333 0.0859375
1 0.6354166666666666 0.1421875 0.19583333333333333 0.1171875
1 0.8114583333333333 0.1640625 0.21875 0.1203125