1 0.20833333333333334 0.5296875 0.40625 0.2921875
1 0.49166666666666664 0.6984375 0.38333333333333336 0.290625
1 0.6520833333333333 0.4953125 0.35208333333333336 0.2078125
1 0.8333333333333334 0.675 0.3333333333333333 0.31875
1 0.7645833333333333 0.88125 0.4708333333333333 0.2359375
1 0.3145833333333333 0.9125 0.45625 0.175
1 0.11458333333333333 0.7859375 0.22916666666666666 0.3109375
1 0.14166666666666666 0.28125 0.2833333333333333 0.2609375
1 0.4395833333333333 0.3515625 0.26458333333333334 0.1984375
1 0.74375 0.3234375 0.3333333333333333 0.1734375
1 0.61875 0.1578125 0.36875 0.1984375
1 0.3104166666666667 0.184375 0.29791666666666666 0.1828125