1 0.6208333333333333 0.78046875 0.44166666666666665 0.34375
1 0.809375 0.62109375 0.38125 0.3359375
0 0.8885416666666667 0.434375 0.22291666666666668 0.18125
0 0.5697916666666667 0.41796875 0.2916666666666667 0.2171875
1 0.31666666666666665 0.51171875 0.3145833333333333 0.2296875
1 0.5291666666666667 0.5734375 0.32083333333333336 0.246875
1 0.27708333333333335 0.8109375 0.39791666666666664 0.3046875
1 0.16666666666666666 0.64765625 0.3125 0.2328125
1 0.11666666666666667 0.48046875 0.23333333333333334 0.1859375
1 0.353125 0.35703125 0.25 0.18125
1 0.5322916666666667 0.26171875 0.23125 0.1671875
1 0.7083333333333334 0.33984375 0.22708333333333333 0.1921875
1 0.3072916666666667 0.25703125 0.21875 0.1296875
1 0.13229166666666667 0.35625 0.225 0.1484375
0 0.03854166666666667 0.36171875 0.07708333333333334 0.1640625