1 0.48541666666666666 0.6171875 0.24166666666666667 0.175
1 0.6979166666666666 0.6390625 0.225 0.19375
1 0.8916666666666667 0.6703125 0.21458333333333332 0.2125
1 0.8020833333333334 0.8609375 0.3958333333333333 0.2703125
0 0.8770833333333333 0.4921875 0.24375 0.1609375
1 0.6833333333333333 0.403125 0.19375 0.134375
1 0.8958333333333334 0.3640625 0.20625 0.1015625
1 0.40625 0.7890625 0.21875 0.1859375
1 0.5791666666666667 0.8328125 0.16458333333333333 0.1859375
1 0.20416666666666666 0.53125 0.19791666666666666 0.128125
1 0.26458333333333334 0.6609375 0.21041666666666667 0.1390625
1 0.36666666666666664 0.525 0.15625 0.0921875
1 0.4083333333333333 0.4265625 0.19166666666666668 0.146875
1 0.25833333333333336 0.440625 0.13125 0.0734375
1 0.5520833333333334 0.371875 0.13958333333333334 0.1390625
1 0.42291666666666666 0.3265625 0.15625 0.1015625
1 0.48333333333333334 0.253125 0.11041666666666666 0.084375
1 0.5604166666666667 0.15 0.16875 0.134375
1 0.6083333333333333 0.2671875 0.14583333333333334 0.1046875
1 0.7604166666666666 0.284375 0.19166666666666668 0.1203125
1 0.93125 0.2671875 0.1375 0.0859375
1 0.7020833333333333 0.0421875 0.20625 0.084375
1 0.9 0.0515625 0.19791666666666666 0.1015625