1 0.47604166666666664 0.66953125 0.5020833333333333 0.34375
1 0.721875 0.49765625 0.40208333333333335 0.2734375
0 0.9052083333333333 0.5578125 0.18958333333333333 0.215625
0 0.3260416666666667 0.26171875 0.2875 0.1828125
1 0.546875 0.24765625 0.30625 0.2234375
1 0.725 0.36015625 0.2916666666666667 0.140625
0 0.425 0.41640625 0.3375 0.2109375
1 0.22395833333333334 0.52421875 0.4083333333333333 0.296875
1 0.165625 0.18125 0.19791666666666666 0.2
1 0.20416666666666666 0.0390625 0.14583333333333334 0.078125
1 0.16875 0.34609375 0.3020833333333333 0.2015625
1 0.058333333333333334 0.6015625 0.11666666666666667 0.246875
1 0.1875 0.815625 0.375 0.321875
1 0.6322916666666667 0.871875 0.5104166666666666 0.25625
1 0.8020833333333334 0.73359375 0.33125 0.28125