0 0.4510416666666667 0.68984375 0.4895833333333333 0.4203125
0 0.20729166666666668 0.47265625 0.41458333333333336 0.2921875
0 0.5114583333333333 0.21171875 0.2708333333333333 0.2109375
0 0.18125 0.2625 0.2875 0.1859375
1 0.6583333333333333 0.48828125 0.38333333333333336 0.2671875
1 0.7635416666666667 0.82734375 0.3854166666666667 0.3453125
1 0.878125 0.6015625 0.24375 0.24375
1 0.9239583333333333 0.4296875 0.15208333333333332 0.18125
1 0.7875 0.32578125 0.32916666666666666 0.2078125
1 0.9 0.25546875 0.2 0.1984375
1 0.7270833333333333 0.15625 0.26666666666666666 0.2
1 0.44479166666666664 0.07265625 0.29791666666666666 0.1453125
1 0.26666666666666666 0.14140625 0.29583333333333334 0.171875
1 0.15416666666666667 0.0921875 0.15416666666666667 0.184375
1 0.22395833333333334 0.03046875 0.22291666666666668 0.0609375
1 0.603125 0.08359375 0.1375 0.109375