0 0.33125 0.5375 0.43125 0.3265625
0 0.33958333333333335 0.80703125 0.4354166666666667 0.3109375
0 0.659375 0.6328125 0.375 0.24375
0 0.7208333333333333 0.23984375 0.3229166666666667 0.2875
0 0.9052083333333333 0.340625 0.18958333333333333 0.353125
0 0.184375 0.19609375 0.30833333333333335 0.2265625
0 0.034375 0.25625 0.06875 0.128125
1 0.7291666666666666 0.45859375 0.29583333333333334 0.2015625
1 0.8864583333333333 0.62734375 0.22708333333333333 0.2828125
1 0.721875 0.84453125 0.4895833333333333 0.3109375
1 0.1 0.41484375 0.2 0.2921875
1 0.121875 0.64765625 0.22083333333333333 0.2203125
0 0.35 0.31875 0.3854166666666667 0.2625
1 0.5083333333333333 0.1703125 0.2791666666666667 0.178125
1 0.03333333333333333 0.13828125 0.06666666666666667 0.1671875
1 0.11875 0.07421875 0.17083333333333334 0.0859375
0 0.5697916666666667 0.08984375 0.20625 0.11875
0 0.7375 0.04296875 0.18333333333333332 0.0859375
1 0.8291666666666667 0.059375 0.18333333333333332 0.11875
1 0.5479166666666667 0.48671875 0.13541666666666666 0.140625
1 0.5697916666666667 0.35078125 0.1375 0.178125