0 0.14583333333333334 0.565625 0.28958333333333336 0.18125
0 0.6729166666666667 0.6640625 0.38333333333333336 0.2515625
1 0.63125 0.875 0.3458333333333333 0.25
1 0.39791666666666664 0.740625 0.3229166666666667 0.234375
1 0.15833333333333333 0.771875 0.30416666666666664 0.225
1 0.3854166666666667 0.503125 0.31875 0.225
1 0.5708333333333333 0.35625 0.28541666666666665 0.2375
1 0.80625 0.4984375 0.31666666666666665 0.2328125
1 0.8666666666666667 0.3015625 0.26458333333333334 0.2828125
1 0.125 0.390625 0.24791666666666667 0.203125
1 0.12083333333333333 0.203125 0.24166666666666667 0.2234375
1 0.35208333333333336 0.253125 0.325 0.253125
1 0.35625 0.0765625 0.30625 0.153125
1 0.6541666666666667 0.1546875 0.3541666666666667 0.2359375
1 0.61875 0.025 0.27708333333333335 0.05