1 0.4479166666666667 0.140625 0.2125 0.15
1 0.3645833333333333 0.2453125 0.14166666666666666 0.1125
1 0.5041666666666667 0.2625 0.17916666666666667 0.125
1 0.6833333333333333 0.2703125 0.21041666666666667 0.1578125
1 0.88125 0.2609375 0.19791666666666666 0.121875
1 0.3 0.3375 0.21458333333333332 0.1265625
1 0.4708333333333333 0.378125 0.1625 0.175
1 0.65 0.409375 0.22291666666666668 0.1859375
1 0.85 0.3625 0.24375 0.128125
0 0.8625 0.4984375 0.27291666666666664 0.1671875
1 0.7041666666666667 0.6703125 0.2604166666666667 0.2140625
1 0.9145833333333333 0.6703125 0.16875 0.1984375
1 0.8541666666666666 0.875 0.28958333333333336 0.2484375
1 0.46875 0.6640625 0.2375 0.1953125
1 0.6458333333333334 0.8859375 0.19791666666666666 0.2109375
1 0.42291666666666666 0.8625 0.2375 0.2140625
0 0.12916666666666668 0.609375 0.25 0.1859375
1 0.2375 0.7484375 0.23958333333333334 0.1828125
1 0.32083333333333336 0.5640625 0.18125 0.1421875
1 0.31875 0.44375 0.21875 0.1609375
1 0.15208333333333332 0.478125 0.17291666666666666 0.1125
1 0.7125 0.53125 0.12916666666666668 0.1109375