1 0.28958333333333336 0.22109375 0.34375 0.2375
1 0.21354166666666666 0.37421875 0.23333333333333334 0.1734375
1 0.4114583333333333 0.3890625 0.26458333333333334 0.19375
1 0.6625 0.37734375 0.3416666666666667 0.2609375
1 0.8729166666666667 0.3328125 0.23125 0.20625
1 0.86875 0.528125 0.2625 0.23125
1 0.653125 0.60078125 0.36041666666666666 0.26875
1 0.40208333333333335 0.5640625 0.275 0.2421875
1 0.1625 0.5171875 0.325 0.209375
1 0.209375 0.69921875 0.3458333333333333 0.2515625
1 0.21770833333333334 0.88671875 0.33125 0.2265625
1 0.478125 0.91640625 0.35208333333333336 0.1671875
1 0.79375 0.9 0.33958333333333335 0.1765625
1 0.8947916666666667 0.78984375 0.21041666666666667 0.3546875
1 0.7802083333333333 0.7578125 0.20208333333333334 0.2015625
1 0.4666666666666667 0.05234375 0.32916666666666666 0.1046875
1 0.7666666666666667 0.071875 0.32916666666666666 0.14375