0 0.5677083333333334 0.23203125 0.31875 0.2515625
0 0.7989583333333333 0.30546875 0.40208333333333335 0.2921875
0 0.6677083333333333 0.51328125 0.35625 0.2953125
0 0.403125 0.39140625 0.3958333333333333 0.2828125
0 0.17604166666666668 0.44921875 0.28125 0.2015625
0 0.3375 0.59375 0.3729166666666667 0.2515625
0 0.3885416666666667 0.8234375 0.48541666666666666 0.353125
0 0.7072916666666667 0.88984375 0.38958333333333334 0.2203125
1 0.8010416666666667 0.68671875 0.375 0.3203125
1 0.8979166666666667 0.4953125 0.20416666666666666 0.20625
1 0.909375 0.21015625 0.18125 0.1734375
1 0.778125 0.1609375 0.2375 0.13125
0 0.625 0.08359375 0.20833333333333334 0.1609375
1 0.821875 0.08671875 0.21875 0.1140625
1 0.9447916666666667 0.12890625 0.11041666666666666 0.1296875
1 0.9739583333333334 0.33828125 0.052083333333333336 0.1703125