0 0.40729166666666666 0.78125 0.4166666666666667 0.340625
0 0.20104166666666667 0.60390625 0.35 0.2359375
0 0.05625 0.52734375 0.1125 0.1640625
0 0.13125 0.4 0.2625 0.23125
0 0.42291666666666666 0.40703125 0.26666666666666666 0.228125
0 0.159375 0.2140625 0.3 0.25
0 0.7197916666666667 0.06640625 0.26458333333333334 0.1328125
1 0.8427083333333333 0.153125 0.19583333333333333 0.24375
1 0.6572916666666667 0.3265625 0.27291666666666664 0.190625
1 0.6583333333333333 0.503125 0.34375 0.265625
0 0.7364583333333333 0.76875 0.42291666666666666 0.3484375
1 0.9270833333333334 0.78203125 0.14583333333333334 0.2984375
1 0.928125 0.52734375 0.14375 0.2203125
1 0.49895833333333334 0.22734375 0.21875 0.1640625
1 0.684375 0.1734375 0.23125 0.1671875
1 0.3489583333333333 0.31953125 0.22916666666666666 0.1328125
1 0.34479166666666666 0.21484375 0.18333333333333332 0.1296875
1 0.32083333333333336 0.10859375 0.19375 0.1234375
1 0.496875 0.1140625 0.22708333333333333 0.15
1 0.48541666666666666 0.04921875 0.20833333333333334 0.0984375
1 0.3260416666666667 0.05 0.18125 0.0890625
1 0.159375 0.078125 0.17291666666666666 0.090625
1 0.14375 0.78984375 0.20208333333333334 0.2546875
1 0.8260416666666667 0.31875 0.16875 0.1546875
1 0.9125 0.31796875 0.14166666666666666 0.1953125