0 0.5729166666666666 0.4296875 0.33958333333333335 0.2515625
1 0.28125 0.5078125 0.325 0.225
1 0.14166666666666666 0.703125 0.2833333333333333 0.2703125
1 0.075 0.465625 0.15 0.21875
1 0.22291666666666668 0.3640625 0.3333333333333333 0.125
1 0.8854166666666666 0.3578125 0.22916666666666666 0.1578125
1 0.9041666666666667 0.478125 0.18958333333333333 0.1546875
1 0.7395833333333334 0.603125 0.3375 0.2125
1 0.675 0.80625 0.32916666666666666 0.23125
1 0.39166666666666666 0.7578125 0.2791666666666667 0.25625
1 0.9125 0.784375 0.175 0.3234375