0 0.20833333333333334 0.3875 0.3770833333333333 0.315625
0 0.14583333333333334 0.684375 0.28958333333333336 0.3171875
0 0.6458333333333334 0.7734375 0.40208333333333335 0.3328125
0 0.8333333333333334 0.265625 0.26875 0.165625
0 0.9291666666666667 0.2 0.14166666666666666 0.1328125
0 0.53125 0.0734375 0.2791666666666667 0.146875
0 0.8958333333333334 0.0671875 0.20625 0.1328125
0 0.3125 0.95 0.3625 0.0984375
0 0.34791666666666665 0.8265625 0.2916666666666667 0.2203125
1 0.40208333333333335 0.5890625 0.28958333333333336 0.2140625
1 0.6354166666666666 0.46875 0.24791666666666667 0.1984375
1 0.8333333333333334 0.446875 0.26458333333333334 0.2046875
0 0.8770833333333333 0.6671875 0.24583333333333332 0.2390625
1 0.8875 0.8953125 0.225 0.209375
0 0.42083333333333334 0.4171875 0.16875 0.16875
1 0.5916666666666667 0.3265625 0.24375 0.165625
1 0.35625 0.25625 0.22291666666666668 0.140625
1 0.5625 0.20625 0.225 0.134375
1 0.7541666666666667 0.1421875 0.19583333333333333 0.1484375
1 0.32916666666666666 0.053125 0.23958333333333334 0.1046875
1 0.33958333333333335 0.1578125 0.24375 0.14375
0 0.125 0.1671875 0.24583333333333332 0.178125
1 0.14375 0.05625 0.21666666666666667 0.1109375