0 0.22708333333333333 0.1609375 0.35 0.321875
0 0.29791666666666666 0.4046875 0.41041666666666665 0.2609375
0 0.6208333333333333 0.31796875 0.2708333333333333 0.1796875
1 0.278125 0.71640625 0.38333333333333336 0.2796875
1 0.571875 0.715625 0.3625 0.2765625
1 0.671875 0.53203125 0.24375 0.1875
1 0.884375 0.52578125 0.23125 0.1765625
1 0.8270833333333333 0.70859375 0.3 0.2390625
1 0.09479166666666666 0.76796875 0.18958333333333333 0.3078125
1 0.28854166666666664 0.90390625 0.36875 0.190625
1 0.6 0.89765625 0.39166666666666666 0.2046875
1 0.4395833333333333 0.53203125 0.28958333333333336 0.1765625
1 0.5229166666666667 0.4296875 0.21666666666666667 0.1296875
1 0.4114583333333333 0.30078125 0.24166666666666667 0.1609375
1 0.7333333333333333 0.4359375 0.2520833333333333 0.1390625
1 0.8145833333333333 0.2796875 0.3333333333333333 0.209375
1 0.4979166666666667 0.084375 0.24583333333333332 0.1515625
1 0.55 0.20859375 0.24791666666666667 0.1515625
1 0.16145833333333334 0.54375 0.29375 0.15625