0 0.4 0.2984375 0.26875 0.1640625
0 0.3770833333333333 0.484375 0.28125 0.1921875
0 0.6666666666666666 0.5765625 0.4125 0.246875
0 0.14166666666666666 0.421875 0.2791666666666667 0.190625
1 0.6645833333333333 0.3640625 0.3145833333333333 0.203125
0 0.7333333333333333 0.915625 0.4125 0.16875
0 0.3125 0.2171875 0.24791666666666667 0.1453125
0 0.1375 0.2453125 0.15 0.1
1 0.42083333333333334 0.065625 0.22916666666666666 0.13125
1 0.6166666666666667 0.0734375 0.18541666666666667 0.146875
1 0.75625 0.1453125 0.2520833333333333 0.146875
1 0.9354166666666667 0.184375 0.12916666666666668 0.1875
1 0.7770833333333333 0.26875 0.225 0.1640625
1 0.9166666666666666 0.3671875 0.16458333333333333 0.215625
1 0.9375 0.590625 0.125 0.253125
1 0.8 0.7265625 0.28125 0.1703125
1 0.5625 0.7921875 0.225 0.2234375
1 0.3104166666666667 0.646875 0.31875 0.2609375
1 0.0875 0.515625 0.175 0.1671875
1 0.16041666666666668 0.1390625 0.18125 0.1171875
1 0.5041666666666667 0.1796875 0.20208333333333334 0.1015625