0 0.3854166666666667 0.76875 0.3145833333333333 0.2515625
0 0.6166666666666667 0.9109375 0.37083333333333335 0.1765625
0 0.7 0.5734375 0.2375 0.1359375
0 0.5541666666666667 0.3859375 0.17916666666666667 0.1625
0 0.0375 0.5390625 0.07291666666666667 0.109375
0 0.10416666666666667 0.590625 0.16875 0.1296875
0 0.09375 0.7125 0.18541666666666667 0.1515625
1 0.24375 0.621875 0.17083333333333334 0.146875
1 0.7520833333333333 0.7296875 0.3020833333333333 0.175
1 0.88125 0.9015625 0.2375 0.1953125
1 0.14791666666666667 0.859375 0.26458333333333334 0.234375
0 0.3416666666666667 0.95625 0.22291666666666668 0.0859375
1 0.45625 0.60625 0.23958333333333334 0.1828125
1 0.1875 0.4671875 0.18125 0.1203125
1 0.33541666666666664 0.5109375 0.14166666666666666 0.1
1 0.06875 0.4234375 0.13125 0.096875
1 0.35208333333333336 0.3265625 0.13541666666666666 0.1234375
1 0.8229166666666666 0.590625 0.07708333333333334 0.0875
1 0.9416666666666667 0.6234375 0.11458333333333333 0.1265625
1 0.34375 0.2578125 0.13958333333333334 0.0546875
1 0.3458333333333333 0.209375 0.10833333333333334 0.046875
1 0.4479166666666667 0.246875 0.10625 0.078125
1 0.47708333333333336 0.296875 0.06666666666666667 0.065625
0 0.6979166666666666 0.3609375 0.11458333333333333 0.1265625
0 0.7395833333333334 0.2921875 0.1375 0.0765625
1 0.5895833333333333 0.2515625 0.16666666666666666 0.121875
1 0.8104166666666667 0.415625 0.14375 0.1
0 0.9104166666666667 0.44375 0.09583333333333334 0.075
1 0.94375 0.3984375 0.1125 0.0875
1 0.9729166666666667 0.475 0.052083333333333336 0.0578125
1 0.8666666666666667 0.503125 0.14583333333333334 0.078125
1 0.9604166666666667 0.5421875 0.07708333333333334 0.06875
1 0.8229166666666666 0.5328125 0.14791666666666667 0.0734375