0 0.146875 0.63515625 0.2875 0.2375
0 0.265625 0.45859375 0.33125 0.228125
0 0.6458333333333334 0.5234375 0.30416666666666664 0.26875
0 0.42916666666666664 0.7125 0.4041666666666667 0.2828125
0 0.6802083333333333 0.87421875 0.44375 0.2515625
0 0.9083333333333333 0.8546875 0.18333333333333332 0.215625
0 0.6208333333333333 0.02109375 0.1875 0.0421875
1 0.646875 0.08671875 0.22083333333333333 0.1328125
1 0.665625 0.184375 0.22291666666666668 0.1359375
1 0.6864583333333333 0.30546875 0.23333333333333334 0.1859375
1 0.86875 0.27890625 0.20833333333333334 0.1671875
1 0.8760416666666667 0.43515625 0.24791666666666667 0.2078125
1 0.8552083333333333 0.64375 0.28958333333333336 0.28125
1 0.284375 0.890625 0.3770833333333333 0.21875
1 0.5052083333333334 0.403125 0.24583333333333332 0.175
1 0.46770833333333334 0.27890625 0.22708333333333333 0.1546875
1 0.2875 0.33046875 0.1875 0.15
1 0.2625 0.22578125 0.2125 0.125
1 0.46458333333333335 0.1640625 0.225 0.13125
1 0.46145833333333336 0.06953125 0.20208333333333334 0.11875
0 0.28229166666666666 0.0984375 0.19166666666666668 0.1609375
1 0.8166666666666667 0.0453125 0.19166666666666668 0.090625
1 0.8447916666666667 0.1359375 0.19583333333333333 0.178125