1 0.1 0.146875 0.2 0.1453125
1 0.32708333333333334 0.1625 0.17916666666666667 0.1421875
1 0.5479166666666667 0.19375 0.23958333333333334 0.20625
1 0.8541666666666666 0.2046875 0.21458333333333332 0.1546875
1 0.7520833333333333 0.3015625 0.21458333333333332 0.153125
1 0.9270833333333334 0.35 0.14375 0.171875
1 0.5333333333333333 0.39375 0.24583333333333332 0.2
1 0.32083333333333336 0.3109375 0.22916666666666666 0.1828125
0 0.14583333333333334 0.4359375 0.22291666666666668 0.1640625
1 0.32916666666666666 0.50625 0.25416666666666665 0.1953125
1 0.5479166666666667 0.615625 0.26875 0.209375
1 0.825 0.6375 0.2604166666666667 0.18125
1 0.7604166666666666 0.8 0.28125 0.240625
1 0.9125 0.9078125 0.17291666666666666 0.1828125
1 0.47708333333333336 0.821875 0.2625 0.209375
0 0.29583333333333334 0.7 0.29583333333333334 0.1859375
1 0.10416666666666667 0.60625 0.20208333333333334 0.19375
1 0.14166666666666666 0.8796875 0.2833333333333333 0.2171875
1 0.33125 0.940625 0.3333333333333333 0.11875
1 0.6208333333333333 0.9546875 0.25833333333333336 0.0890625
1 0.7729166666666667 0.4578125 0.26875 0.1890625
1 0.9291666666666667 0.4984375 0.14166666666666666 0.178125