0 0.56875 0.6546875 0.4979166666666667 0.3328125
0 0.6614583333333334 0.95 0.40625 0.1
1 0.553125 0.84140625 0.28541666666666665 0.1953125
1 0.8052083333333333 0.84140625 0.32708333333333334 0.3109375
1 0.2625 0.871875 0.4041666666666667 0.2453125
1 0.28958333333333336 0.5171875 0.26458333333333334 0.14375
1 0.3385416666666667 0.384375 0.24166666666666667 0.171875
1 0.33125 0.2734375 0.22708333333333333 0.1234375
1 0.4708333333333333 0.2421875 0.15416666666666667 0.1234375
1 0.6114583333333333 0.1640625 0.29583333333333334 0.203125
1 0.7989583333333333 0.159375 0.18958333333333333 0.15625
1 0.9229166666666667 0.159375 0.15416666666666667 0.1875
1 0.9229166666666667 0.3046875 0.15416666666666667 0.16875
1 0.78125 0.26640625 0.23333333333333334 0.128125
1 0.6260416666666667 0.34765625 0.38958333333333334 0.259375
1 0.9114583333333334 0.4546875 0.17708333333333334 0.228125
1 0.7979166666666667 0.603125 0.275 0.2640625
1 0.5239583333333333 0.49296875 0.25416666666666665 0.140625
1 0.8208333333333333 0.43671875 0.13958333333333334 0.1640625