0 0.4625 0.3671875 0.4041666666666667 0.265625
1 0.7822916666666667 0.38125 0.3375 0.2265625
1 0.7197916666666667 0.5828125 0.41041666666666665 0.2546875
1 0.6041666666666666 0.81796875 0.5083333333333333 0.3640625
1 0.234375 0.784375 0.46875 0.41875
1 0.28541666666666665 0.5671875 0.475 0.284375
1 0.17708333333333334 0.35390625 0.3458333333333333 0.2921875
1 0.2833333333333333 0.20625 0.4083333333333333 0.2453125
1 0.5916666666666667 0.246875 0.3104166666666667 0.1671875
1 0.8364583333333333 0.24296875 0.2916666666666667 0.1765625
1 0.8635416666666667 0.78984375 0.225 0.2796875
1 0.9 0.56015625 0.2 0.2421875
1 0.18854166666666666 0.0828125 0.26875 0.165625
0 0.421875 0.10234375 0.31875 0.2046875
1 0.675 0.10859375 0.3104166666666667 0.203125
1 0.22083333333333333 0.79375 0.44166666666666665 0.396875