0 0.5 0.56875 0.28541666666666665 0.1734375
0 0.9375 0.6234375 0.125 0.18125
1 0.8104166666666667 0.7359375 0.2708333333333333 0.2234375
1 0.9458333333333333 0.875 0.10833333333333334 0.2171875
1 0.5520833333333334 0.771875 0.29583333333333334 0.228125
1 0.29791666666666666 0.69375 0.2520833333333333 0.225
1 0.7583333333333333 0.5125 0.2791666666666667 0.1890625
1 0.8979166666666667 0.365625 0.20208333333333334 0.21875
1 0.4041666666666667 0.3953125 0.3458333333333333 0.19375
1 0.46041666666666664 0.2359375 0.2520833333333333 0.20625
1 0.6875 0.2640625 0.2791666666666667 0.253125
1 0.9 0.18125 0.19791666666666666 0.159375
1 0.6604166666666667 0.0953125 0.27708333333333335 0.1578125
1 0.8854166666666666 0.0453125 0.22916666666666666 0.0890625
1 0.5770833333333333 0.0265625 0.24791666666666667 0.053125