0 0.36041666666666666 0.4625 0.33541666666666664 0.234375
0 0.8354166666666667 0.7703125 0.22708333333333333 0.209375
0 0.9135416666666667 0.3875 0.17291666666666666 0.225
0 0.13020833333333334 0.428125 0.2604166666666667 0.19375
1 0.215625 0.27578125 0.3375 0.234375
1 0.4739583333333333 0.3015625 0.3416666666666667 0.2328125
0 0.7385416666666667 0.35625 0.37916666666666665 0.278125
1 0.6302083333333334 0.52265625 0.28125 0.1828125
1 0.6510416666666666 0.75546875 0.4791666666666667 0.3546875
1 0.321875 0.67265625 0.3416666666666667 0.25625
1 0.12604166666666666 0.6234375 0.2520833333333333 0.28125
1 0.13229166666666667 0.75546875 0.26458333333333334 0.1828125