0 0.30833333333333335 0.1484375 0.27708333333333335 0.1984375
1 0.10416666666666667 0.08125 0.20625 0.1625
1 0.08958333333333333 0.2453125 0.17916666666666667 0.190625
1 0.26666666666666666 0.31875 0.3020833333333333 0.165625
1 0.5354166666666667 0.13125 0.20625 0.165625
1 0.7958333333333333 0.1375 0.34791666666666665 0.190625
1 0.5604166666666667 0.303125 0.26875 0.2140625
1 0.85 0.3390625 0.3 0.1984375
1 0.93125 0.4921875 0.1375 0.1484375
1 0.7104166666666667 0.5015625 0.31875 0.178125
1 0.3958333333333333 0.4484375 0.29583333333333334 0.2078125
1 0.14791666666666667 0.525 0.28958333333333336 0.196875
1 0.1125 0.7140625 0.22291666666666668 0.18125
1 0.35833333333333334 0.6609375 0.29791666666666666 0.2109375
1 0.7145833333333333 0.7296875 0.4875 0.2984375
1 0.9020833333333333 0.6765625 0.19583333333333333 0.19375
1 0.1875 0.8828125 0.375 0.2328125
1 0.4895833333333333 0.8765625 0.2791666666666667 0.24375
1 0.8291666666666667 0.9140625 0.3416666666666667 0.171875