1 0.15833333333333333 0.259375 0.3145833333333333 0.2296875
0 0.4708333333333333 0.35 0.33541666666666664 0.2375
1 0.7270833333333333 0.3046875 0.2875 0.1984375
1 0.9291666666666667 0.321875 0.14166666666666666 0.2359375
1 0.81875 0.525 0.3625 0.2625
1 0.49583333333333335 0.5828125 0.3770833333333333 0.2515625
1 0.17083333333333334 0.4984375 0.33958333333333335 0.265625
1 0.125 0.7578125 0.24791666666666667 0.2859375
1 0.3729166666666667 0.85625 0.41875 0.2765625
1 0.7375 0.765625 0.4354166666666667 0.340625
1 0.96875 0.7921875 0.0625 0.2921875