0 0.5354166666666667 0.81796875 0.48333333333333334 0.3640625
0 0.18645833333333334 0.6859375 0.3729166666666667 0.303125
0 0.459375 0.5453125 0.36666666666666664 0.24375
0 0.5083333333333333 0.0734375 0.2375 0.146875
0 0.05 0.41875 0.1 0.203125
1 0.19791666666666666 0.4703125 0.23333333333333334 0.15
1 0.15416666666666667 0.87890625 0.30833333333333335 0.2078125
1 0.6958333333333333 0.51015625 0.3145833333333333 0.2546875
0 0.7958333333333333 0.76796875 0.3625 0.2765625
1 0.9020833333333333 0.51015625 0.19583333333333333 0.2015625
1 0.9 0.3125 0.2 0.23125
1 0.69375 0.31953125 0.25625 0.2
1 0.4322916666666667 0.3265625 0.33958333333333335 0.278125
1 0.18541666666666667 0.32109375 0.25625 0.1828125
1 0.146875 0.19375 0.22916666666666666 0.20625
1 0.346875 0.17734375 0.18958333333333333 0.1328125
1 0.5385416666666667 0.16328125 0.21458333333333332 0.1359375
1 0.7645833333333333 0.153125 0.27291666666666664 0.2109375
1 0.3 0.09140625 0.22916666666666666 0.134375
1 0.13645833333333332 0.065625 0.15625 0.13125
1 0.275 0.0234375 0.17083333333333334 0.046875