0 0.6354166666666666 0.45 0.3854166666666667 0.2859375
0 0.6708333333333333 0.7125 0.36875 0.2546875
0 0.9104166666666667 0.8515625 0.17916666666666667 0.296875
0 0.28958333333333336 0.625 0.39791666666666664 0.2765625
0 0.3375 0.4328125 0.31666666666666665 0.234375
0 0.5583333333333333 0.2296875 0.33125 0.2625
0 0.8520833333333333 0.275 0.29375 0.21875
0 0.875 0.4828125 0.23125 0.2421875
1 0.3229166666666667 0.26875 0.21875 0.1265625
1 0.29375 0.15 0.21458333333333332 0.134375
0 0.27708333333333335 0.05 0.20833333333333334 0.1
1 0.475 0.040625 0.19375 0.08125
1 0.4875 0.1171875 0.21041666666666667 0.1265625
1 0.6583333333333333 0.0609375 0.17916666666666667 0.121875
1 0.8291666666666667 0.0390625 0.19791666666666666 0.078125
0 0.8458333333333333 0.1296875 0.16041666666666668 0.1234375
0 0.9541666666666667 0.10625 0.09166666666666666 0.1953125
1 0.94375 0.6015625 0.11041666666666666 0.165625
1 0.5625 0.8921875 0.3958333333333333 0.2140625