0 0.6114583333333333 0.1359375 0.2875 0.2140625
0 0.7385416666666667 0.27578125 0.27708333333333335 0.1734375
0 0.64375 0.4 0.3854166666666667 0.278125
0 0.21875 0.275 0.3 0.2046875
0 0.22291666666666668 0.72734375 0.375 0.275
0 0.646875 0.86875 0.5395833333333333 0.2625
0 0.8885416666666667 0.8078125 0.22291666666666668 0.278125
0 0.9125 0.5671875 0.175 0.3375
1 0.4947916666666667 0.2796875 0.31875 0.2234375
0 0.86875 0.3921875 0.25416666666666665 0.184375
1 0.415625 0.54609375 0.37083333333333335 0.2515625
1 0.515625 0.71328125 0.3770833333333333 0.2640625
0 0.73125 0.584375 0.35833333333333334 0.2796875
1 0.15833333333333333 0.54453125 0.31666666666666665 0.2296875
1 0.109375 0.4203125 0.21875 0.184375
1 0.34375 0.40078125 0.32916666666666666 0.2140625
1 0.07708333333333334 0.3046875 0.15416666666666667 0.184375
1 0.384375 0.19296875 0.24166666666666667 0.165625
1 0.2875 0.08515625 0.18333333333333332 0.1390625
1 0.409375 0.09609375 0.20416666666666666 0.1515625
0 0.575 0.0453125 0.2375 0.090625
0 0.321875 0.8953125 0.42291666666666666 0.209375
0 0.07604166666666666 0.17109375 0.15208333333333332 0.1703125