0 0.325 0.75 0.36875 0.2890625
0 0.5197916666666667 0.90390625 0.40625 0.1921875
0 0.6802083333333333 0.5984375 0.26458333333333334 0.1640625
0 0.5802083333333333 0.39453125 0.21458333333333332 0.1828125
0 0.041666666666666664 0.47734375 0.08333333333333333 0.1171875
0 0.09375 0.5375 0.1875 0.15
0 0.07916666666666666 0.65546875 0.15833333333333333 0.1734375
1 0.21979166666666666 0.58671875 0.20208333333333334 0.1671875
1 0.6947916666666667 0.759375 0.3375 0.2109375
1 0.78125 0.91640625 0.2791666666666667 0.1671875
1 0.11354166666666667 0.8078125 0.22708333333333333 0.265625
0 0.23854166666666668 0.92890625 0.23958333333333334 0.1140625
1 0.4322916666666667 0.59921875 0.2791666666666667 0.2109375
1 0.2 0.42734375 0.20625 0.1421875
1 0.33541666666666664 0.4890625 0.1625 0.1171875
1 0.09270833333333334 0.36875 0.15208333333333332 0.1125
1 0.39479166666666665 0.31015625 0.1625 0.1390625
1 0.796875 0.63125 0.09583333333333334 0.096875
1 0.90625 0.67890625 0.14166666666666666 0.1390625
1 0.40208333333333335 0.24140625 0.15 0.071875
1 0.415625 0.19375 0.11666666666666667 0.0609375
1 0.5072916666666667 0.24375 0.12291666666666666 0.090625
1 0.5239583333333333 0.296875 0.08125 0.0734375
0 0.7270833333333333 0.3890625 0.14166666666666666 0.1390625
0 0.784375 0.3265625 0.15416666666666667 0.09375
1 0.6458333333333334 0.2671875 0.19166666666666668 0.1421875
1 0.825 0.45703125 0.16458333333333333 0.1171875
0 0.9177083333333333 0.4984375 0.1125 0.0859375
1 0.946875 0.45703125 0.10625 0.1015625
1 0.9697916666666667 0.53671875 0.06041666666666667 0.0640625
1 0.8604166666666667 0.55078125 0.1625 0.0953125
1 0.94375 0.6015625 0.09166666666666666 0.078125
1 0.8104166666666667 0.57421875 0.1625 0.0921875