1 0.259375 0.47578125 0.25833333333333336 0.2046875
1 0.5895833333333333 0.54765625 0.3 0.2125
1 0.12708333333333333 0.7484375 0.25416666666666665 0.271875
1 0.28125 0.78125 0.25 0.2390625
1 0.48333333333333334 0.81953125 0.3229166666666667 0.1984375
1 0.19583333333333333 0.36875 0.25833333333333336 0.15625
1 0.13854166666666667 0.28359375 0.18958333333333333 0.121875
1 0.2625 0.2375 0.16458333333333333 0.08125
1 0.31145833333333334 0.3265625 0.17916666666666667 0.146875
1 0.43125 0.42421875 0.20833333333333334 0.1625
1 0.5947916666666667 0.3734375 0.26666666666666666 0.196875
1 0.45729166666666665 0.31953125 0.1375 0.096875
1 0.7302083333333333 0.48828125 0.17291666666666666 0.159375
1 0.8010416666666667 0.55078125 0.16875 0.1484375
1 0.8239583333333333 0.684375 0.24375 0.1296875
0 0.8572916666666667 0.81875 0.16458333333333333 0.20625
1 0.665625 0.90078125 0.46041666666666664 0.1984375
1 0.35520833333333335 0.92734375 0.27708333333333335 0.1453125
0 0.11666666666666667 0.9 0.23333333333333334 0.121875
1 0.8375 0.62578125 0.18541666666666667 0.0875
1 0.9333333333333333 0.578125 0.12708333333333333 0.0953125
1 0.94375 0.5125 0.1125 0.08125
1 0.9416666666666667 0.6484375 0.06875 0.078125