1 0.26875 0.0296875 0.22916666666666666 0.059375
1 0.475 0.0984375 0.2875 0.1890625
1 0.8927083333333333 0.1109375 0.21458333333333332 0.128125
0 0.934375 0.215625 0.13125 0.18125
0 0.7135416666666666 0.35390625 0.3333333333333333 0.25
0 0.565625 0.484375 0.37916666666666665 0.259375
0 0.7989583333333333 0.66015625 0.40208333333333335 0.3453125
0 0.3104166666666667 0.22734375 0.44166666666666665 0.275
0 0.23854166666666668 0.39375 0.46458333333333335 0.3171875
0 0.259375 0.0921875 0.29375 0.184375
1 0.5375 0.2375 0.2708333333333333 0.1984375
1 0.459375 0.69921875 0.45208333333333334 0.3234375
1 0.8697916666666666 0.46484375 0.2604166666666667 0.2046875
0 0.8614583333333333 0.31015625 0.23958333333333334 0.1671875
1 0.6635416666666667 0.18203125 0.24375 0.184375
0 0.7614583333333333 0.0765625 0.17291666666666666 0.1078125
0 0.9635416666666666 0.33984375 0.07291666666666667 0.1484375