1 0.575 0.1546875 0.4125 0.309375
1 0.8708333333333333 0.16953125 0.25833333333333336 0.2546875
1 0.903125 0.359375 0.19375 0.265625
1 0.7010416666666667 0.3796875 0.36041666666666666 0.2484375
0 0.8208333333333333 0.571875 0.35833333333333334 0.265625
1 0.6864583333333333 0.73125 0.3375 0.240625
0 0.4375 0.725 0.25833333333333336 0.240625
1 0.26875 0.590625 0.4041666666666667 0.2796875
1 0.16145833333333334 0.76796875 0.3229166666666667 0.2078125
0 0.05520833333333333 0.67265625 0.11041666666666666 0.2484375
1 0.10625 0.4546875 0.2125 0.2375
1 0.14895833333333333 0.23359375 0.22291666666666668 0.2546875
1 0.30104166666666665 0.38203125 0.31666666666666665 0.203125
1 0.334375 0.1640625 0.3125 0.2734375
0 0.24479166666666666 0.0859375 0.19791666666666666 0.171875