0 0.69375 0.41484375 0.25833333333333336 0.2125
0 0.7760416666666666 0.61015625 0.33541666666666664 0.2421875
0 0.47708333333333336 0.57578125 0.3125 0.184375
0 0.13541666666666666 0.5953125 0.2708333333333333 0.1984375
0 0.19375 0.85703125 0.3104166666666667 0.2515625
0 0.5145833333333333 0.91640625 0.3333333333333333 0.1671875
1 0.5833333333333334 0.75546875 0.44583333333333336 0.303125
1 0.7708333333333334 0.846875 0.32708333333333334 0.2671875
1 0.9239583333333333 0.77734375 0.15208333333333332 0.1921875
1 0.9395833333333333 0.90546875 0.12083333333333333 0.1203125
1 0.9072916666666667 0.51796875 0.18541666666666667 0.1828125
0 0.8854166666666666 0.353125 0.2125 0.178125
1 0.7625 0.22109375 0.2833333333333333 0.1875
1 0.3385416666666667 0.26953125 0.31875 0.15625
1 0.44895833333333335 0.40859375 0.29791666666666666 0.2
1 0.209375 0.42734375 0.26666666666666666 0.1984375
1 0.09375 0.2796875 0.1875 0.159375
1 0.052083333333333336 0.4390625 0.10416666666666667 0.153125