1 0.50625 0.26328125 0.4041666666666667 0.2671875
1 0.7322916666666667 0.275 0.1625 0.171875
1 0.8416666666666667 0.39921875 0.31666666666666665 0.3015625
1 0.7864583333333334 0.6265625 0.31875 0.253125
1 0.5895833333333333 0.45546875 0.31875 0.1921875
1 0.5145833333333333 0.66328125 0.35208333333333336 0.2546875
1 0.6833333333333333 0.89140625 0.35833333333333334 0.2171875
1 0.221875 0.57265625 0.35625 0.21875
1 0.33645833333333336 0.39609375 0.25416666666666665 0.2421875
1 0.15 0.77265625 0.3 0.2828125
1 0.378125 0.846875 0.3375 0.303125
1 0.946875 0.153125 0.10625 0.23125