0 0.296875 0.84765625 0.49375 0.3046875
0 0.47291666666666665 0.28828125 0.2 0.1390625
0 0.9 0.53984375 0.2 0.2109375
1 0.8135416666666667 0.64921875 0.3229166666666667 0.228125
1 0.5833333333333334 0.75625 0.36666666666666664 0.2734375
1 0.5072916666666667 0.54140625 0.3145833333333333 0.2203125
1 0.734375 0.45546875 0.27291666666666664 0.19375
1 0.5375 0.390625 0.2604166666666667 0.1578125
1 0.640625 0.28125 0.22916666666666666 0.1578125
1 0.28854166666666664 0.2109375 0.28125 0.1953125
1 0.315625 0.325 0.2520833333333333 0.134375
1 0.34375 0.44140625 0.22083333333333333 0.178125
1 0.13541666666666666 0.47421875 0.2708333333333333 0.2078125
1 0.22083333333333333 0.6359375 0.44166666666666665 0.259375
0 0.051041666666666666 0.8484375 0.10208333333333333 0.184375
1 0.13333333333333333 0.334375 0.22291666666666668 0.1640625
1 0.1875 0.07890625 0.19166666666666668 0.1578125
1 0.3541666666666667 0.07578125 0.25 0.1515625