0 0.475 0.8578125 0.35625 0.271875
0 0.6614583333333334 0.659375 0.31666666666666665 0.2140625
1 0.41875 0.59375 0.2791666666666667 0.184375
1 0.20729166666666668 0.58515625 0.24166666666666667 0.190625
1 0.08645833333333333 0.49140625 0.17291666666666666 0.1203125
1 0.09895833333333333 0.34921875 0.19791666666666666 0.1515625
1 0.04791666666666667 0.22734375 0.09583333333333334 0.1328125
1 0.19583333333333333 0.41484375 0.14166666666666666 0.0859375
1 0.33229166666666665 0.4640625 0.18958333333333333 0.09375
1 0.509375 0.45234375 0.18125 0.140625
1 0.6916666666666667 0.525 0.22708333333333333 0.1375
1 0.70625 0.43125 0.21666666666666667 0.1203125
0 0.7208333333333333 0.34765625 0.19583333333333333 0.1015625
1 0.5427083333333333 0.340625 0.1625 0.1015625
1 0.35 0.29765625 0.13958333333333334 0.090625
0 0.2520833333333333 0.3484375 0.15208333333333332 0.084375
0 0.38125 0.3828125 0.16666666666666666 0.0765625
0 0.13125 0.92109375 0.2125 0.1578125