0 0.31145833333333334 0.56328125 0.46041666666666664 0.2765625
0 0.8947916666666667 0.5640625 0.21041666666666667 0.271875
1 0.8135416666666667 0.22734375 0.3729166666666667 0.3484375
1 0.46145833333333336 0.15390625 0.4479166666666667 0.3078125
1 0.18229166666666666 0.12265625 0.28125 0.2453125
1 0.21666666666666667 0.37109375 0.43333333333333335 0.3515625
1 0.14166666666666666 0.7828125 0.2833333333333333 0.340625
1 0.440625 0.8 0.4166666666666667 0.3125
0 0.734375 0.7203125 0.3958333333333333 0.3140625
1 0.6260416666666667 0.45 0.4166666666666667 0.278125
1 0.9125 0.81171875 0.11875 0.2484375