0 0.8166666666666667 0.915625 0.36666666666666664 0.1671875
0 0.4395833333333333 0.3140625 0.2125 0.1296875
0 0.6125 0.3921875 0.2604166666666667 0.1421875
0 0.85625 0.38125 0.28541666666666665 0.1703125
0 0.7791666666666667 0.5734375 0.29791666666666666 0.246875
1 0.9125 0.740625 0.175 0.23125
1 0.5458333333333333 0.778125 0.4083333333333333 0.2734375
1 0.2875 0.6484375 0.32083333333333336 0.2015625
1 0.14166666666666666 0.50625 0.24583333333333332 0.16875
1 0.20416666666666666 0.3015625 0.22291666666666668 0.159375
1 0.17916666666666667 0.1046875 0.2916666666666667 0.1984375
1 0.0625 0.1890625 0.125 0.19375
1 0.3458333333333333 0.428125 0.21041666666666667 0.115625
1 0.4895833333333333 0.5234375 0.27291666666666664 0.190625
1 0.61875 0.2390625 0.19583333333333333 0.1296875
1 0.825 0.2796875 0.2125 0.0859375