0 0.6354166666666666 0.4859375 0.31875 0.203125
1 0.7104166666666667 0.7453125 0.3375 0.265625
1 0.9354166666666667 0.6703125 0.12708333333333333 0.1984375
1 0.9041666666666667 0.5609375 0.19166666666666668 0.1234375
1 0.8083333333333333 0.440625 0.1625 0.14375
1 0.6083333333333333 0.290625 0.225 0.14375
1 0.47291666666666665 0.175 0.21458333333333332 0.1375
1 0.2604166666666667 0.1703125 0.25625 0.125
1 0.36666666666666664 0.2984375 0.225 0.1703125
1 0.04375 0.2328125 0.0875 0.1734375
1 0.19166666666666668 0.3140625 0.26458333333333334 0.1359375
1 0.12916666666666668 0.4203125 0.25625 0.2375
1 0.35625 0.4546875 0.22708333333333333 0.16875
1 0.26875 0.621875 0.36666666666666664 0.25625
1 0.26666666666666666 0.828125 0.3854166666666667 0.21875
1 0.59375 0.8828125 0.27708333333333335 0.221875
1 0.32916666666666666 0.965625 0.3125 0.0671875
1 0.07708333333333334 0.9234375 0.15208333333333332 0.1515625
1 0.48125 0.65 0.15 0.2234375
0 0.07291666666666667 0.6296875 0.14583333333333334 0.178125
0 0.04375 0.7796875 0.0875 0.1453125