1 0.7854166666666667 0.4703125 0.42916666666666664 0.35
1 0.6427083333333333 0.75078125 0.48541666666666666 0.35625
1 0.22604166666666667 0.68046875 0.44375 0.2796875
1 0.26979166666666665 0.8796875 0.4395833333333333 0.240625
1 0.38333333333333336 0.478125 0.4166666666666667 0.253125
1 0.240625 0.31484375 0.25833333333333336 0.1890625
1 0.515625 0.240625 0.37083333333333335 0.275
1 0.08125 0.44453125 0.1625 0.2359375
1 0.065625 0.153125 0.13125 0.25625
1 0.1625 0.178125 0.14791666666666667 0.13125
1 0.33958333333333335 0.10390625 0.28958333333333336 0.2
1 0.134375 0.06796875 0.14791666666666667 0.10625
1 0.06354166666666666 0.3140625 0.12708333333333333 0.11875