0 0.34375 0.33359375 0.46041666666666664 0.3046875
0 0.3854166666666667 0.1546875 0.3333333333333333 0.2109375
0 0.8572916666666667 0.1546875 0.28541666666666665 0.209375
0 0.93125 0.490625 0.1375 0.20625
0 0.29791666666666666 0.5671875 0.425 0.259375
0 0.721875 0.5625 0.44166666666666665 0.290625
1 0.8458333333333333 0.7640625 0.2604166666666667 0.2828125
1 0.7125 0.921875 0.4375 0.15625
1 0.296875 0.81875 0.5729166666666666 0.3625
1 0.09583333333333334 0.765625 0.19166666666666668 0.346875
1 0.08125 0.51171875 0.1625 0.2328125
1 0.08645833333333333 0.34921875 0.15 0.165625
1 0.171875 0.23203125 0.15208333333333332 0.1265625
1 0.10520833333333333 0.15859375 0.11875 0.1546875
1 0.21145833333333333 0.0953125 0.13333333333333333 0.1140625
1 0.6270833333333333 0.15703125 0.21666666666666667 0.165625