1 0.13333333333333333 0.1265625 0.2125 0.1546875
1 0.359375 0.15390625 0.19166666666666668 0.1515625
1 0.5760416666666667 0.196875 0.25833333333333336 0.21875
1 0.88125 0.22421875 0.22916666666666666 0.165625
1 0.7697916666666667 0.31484375 0.22916666666666666 0.1640625
1 0.9291666666666667 0.37265625 0.14166666666666666 0.1796875
1 0.5427083333333333 0.39609375 0.26458333333333334 0.2125
1 0.3385416666666667 0.30234375 0.24583333333333332 0.19375
0 0.153125 0.4171875 0.2375 0.175
1 0.32916666666666666 0.49765625 0.2708333333333333 0.2078125
1 0.5375 0.61796875 0.2875 0.2234375
1 0.8114583333333333 0.65390625 0.27708333333333335 0.19375
1 0.7322916666666667 0.81328125 0.3020833333333333 0.2546875
1 0.8739583333333333 0.915625 0.18958333333333333 0.16875
1 0.446875 0.81953125 0.28125 0.221875
0 0.278125 0.6890625 0.3125 0.2015625
1 0.10208333333333333 0.584375 0.20416666666666666 0.203125
1 0.12916666666666668 0.859375 0.25833333333333336 0.23125
1 0.290625 0.93046875 0.34375 0.1359375
1 0.5770833333333333 0.95390625 0.26666666666666666 0.0921875
1 0.7760416666666666 0.471875 0.28541666666666665 0.203125
1 0.9239583333333333 0.5203125 0.15208333333333332 0.184375