0 0.5020833333333333 0.5890625 0.38125 0.2890625
1 0.6729166666666667 0.4640625 0.29791666666666666 0.2234375
1 0.66875 0.2171875 0.33125 0.246875
1 0.875 0.3328125 0.24791666666666667 0.2375
1 0.13958333333333334 0.8203125 0.27708333333333335 0.3140625
1 0.15208333333333332 0.5453125 0.30416666666666664 0.31875
1 0.34375 0.35 0.34375 0.2140625
1 0.0875 0.315625 0.175 0.209375
1 0.17916666666666667 0.146875 0.30833333333333335 0.2515625
1 0.4354166666666667 0.1328125 0.22708333333333333 0.215625
1 0.6583333333333333 0.05 0.19791666666666666 0.0953125
1 0.8958333333333334 0.0984375 0.18333333333333332 0.096875
1 0.9270833333333334 0.20625 0.14375 0.103125