1 0.25104166666666666 0.334375 0.23958333333333334 0.146875
1 0.425 0.2515625 0.2625 0.15625
1 0.6604166666666667 0.33828125 0.3854166666666667 0.25625
1 0.784375 0.10546875 0.36875 0.2109375
1 0.8958333333333334 0.28515625 0.19375 0.265625
0 0.41354166666666664 0.471875 0.35833333333333334 0.2515625
1 0.13854166666666667 0.50078125 0.27708333333333335 0.2078125
1 0.265625 0.653125 0.3875 0.2359375
1 0.628125 0.771875 0.41458333333333336 0.3265625
1 0.865625 0.90078125 0.26875 0.1734375
1 0.31354166666666666 0.8875 0.43125 0.225
1 0.11770833333333333 0.83046875 0.19166666666666668 0.2234375