0 0.6072916666666667 0.62421875 0.5041666666666667 0.3390625
1 0.8947916666666667 0.6890625 0.21041666666666667 0.378125
1 0.5229166666666667 0.81328125 0.39791666666666664 0.203125
1 0.29375 0.89609375 0.43333333333333335 0.2078125
1 0.17708333333333334 0.6890625 0.34375 0.2765625
0 0.23333333333333334 0.4203125 0.33541666666666664 0.228125
1 0.36041666666666666 0.50546875 0.20833333333333334 0.140625
1 0.634375 0.37109375 0.48333333333333334 0.2984375
1 0.9229166666666667 0.35703125 0.15416666666666667 0.3078125
1 0.7322916666666667 0.13671875 0.3729166666666667 0.2734375
1 0.4270833333333333 0.2375 0.2604166666666667 0.2140625
1 0.175 0.28515625 0.32708333333333334 0.1453125
1 0.15729166666666666 0.0984375 0.3145833333333333 0.178125
1 0.528125 0.0703125 0.27708333333333335 0.140625
1 0.046875 0.3984375 0.09375 0.15