1 0.64375 0.2375 0.22708333333333333 0.1515625
1 0.8854166666666666 0.2578125 0.22916666666666666 0.1609375
1 0.7541666666666667 0.3921875 0.25833333333333336 0.2046875
1 0.4479166666666667 0.3 0.26666666666666666 0.153125
1 0.5375 0.434375 0.19583333333333333 0.15625
1 0.35208333333333336 0.4578125 0.21875 0.1125
1 0.4791666666666667 0.584375 0.24375 0.1671875
1 0.7541666666666667 0.5703125 0.22916666666666666 0.1484375
1 0.9375 0.4546875 0.125 0.1484375
1 0.9291666666666667 0.58125 0.13958333333333334 0.1046875
1 0.8979166666666667 0.7671875 0.20416666666666666 0.24375
1 0.6541666666666667 0.75 0.26875 0.2296875
1 0.36666666666666664 0.746875 0.26666666666666666 0.2
1 0.2125 0.5921875 0.22916666666666666 0.184375
1 0.15625 0.378125 0.26458333333333334 0.159375
1 0.10416666666666667 0.753125 0.20625 0.171875