1 0.378125 0.51875 0.49583333333333335 0.325
1 0.7979166666666667 0.64765625 0.4041666666666667 0.309375
1 0.28229166666666666 0.7484375 0.3458333333333333 0.2515625
1 0.5583333333333333 0.68515625 0.21666666666666667 0.23125
0 0.8270833333333333 0.421875 0.3458333333333333 0.215625
1 0.38125 0.3234375 0.3645833333333333 0.1671875
1 0.153125 0.3875 0.1375 0.1390625
1 0.44895833333333335 0.21953125 0.17708333333333334 0.103125
1 0.6916666666666667 0.29140625 0.2520833333333333 0.1609375
1 0.9052083333333333 0.278125 0.18333333333333332 0.1421875
1 0.625 0.440625 0.12291666666666666 0.1375