0 0.8291666666666667 0.375 0.26458333333333334 0.1984375
0 0.6583333333333333 0.5265625 0.2916666666666667 0.196875
0 0.725 0.2640625 0.16666666666666666 0.1140625
0 0.9041666666666667 0.2875 0.18958333333333333 0.1140625
0 0.5875 0.2453125 0.16041666666666668 0.10625
0 0.17708333333333334 0.2875 0.15416666666666667 0.121875
1 0.34791666666666665 0.321875 0.21041666666666667 0.165625
1 0.5520833333333334 0.3515625 0.24791666666666667 0.175
1 0.08541666666666667 0.39375 0.15208333333333332 0.1453125
1 0.23125 0.4109375 0.21458333333333332 0.16875
1 0.4083333333333333 0.4703125 0.21875 0.1609375
1 0.6729166666666667 0.70625 0.25 0.225
1 0.43333333333333335 0.6375 0.275 0.1859375
1 0.21041666666666667 0.5765625 0.24375 0.184375
1 0.075 0.5109375 0.14791666666666667 0.1578125
1 0.06666666666666667 0.671875 0.13333333333333333 0.1546875
1 0.20208333333333334 0.7828125 0.2604166666666667 0.215625
1 0.45625 0.853125 0.3625 0.29375
1 0.7083333333333334 0.109375 0.11666666666666667 0.0890625
1 0.8541666666666666 0.128125 0.125 0.0859375
1 0.9625 0.1359375 0.07291666666666667 0.084375
1 0.9270833333333334 0.2203125 0.14583333333333334 0.1046875
1 0.7895833333333333 0.190625 0.15416666666666667 0.0890625
1 0.6479166666666667 0.1796875 0.13958333333333334 0.0796875
1 0.5104166666666666 0.165625 0.11666666666666667 0.0734375
1 0.45 0.228125 0.125 0.0875