1 0.7166666666666667 0.2921875 0.31875 0.23125
1 0.4 0.1828125 0.2520833333333333 0.1796875
1 0.31666666666666665 0.3203125 0.24791666666666667 0.196875
1 0.53125 0.415625 0.24375 0.19375
1 0.7520833333333333 0.515625 0.2708333333333333 0.2671875
1 0.9208333333333333 0.6125 0.15833333333333333 0.2109375
1 0.9104166666666667 0.834375 0.17916666666666667 0.25
1 0.6354166666666666 0.796875 0.37083333333333335 0.2515625
1 0.4979166666666667 0.6046875 0.27708333333333335 0.2234375
1 0.25625 0.5046875 0.24375 0.2109375
1 0.2125 0.7015625 0.34375 0.20625
0 0.13333333333333333 0.884375 0.26666666666666666 0.2296875
1 0.4083333333333333 0.91875 0.3104166666666667 0.1609375
1 0.71875 0.9484375 0.29583333333333334 0.1015625
1 0.94375 0.3421875 0.1125 0.1984375
1 0.9375 0.16875 0.12291666666666666 0.165625