1 0.515625 0.73984375 0.39791666666666664 0.3234375
1 0.8333333333333334 0.73125 0.3333333333333333 0.36875
1 0.8510416666666667 0.4875 0.29791666666666666 0.25625
1 0.6010416666666667 0.37734375 0.35208333333333336 0.271875
1 0.6885416666666667 0.2359375 0.3729166666666667 0.225
1 0.8145833333333333 0.12578125 0.27708333333333335 0.2484375
1 0.459375 0.18046875 0.2125 0.1375
1 0.42083333333333334 0.3 0.21875 0.128125
1 0.37916666666666665 0.42734375 0.20416666666666666 0.159375
1 0.359375 0.5921875 0.30416666666666664 0.1984375
1 0.2125 0.51640625 0.2604166666666667 0.1625
1 0.253125 0.35859375 0.175 0.134375
1 0.125 0.45 0.14791666666666667 0.1125
1 0.23333333333333334 0.27890625 0.13958333333333334 0.06875
1 0.3385416666666667 0.2453125 0.09791666666666667 0.0796875
1 0.078125 0.609375 0.13958333333333334 0.0953125
1 0.12291666666666666 0.69921875 0.19791666666666666 0.1359375
1 0.096875 0.8078125 0.10416666666666667 0.1171875
1 0.12083333333333333 0.9265625 0.1125 0.146875
1 0.3229166666666667 0.940625 0.3333333333333333 0.11875