0 0.41875 0.11171875 0.49583333333333335 0.2234375
0 0.121875 0.578125 0.24375 0.24375
1 0.23020833333333332 0.25078125 0.35625 0.209375
1 0.503125 0.29453125 0.425 0.2625
1 0.846875 0.18359375 0.30625 0.2140625
1 0.790625 0.4578125 0.41875 0.328125
1 0.6541666666666667 0.70703125 0.42916666666666664 0.275
1 0.325 0.6671875 0.41458333333333336 0.38125
0 0.3875 0.4625 0.43333333333333335 0.2734375
1 0.11979166666666667 0.38203125 0.23958333333333334 0.2703125
1 0.19583333333333333 0.109375 0.2375 0.21875