1 0.6770833333333334 0.46875 0.39166666666666666 0.328125
0 0.2708333333333333 0.4015625 0.40625 0.325
1 0.5166666666666667 0.75625 0.3458333333333333 0.334375
1 0.8541666666666666 0.7890625 0.2916666666666667 0.390625
1 0.9208333333333333 0.525 0.15833333333333333 0.1453125
0 0.85625 0.2765625 0.28541666666666665 0.271875
1 0.5333333333333333 0.2328125 0.3 0.240625
1 0.22083333333333333 0.1828125 0.2875 0.1671875
1 0.05625 0.296875 0.11041666666666666 0.209375
1 0.06041666666666667 0.5140625 0.12083333333333333 0.225
1 0.19375 0.6703125 0.3625 0.2546875