0 0.36041666666666666 0.47578125 0.32083333333333336 0.209375
0 0.5791666666666667 0.36796875 0.3625 0.2921875
0 0.6125 0.6 0.3125 0.2296875
0 0.9791666666666666 0.51171875 0.041666666666666664 0.1140625
0 0.7260416666666667 0.1078125 0.25625 0.1640625
0 0.8916666666666667 0.16875 0.21666666666666667 0.18125
0 0.8447916666666667 0.32890625 0.3104166666666667 0.2484375
0 0.43854166666666666 0.121875 0.24375 0.1703125
0 0.34791666666666665 0.24453125 0.2625 0.203125
0 0.140625 0.5921875 0.28125 0.38125
1 0.371875 0.70859375 0.47291666666666665 0.346875
0 0.7375 0.8296875 0.4166666666666667 0.340625
1 0.8645833333333334 0.615625 0.2708333333333333 0.2171875
1 0.7458333333333333 0.48828125 0.17708333333333334 0.15625
1 0.9114583333333334 0.475 0.17083333333333334 0.1390625
1 0.51875 0.0625 0.16666666666666666 0.1046875