1 0.28958333333333336 0.503125 0.4395833333333333 0.2875
1 0.3260416666666667 0.8 0.5479166666666667 0.4
1 0.725 0.65703125 0.55 0.4390625
1 0.6729166666666667 0.359375 0.4895833333333333 0.34375
1 0.32708333333333334 0.25703125 0.43125 0.284375
1 0.6583333333333333 0.16640625 0.375 0.2546875
1 0.65 0.06796875 0.37916666666666665 0.1359375
1 0.196875 0.11640625 0.39375 0.2078125
1 0.1 0.4609375 0.2 0.159375
1 0.09791666666666667 0.33671875 0.19583333333333333 0.1484375
1 0.10208333333333333 0.6296875 0.20208333333333334 0.2171875
1 0.9302083333333333 0.55625 0.13958333333333334 0.2875
1 0.9125 0.31171875 0.13125 0.1765625
1 0.8541666666666666 0.14375 0.15 0.1984375