1 0.5916666666666667 0.25234375 0.3145833333333333 0.203125
1 0.9104166666666667 0.32265625 0.17916666666666667 0.2265625
1 0.83125 0.21171875 0.23541666666666666 0.1625
0 0.7947916666666667 0.46015625 0.3458333333333333 0.246875
1 0.671875 0.6328125 0.28958333333333336 0.221875
1 0.4666666666666667 0.409375 0.2875 0.19375
1 0.225 0.43125 0.26875 0.171875
1 0.3875 0.55859375 0.30416666666666664 0.234375
0 0.23125 0.665625 0.225 0.1859375
0 0.25833333333333336 0.8015625 0.23125 0.1734375
1 0.4583333333333333 0.73828125 0.2125 0.1484375
1 0.646875 0.81484375 0.2875 0.2578125
1 0.8479166666666667 0.915625 0.2125 0.16875
1 0.8604166666666667 0.7375 0.24791666666666667 0.2578125
1 0.44166666666666665 0.9 0.2875 0.2
1 0.09583333333333334 0.5703125 0.19166666666666668 0.1625
1 0.340625 0.32421875 0.21666666666666667 0.121875
1 0.29375 0.22578125 0.25833333333333336 0.1625
1 0.13229166666666667 0.346875 0.23958333333333334 0.15
1 0.11354166666666667 0.23671875 0.15625 0.11875
0 0.6072916666666667 0.090625 0.18958333333333333 0.128125