1 0.4895833333333333 0.2921875 0.39166666666666666 0.253125
0 0.7072916666666667 0.49140625 0.4083333333333333 0.3171875
0 0.315625 0.56640625 0.38958333333333334 0.2859375
0 0.15104166666666666 0.20078125 0.3020833333333333 0.2953125
1 0.37916666666666665 0.16953125 0.31666666666666665 0.1890625
1 0.39791666666666664 0.08203125 0.275 0.1640625
1 0.6177083333333333 0.0484375 0.28125 0.096875
1 0.7625 0.09453125 0.3375 0.1890625
1 0.7239583333333334 0.2015625 0.32083333333333336 0.259375
1 0.86875 0.36640625 0.25416666666666665 0.2234375
1 0.7270833333333333 0.7484375 0.28958333333333336 0.2265625
1 0.9114583333333334 0.7484375 0.17708333333333334 0.278125
1 0.4354166666666667 0.8046875 0.40208333333333335 0.29375
1 0.16354166666666667 0.77421875 0.2708333333333333 0.2796875
1 0.11145833333333334 0.43046875 0.22291666666666668 0.2140625
1 0.3229166666666667 0.38984375 0.29375 0.21875
1 0.08541666666666667 0.58359375 0.17083333333333334 0.1828125