0 0.55625 0.82265625 0.44166666666666665 0.3296875
0 0.35520833333333335 0.58984375 0.29791666666666666 0.178125
0 0.11979166666666667 0.4265625 0.23125 0.178125
1 0.3458333333333333 0.3296875 0.3 0.2125
1 0.27708333333333335 0.2109375 0.22916666666666666 0.171875
1 0.41458333333333336 0.16640625 0.1625 0.10625
1 0.5885416666666666 0.1328125 0.25833333333333336 0.121875
1 0.6177083333333333 0.23046875 0.22708333333333333 0.1265625
1 0.46145833333333336 0.246875 0.125 0.0921875
1 0.65625 0.28984375 0.2833333333333333 0.1875
1 0.7916666666666666 0.43125 0.3416666666666667 0.2515625
1 0.5427083333333333 0.4671875 0.2125 0.175
1 0.34791666666666665 0.475 0.26458333333333334 0.1390625
1 0.15104166666666666 0.55703125 0.225 0.1296875
1 0.10520833333333333 0.33515625 0.15833333333333333 0.0734375
1 0.21145833333333333 0.7890625 0.31875 0.2578125
1 0.6708333333333333 0.61640625 0.3854166666666667 0.278125
1 0.903125 0.6625 0.19375 0.296875
1 0.8427083333333333 0.86015625 0.3145833333333333 0.2390625
1 0.4270833333333333 0.92890625 0.2791666666666667 0.1421875
1 0.23125 0.94921875 0.2791666666666667 0.1015625