1 0.5291666666666667 0.27578125 0.25416666666666665 0.171875
1 0.39479166666666665 0.4265625 0.23541666666666666 0.1609375
1 0.6375 0.40859375 0.23541666666666666 0.15625
1 0.8697916666666666 0.390625 0.2604166666666667 0.1546875
1 0.8083333333333333 0.5109375 0.2916666666666667 0.1890625
1 0.3229166666666667 0.590625 0.26875 0.190625
1 0.27291666666666664 0.76328125 0.2916666666666667 0.2015625
1 0.5229166666666667 0.81015625 0.24166666666666667 0.25625
1 0.6385416666666667 0.61953125 0.27708333333333335 0.2453125
1 0.903125 0.6546875 0.1875 0.20625
1 0.7895833333333333 0.8234375 0.325 0.2296875