0 0.6447916666666667 0.75 0.46458333333333335 0.3453125
0 0.6135416666666667 0.48828125 0.3333333333333333 0.2765625
0 0.8635416666666667 0.4625 0.27291666666666664 0.23125
0 0.2708333333333333 0.23125 0.375 0.215625
0 0.33958333333333335 0.42109375 0.3770833333333333 0.24375
0 0.3020833333333333 0.64765625 0.43125 0.278125
1 0.31145833333333334 0.8546875 0.54375 0.290625
1 0.5916666666666667 0.9453125 0.25 0.109375
1 0.7885416666666667 0.95625 0.21458333333333332 0.0875
1 0.8364583333333333 0.8578125 0.18333333333333332 0.1390625
1 0.85 0.6640625 0.2833333333333333 0.2640625
1 0.7802083333333333 0.2609375 0.33125 0.2453125
1 0.10520833333333333 0.4 0.21041666666666667 0.284375