0 0.26458333333333334 0.3296875 0.26875 0.15625
0 0.19166666666666668 0.4796875 0.25625 0.1625
0 0.4270833333333333 0.5265625 0.19375 0.1796875
0 0.6791666666666667 0.553125 0.23541666666666666 0.1359375
0 0.6416666666666667 0.2046875 0.12083333333333333 0.1203125
0 0.7375 0.2984375 0.17916666666666667 0.1
1 0.6895833333333333 0.384375 0.2 0.16875
0 0.8 0.4703125 0.08333333333333333 0.1328125
1 0.9229166666666667 0.5078125 0.15416666666666667 0.11875
1 0.8875 0.38125 0.14791666666666667 0.1296875
0 0.7229166666666667 0.1734375 0.12708333333333333 0.0921875
1 0.7875 0.259375 0.125 0.084375
1 0.60625 0.0875 0.16041666666666668 0.0984375
1 0.47291666666666665 0.1953125 0.17708333333333334 0.1203125
1 0.51875 0.3234375 0.15833333333333333 0.103125
1 0.28541666666666665 0.634375 0.2708333333333333 0.15625
0 0.09583333333333334 0.2203125 0.18958333333333333 0.159375
1 0.28541666666666665 0.203125 0.21458333333333332 0.1328125
1 0.33541666666666664 0.0890625 0.2 0.1203125
1 0.09166666666666666 0.0828125 0.18333333333333332 0.115625