0 0.3885416666666667 0.515625 0.3229166666666667 0.2375
0 0.40625 0.82890625 0.3541666666666667 0.2921875
0 0.7083333333333334 0.765625 0.3541666666666667 0.2546875
1 0.8552083333333333 0.91171875 0.28958333333333336 0.1578125
1 0.9135416666666667 0.65546875 0.17291666666666666 0.3140625
1 0.7364583333333333 0.3875 0.48333333333333334 0.321875
1 0.6552083333333333 0.6 0.31875 0.171875
1 0.24375 0.36328125 0.225 0.146875
1 0.4041666666666667 0.2984375 0.16458333333333333 0.1703125
1 0.5322916666666667 0.190625 0.3229166666666667 0.225
1 0.7114583333333333 0.12890625 0.18333333333333332 0.1640625
1 0.7729166666666667 0.253125 0.19583333333333333 0.1609375
1 0.9239583333333333 0.2703125 0.13333333333333333 0.1765625
1 0.8864583333333333 0.1203125 0.1875 0.1921875