0 0.46875 0.8734375 0.5166666666666667 0.253125
0 0.23541666666666666 0.58359375 0.3875 0.2828125
1 0.8791666666666667 0.7625 0.24166666666666667 0.39375
1 0.5958333333333333 0.70390625 0.5229166666666667 0.3625
1 0.7020833333333333 0.46015625 0.4 0.2640625
1 0.56875 0.29375 0.3416666666666667 0.2109375
1 0.4739583333333333 0.20859375 0.25416666666666665 0.15
1 0.46145833333333336 0.0890625 0.3145833333333333 0.178125
1 0.2520833333333333 0.12421875 0.2125 0.134375
1 0.109375 0.16328125 0.21875 0.1734375
1 0.30416666666666664 0.21953125 0.19166666666666668 0.1109375
1 0.18020833333333333 0.31796875 0.36041666666666666 0.2609375
1 0.44479166666666664 0.496875 0.225 0.20625
1 0.37916666666666665 0.3390625 0.1375 0.15
1 0.159375 0.86796875 0.22291666666666668 0.2640625
1 0.303125 0.775 0.26458333333333334 0.1671875
1 0.821875 0.9046875 0.28125 0.153125