1 0.36041666666666666 0.1421875 0.2125 0.134375
1 0.60625 0.175 0.2708333333333333 0.1359375
1 0.41458333333333336 0.2671875 0.23541666666666666 0.1375
1 0.60625 0.303125 0.24791666666666667 0.1734375
1 0.8520833333333333 0.278125 0.25625 0.2
1 0.39791666666666664 0.415625 0.25625 0.175
1 0.6395833333333333 0.453125 0.24375 0.18125
1 0.9041666666666667 0.4375 0.19166666666666668 0.1796875
1 0.38125 0.5796875 0.225 0.1859375
1 0.6 0.6140625 0.23541666666666666 0.184375
1 0.8729166666666667 0.625 0.2520833333333333 0.2109375
1 0.3333333333333333 0.778125 0.2916666666666667 0.2265625
1 0.5833333333333334 0.790625 0.24166666666666667 0.23125
1 0.8458333333333333 0.8140625 0.28125 0.2390625