1 0.25833333333333336 0.55 0.4 0.28125
1 0.46041666666666664 0.74375 0.38958333333333334 0.315625
1 0.7895833333333333 0.6828125 0.375 0.240625
1 0.61875 0.4828125 0.35 0.2671875
1 0.8770833333333333 0.4890625 0.24375 0.25
1 0.83125 0.2765625 0.33541666666666664 0.1984375
1 0.48333333333333334 0.2546875 0.34375 0.2296875
1 0.17916666666666667 0.29375 0.3145833333333333 0.23125
1 0.27291666666666664 0.0953125 0.34791666666666665 0.1890625
1 0.73125 0.0921875 0.3458333333333333 0.184375
1 0.7145833333333333 0.90625 0.33958333333333335 0.1859375
1 0.9354166666666667 0.8546875 0.12916666666666668 0.2515625
1 0.3770833333333333 0.9296875 0.4083333333333333 0.1390625
1 0.12083333333333333 0.7640625 0.23958333333333334 0.2984375
1 0.0875 0.940625 0.17291666666666666 0.11875
1 0.058333333333333334 0.459375 0.11666666666666667 0.2453125