0 0.5166666666666667 0.559375 0.23541666666666666 0.1765625
0 0.5479166666666667 0.8890625 0.3229166666666667 0.2203125
0 0.3645833333333333 0.7671875 0.21875 0.11875
0 0.0875 0.7359375 0.175 0.0984375
0 0.09166666666666666 0.853125 0.15 0.19375
0 0.6958333333333333 0.371875 0.13125 0.1
0 0.8166666666666667 0.4359375 0.20208333333333334 0.1234375
1 0.73125 0.5359375 0.18125 0.146875
1 0.33958333333333335 0.4703125 0.2 0.1046875
1 0.3958333333333333 0.3828125 0.12083333333333333 0.0765625
1 0.42083333333333334 0.3046875 0.1 0.0578125
1 0.4895833333333333 0.340625 0.09166666666666666 0.05625
1 0.56875 0.2890625 0.1375 0.06875
1 0.5895833333333333 0.4109375 0.21041666666666667 0.1546875
1 0.8645833333333334 0.60625 0.175 0.1265625
1 0.93125 0.7140625 0.1375 0.109375
1 0.8354166666666667 0.771875 0.24583333333333332 0.165625
1 0.9416666666666667 0.921875 0.11666666666666667 0.153125
1 0.76875 0.89375 0.1875 0.2109375
1 0.26666666666666666 0.8890625 0.2604166666666667 0.2203125
1 0.28125 0.6875 0.15208333333333332 0.1265625
1 0.11666666666666667 0.63125 0.22916666666666666 0.134375
1 0.09166666666666666 0.540625 0.18333333333333332 0.090625