1 0.671875 0.14140625 0.37083333333333335 0.253125
1 0.85625 0.2765625 0.2875 0.253125
0 0.340625 0.2046875 0.29583333333333334 0.190625
0 0.38229166666666664 0.36484375 0.3645833333333333 0.24375
1 0.6697916666666667 0.42421875 0.3229166666666667 0.259375
1 0.5875 0.75 0.3875 0.2734375
1 0.8125 0.75234375 0.30416666666666664 0.2359375
1 0.915625 0.4203125 0.16875 0.203125
1 0.9020833333333333 0.5875 0.19583333333333333 0.209375
1 0.728125 0.5859375 0.34791666666666665 0.221875
1 0.49375 0.615625 0.2791666666666667 0.1796875
1 0.296875 0.66328125 0.31875 0.21875
1 0.2864583333333333 0.51484375 0.27291666666666664 0.178125
0 0.171875 0.29296875 0.3104166666666667 0.2875
1 0.11875 0.4484375 0.2375 0.196875
1 0.134375 0.59453125 0.26875 0.1890625
1 0.16354166666666667 0.1515625 0.18958333333333333 0.15
1 0.25833333333333336 0.05859375 0.2875 0.1171875
1 0.9260416666666667 0.16484375 0.14791666666666667 0.2296875