1 0.6833333333333333 0.4 0.41875 0.296875
1 0.68125 0.7640625 0.5875 0.465625
1 0.31875 0.465625 0.425 0.3265625
1 0.3 0.771875 0.29583333333333334 0.2625
1 0.07708333333333334 0.53125 0.15416666666666667 0.3328125
1 0.0875 0.8328125 0.175 0.3328125
1 0.9041666666666667 0.3109375 0.19166666666666668 0.3328125
1 0.3458333333333333 0.21875 0.32916666666666666 0.20625
1 0.6770833333333334 0.1265625 0.36666666666666664 0.2390625
1 0.3958333333333333 0.0546875 0.3 0.1078125
1 0.12916666666666668 0.1171875 0.25833333333333336 0.2328125