0 0.659375 0.6578125 0.36666666666666664 0.2734375
0 0.3145833333333333 0.60234375 0.39166666666666666 0.31875
0 0.44479166666666664 0.3125 0.25 0.196875
0 0.4427083333333333 0.86171875 0.41458333333333336 0.21875
0 0.10625 0.6109375 0.11666666666666667 0.14375
1 0.13125 0.81015625 0.2625 0.3078125
1 0.64375 0.96796875 0.2916666666666667 0.0640625
1 0.89375 0.953125 0.11666666666666667 0.09375
0 0.821875 0.809375 0.3104166666666667 0.2328125
1 0.20208333333333334 0.42109375 0.34375 0.1765625
0 0.14895833333333333 0.15703125 0.24375 0.2296875
0 0.2760416666666667 0.10703125 0.18333333333333332 0.16875
1 0.42291666666666666 0.153125 0.17708333333333334 0.1265625
1 0.6666666666666666 0.30546875 0.19166666666666668 0.103125
1 0.60625 0.43515625 0.3020833333333333 0.184375
1 0.803125 0.559375 0.23958333333333334 0.2109375
1 0.91875 0.52734375 0.1625 0.1703125
1 0.8520833333333333 0.31328125 0.17291666666666666 0.14375
1 0.9729166666666667 0.40859375 0.05416666666666667 0.0859375
0 0.9677083333333333 0.31328125 0.06458333333333334 0.1140625
1 0.9520833333333333 0.23203125 0.09583333333333334 0.0890625
1 0.8260416666666667 0.196875 0.17291666666666666 0.1140625
1 0.678125 0.2265625 0.18958333333333333 0.084375
1 0.6270833333333333 0.16328125 0.15416666666666667 0.071875
1 0.771875 0.12109375 0.15416666666666667 0.0953125