0 0.27291666666666664 0.325 0.39791666666666664 0.25
0 0.4895833333333333 0.1234375 0.37083333333333335 0.2171875
0 0.3333333333333333 0.565625 0.31666666666666665 0.24375
0 0.7145833333333333 0.8578125 0.33541666666666664 0.2734375
0 0.9479166666666666 0.7796875 0.10208333333333333 0.1578125
1 0.9 0.590625 0.19791666666666666 0.253125
1 0.9229166666666667 0.3640625 0.15208333333333332 0.21875
1 0.6541666666666667 0.3375 0.38125 0.2765625
1 0.6479166666666667 0.584375 0.3875 0.2375
1 0.31875 0.8375 0.45208333333333334 0.3234375
1 0.8479166666666667 0.1296875 0.3020833333333333 0.259375