0 0.309375 0.16484375 0.38333333333333336 0.3265625
0 0.5375 0.16953125 0.23541666666666666 0.2359375
0 0.4822916666666667 0.36484375 0.3729166666666667 0.2703125
0 0.15520833333333334 0.68515625 0.2791666666666667 0.2296875
0 0.7864583333333334 0.11953125 0.30625 0.2078125
1 0.790625 0.30703125 0.3375 0.25625
1 0.7447916666666666 0.5484375 0.4354166666666667 0.353125
1 0.6635416666666667 0.815625 0.4 0.346875
1 0.415625 0.63828125 0.32916666666666666 0.2625
1 0.18541666666666667 0.46484375 0.37083333333333335 0.3015625
1 0.051041666666666666 0.303125 0.10208333333333333 0.190625
1 0.084375 0.17578125 0.16875 0.1984375
1 0.6927083333333334 0.034375 0.3104166666666667 0.06875