0 0.7770833333333333 0.715625 0.3645833333333333 0.3265625
0 0.5375 0.53125 0.29791666666666666 0.2265625
0 0.25833333333333336 0.465625 0.33541666666666664 0.23125
0 0.3645833333333333 0.31484375 0.30625 0.2234375
0 0.7697916666666667 0.4859375 0.26875 0.1859375
0 0.925 0.0796875 0.15 0.134375
1 0.9114583333333334 0.19609375 0.17708333333333334 0.1078125
1 0.7927083333333333 0.3171875 0.26666666666666666 0.2
1 0.9604166666666667 0.328125 0.07916666666666666 0.14375
1 0.9395833333333333 0.478125 0.12083333333333333 0.171875
1 0.409375 0.7203125 0.3416666666666667 0.26875
1 0.5875 0.3 0.17916666666666667 0.1421875
1 0.3770833333333333 0.19140625 0.16666666666666666 0.1
1 0.5552083333333333 0.18125 0.20833333333333334 0.1265625
1 0.7614583333333333 0.19609375 0.2125 0.06875
1 0.7458333333333333 0.11875 0.19583333333333333 0.1171875
1 0.56875 0.08828125 0.18958333333333333 0.121875
1 0.390625 0.0984375 0.175 0.115625
0 0.39166666666666666 0.03359375 0.175 0.0671875
1 0.7427083333333333 0.04609375 0.19791666666666666 0.0828125
1 0.8958333333333334 0.03671875 0.15416666666666667 0.05