1 0.44166666666666665 0.0984375 0.29583333333333334 0.196875
1 0.678125 0.26328125 0.325 0.2484375
1 0.41770833333333335 0.290625 0.31875 0.228125
1 0.19895833333333332 0.3484375 0.38333333333333336 0.25625
1 0.41041666666666665 0.4734375 0.2791666666666667 0.1703125
1 0.20104166666666667 0.58515625 0.40208333333333335 0.2765625
1 0.5083333333333333 0.6796875 0.38125 0.278125
1 0.8104166666666667 0.4484375 0.30833333333333335 0.221875
1 0.8791666666666667 0.25078125 0.2125 0.15625
1 0.90625 0.58671875 0.1875 0.1734375
1 0.8479166666666667 0.7390625 0.2604166666666667 0.265625
1 0.6875 0.58046875 0.2833333333333333 0.2140625
1 0.6427083333333333 0.8140625 0.2520833333333333 0.215625
1 0.38645833333333335 0.87734375 0.31875 0.2390625
1 0.15104166666666666 0.74609375 0.29375 0.1703125
1 0.13020833333333334 0.89375 0.2604166666666667 0.159375
1 0.20833333333333334 0.0859375 0.25 0.171875