0 0.45416666666666666 0.4078125 0.22291666666666668 0.171875
0 0.5104166666666666 0.290625 0.20833333333333334 0.1421875
0 0.88125 0.33125 0.2375 0.1515625
0 0.8708333333333333 0.578125 0.225 0.1640625
0 0.7083333333333334 0.7671875 0.28958333333333336 0.2234375
0 0.6395833333333333 0.2015625 0.10625 0.04375
1 0.7770833333333333 0.1921875 0.15416666666666667 0.0953125
1 0.7083333333333334 0.2828125 0.16666666666666666 0.121875
1 0.7520833333333333 0.428125 0.25625 0.18125
1 0.6333333333333333 0.5890625 0.28541666666666665 0.1609375
1 0.46458333333333335 0.878125 0.3458333333333333 0.2421875
1 0.25833333333333336 0.725 0.30416666666666664 0.221875
1 0.3625 0.5453125 0.21458333333333332 0.1875
1 0.11875 0.5953125 0.2375 0.1625
1 0.058333333333333334 0.784375 0.11666666666666667 0.21875
1 0.1875 0.475 0.23541666666666666 0.1515625
1 0.2520833333333333 0.378125 0.17291666666666666 0.0875
1 0.3770833333333333 0.303125 0.1 0.0953125
1 0.36875 0.2234375 0.10416666666666667 0.084375
1 0.5104166666666666 0.1859375 0.14583333333333334 0.065625
1 0.6770833333333334 0.159375 0.09375 0.053125
1 0.9541666666666667 0.4703125 0.08958333333333333 0.1375