0 0.4791666666666667 0.3640625 0.32916666666666666 0.2859375
0 0.659375 0.3890625 0.20208333333333334 0.2109375
0 0.5770833333333333 0.58515625 0.32083333333333336 0.2609375
0 0.11666666666666667 0.3859375 0.225 0.1828125
0 0.13020833333333334 0.8015625 0.2604166666666667 0.253125
1 0.2625 0.61796875 0.40208333333333335 0.278125
1 0.4010416666666667 0.8125 0.31666666666666665 0.253125
1 0.7552083333333334 0.7890625 0.4 0.321875
1 0.615625 0.93515625 0.35208333333333336 0.1296875
1 0.8520833333333333 0.57578125 0.29583333333333334 0.2265625
0 0.8885416666666667 0.40234375 0.22291666666666668 0.1578125
1 0.85625 0.2421875 0.2875 0.184375
1 0.43854166666666666 0.1875 0.3 0.1546875
1 0.19895833333333332 0.12578125 0.2520833333333333 0.1359375
0 0.10416666666666667 0.23828125 0.125 0.128125
1 0.22916666666666666 0.28515625 0.23125 0.18125