0 0.6072916666666667 0.65078125 0.3645833333333333 0.2390625
1 0.7927083333333333 0.8375 0.38125 0.29375
1 0.48020833333333335 0.846875 0.37083333333333335 0.284375
1 0.28125 0.93515625 0.325 0.1296875
1 0.17708333333333334 0.825 0.2708333333333333 0.290625
1 0.26979166666666665 0.6640625 0.3770833333333333 0.259375
1 0.3333333333333333 0.44609375 0.33541666666666664 0.2625
1 0.603125 0.46875 0.30833333333333335 0.221875
1 0.528125 0.28828125 0.35 0.240625
1 0.12083333333333333 0.45234375 0.24166666666666667 0.3046875
1 0.22708333333333333 0.26796875 0.3333333333333333 0.234375
1 0.046875 0.2703125 0.09375 0.175
1 0.10416666666666667 0.12890625 0.20833333333333334 0.1859375