1 0.5958333333333333 0.54921875 0.32083333333333336 0.2328125
0 0.7010416666666667 0.75390625 0.28958333333333336 0.1953125
0 0.39375 0.87109375 0.3541666666666667 0.2578125
0 0.128125 0.90078125 0.23125 0.1984375
0 0.12083333333333333 0.68359375 0.23333333333333334 0.2328125
0 0.41354166666666664 0.34453125 0.22083333333333333 0.15
0 0.6125 0.415625 0.25625 0.1296875
1 0.365625 0.51796875 0.23333333333333334 0.171875
1 0.21770833333333334 0.39453125 0.2791666666666667 0.184375
1 0.3125 0.190625 0.2125 0.153125
0 0.4979166666666667 0.2390625 0.19166666666666668 0.1234375
1 0.6375 0.32265625 0.18333333333333332 0.1015625
1 0.809375 0.4203125 0.2 0.1484375
1 0.925 0.5515625 0.15 0.15625
1 0.7895833333333333 0.5796875 0.17291666666666666 0.1953125
1 0.07916666666666666 0.4984375 0.15833333333333333 0.175