1 0.40729166666666666 0.1140625 0.35833333333333334 0.2015625
1 0.7552083333333334 0.1921875 0.35208333333333336 0.240625
1 0.459375 0.27734375 0.3458333333333333 0.2015625
1 0.775 0.40546875 0.45 0.2828125
1 0.909375 0.578125 0.18125 0.28125
0 0.6479166666666667 0.65234375 0.3854166666666667 0.3078125
0 0.6802083333333333 0.92109375 0.36041666666666666 0.1578125
1 0.8416666666666667 0.84765625 0.2708333333333333 0.3046875
1 0.42604166666666665 0.79609375 0.4 0.2890625
0 0.15416666666666667 0.80625 0.30833333333333335 0.265625
1 0.16041666666666668 0.609375 0.32083333333333336 0.246875
0 0.21458333333333332 0.41875 0.32083333333333336 0.2453125
1 0.42604166666666665 0.4921875 0.3729166666666667 0.3