1 0.55625 0.39296875 0.425 0.303125
1 0.5864583333333333 0.63046875 0.43333333333333335 0.3109375
1 0.31875 0.44453125 0.32083333333333336 0.2171875
1 0.15416666666666667 0.59296875 0.30833333333333335 0.3109375
1 0.04479166666666667 0.8703125 0.08958333333333333 0.121875
1 0.23541666666666666 0.9078125 0.3645833333333333 0.1703125
0 0.565625 0.93359375 0.39791666666666664 0.1328125
1 0.8489583333333334 0.85234375 0.15 0.171875
1 0.8375 0.73828125 0.24583333333333332 0.203125
1 0.859375 0.60390625 0.19583333333333333 0.13125
1 0.7635416666666667 0.50546875 0.22916666666666666 0.1921875
1 0.3458333333333333 0.2921875 0.24166666666666667 0.153125
1 0.1625 0.31796875 0.28541666666666665 0.228125
1 0.08333333333333333 0.41015625 0.16458333333333333 0.14375
1 0.934375 0.43984375 0.13125 0.0953125
1 0.9291666666666667 0.534375 0.14166666666666666 0.121875
1 0.7895833333333333 0.4125 0.18541666666666667 0.1046875