0 0.38958333333333334 0.33125 0.3145833333333333 0.2375
0 0.46458333333333335 0.5234375 0.28541666666666665 0.1671875
0 0.4625 0.7109375 0.2625 0.221875
0 0.10208333333333333 0.7390625 0.20416666666666666 0.4203125
1 0.20625 0.65 0.3 0.2578125
1 0.18333333333333332 0.4609375 0.2791666666666667 0.1765625
1 0.5354166666666667 0.2171875 0.22916666666666666 0.2
1 0.5854166666666667 0.11875 0.21875 0.11875
1 0.3145833333333333 0.146875 0.21666666666666667 0.14375
1 0.15 0.1296875 0.14166666666666666 0.1203125
1 0.12083333333333333 0.2359375 0.21875 0.1109375
1 0.05416666666666667 0.3578125 0.10833333333333334 0.1671875
1 0.36875 0.8953125 0.3333333333333333 0.209375
1 0.1875 0.9421875 0.36041666666666666 0.115625
1 0.17916666666666667 0.3109375 0.14166666666666666 0.1109375