1 0.25 0.5109375 0.46875 0.3375
1 0.39375 0.73203125 0.46875 0.36875
1 0.7322916666666667 0.72421875 0.43333333333333335 0.29375
1 0.6208333333333333 0.5015625 0.4166666666666667 0.315625
1 0.8583333333333333 0.54765625 0.2833333333333333 0.2828125
1 0.846875 0.3328125 0.30625 0.246875
1 0.5520833333333334 0.2578125 0.4 0.278125
1 0.24375 0.2484375 0.37083333333333335 0.275
1 0.3885416666666667 0.09375 0.39375 0.1875
1 0.821875 0.1375 0.35625 0.234375
1 0.5958333333333333 0.90625 0.38333333333333336 0.1875
1 0.8270833333333333 0.890625 0.19583333333333333 0.21875
1 0.2604166666666667 0.9 0.4375 0.2
1 0.10729166666666666 0.69921875 0.21458333333333332 0.3296875
1 0.0375 0.865625 0.075 0.14375
1 0.084375 0.39140625 0.16875 0.2578125