0 0.71875 0.47890625 0.39791666666666664 0.2625
0 0.35625 0.72109375 0.40208333333333335 0.309375
0 0.09166666666666666 0.83203125 0.18333333333333332 0.2578125
0 0.3697916666666667 0.07734375 0.2520833333333333 0.1546875
1 0.14583333333333334 0.06796875 0.225 0.1359375
1 0.14270833333333333 0.16328125 0.24375 0.221875
1 0.6958333333333333 0.1921875 0.31666666666666665 0.2125
1 0.43333333333333335 0.36484375 0.26458333333333334 0.2
1 0.31666666666666665 0.29609375 0.22083333333333333 0.190625
1 0.1375 0.35390625 0.26666666666666666 0.1984375
1 0.178125 0.59453125 0.24375 0.19375
1 0.171875 0.475 0.21875 0.1125
1 0.671875 0.7140625 0.36666666666666664 0.275
1 0.915625 0.390625 0.16875 0.2375
1 0.9083333333333333 0.6265625 0.18333333333333332 0.2265625
1 0.8520833333333333 0.84765625 0.25 0.2
1 0.621875 0.9171875 0.35625 0.165625
1 0.15104166666666666 0.06796875 0.23125 0.1359375