1 0.51875 0.1578125 0.27291666666666664 0.1890625
1 0.284375 0.18515625 0.20833333333333334 0.1625
1 0.4010416666666667 0.240625 0.2375 0.184375
1 0.5572916666666666 0.3453125 0.26666666666666666 0.178125
1 0.5916666666666667 0.490625 0.2875 0.209375
1 0.8385416666666666 0.53046875 0.3125 0.234375
1 0.6614583333333334 0.6453125 0.26458333333333334 0.203125
1 0.35625 0.56328125 0.26875 0.228125
1 0.171875 0.2234375 0.2125 0.153125
1 0.33125 0.35625 0.2791666666666667 0.221875
1 0.153125 0.325 0.22708333333333333 0.1515625
1 0.19375 0.4578125 0.29375 0.2234375
1 0.10208333333333333 0.6078125 0.20416666666666666 0.225
1 0.42916666666666664 0.75234375 0.29791666666666666 0.296875
1 0.6395833333333333 0.85390625 0.3958333333333333 0.2921875
1 0.8270833333333333 0.72578125 0.275 0.2453125