0 0.29270833333333335 0.240625 0.32083333333333336 0.2453125
0 0.47708333333333336 0.36484375 0.35 0.2484375
0 0.390625 0.8390625 0.43125 0.321875
1 0.303125 0.553125 0.40208333333333335 0.340625
1 0.615625 0.6203125 0.35833333333333334 0.309375
1 0.8614583333333333 0.62421875 0.27708333333333335 0.2984375
1 0.8010416666666667 0.41796875 0.39791666666666664 0.29375
1 0.6260416666666667 0.253125 0.29375 0.18125
0 0.46770833333333334 0.14375 0.2791666666666667 0.203125
1 0.290625 0.08359375 0.27291666666666664 0.1671875
1 0.12395833333333334 0.27421875 0.18541666666666667 0.175
1 0.09270833333333334 0.4453125 0.18541666666666667 0.225
1 0.09895833333333333 0.8453125 0.19791666666666666 0.23125