1 0.2625 0.39375 0.525 0.384375
1 0.6041666666666666 0.4890625 0.38333333333333336 0.265625
1 0.8260416666666667 0.36171875 0.33541666666666664 0.2515625
1 0.8802083333333334 0.57734375 0.23958333333333334 0.2703125
1 0.7458333333333333 0.68828125 0.41458333333333336 0.2890625
1 0.878125 0.815625 0.24375 0.26875
1 0.6322916666666667 0.89140625 0.3854166666666667 0.2171875
1 0.4395833333333333 0.7421875 0.3645833333333333 0.2796875
1 0.2947916666666667 0.58515625 0.34375 0.1890625
1 0.08854166666666667 0.49453125 0.17708333333333334 0.2265625
1 0.17395833333333333 0.715625 0.3 0.2921875
1 0.29375 0.9 0.36666666666666664 0.2
1 0.03958333333333333 0.3515625 0.07916666666666666 0.184375
1 0.26875 0.1375 0.42916666666666664 0.2734375
1 0.5625 0.08203125 0.32916666666666666 0.1640625
1 0.7666666666666667 0.0765625 0.22916666666666666 0.153125
1 0.7229166666666667 0.19296875 0.3458333333333333 0.25625
1 0.4947916666666667 0.28125 0.29375 0.240625