0 0.6958333333333333 0.559375 0.38958333333333334 0.228125
0 0.484375 0.47734375 0.25833333333333336 0.1953125
0 0.46979166666666666 0.3421875 0.17916666666666667 0.153125
0 0.6041666666666666 0.20703125 0.26666666666666666 0.2
0 0.27395833333333336 0.3875 0.23125 0.11875
0 0.21666666666666667 0.5015625 0.30625 0.1578125
0 0.13333333333333333 0.67890625 0.26666666666666666 0.2078125
1 0.4395833333333333 0.70078125 0.34375 0.271875
1 0.21354166666666666 0.8625 0.3541666666666667 0.2640625
1 0.55625 0.9109375 0.3875 0.178125
1 0.8166666666666667 0.82109375 0.3458333333333333 0.3578125
1 0.8552083333333333 0.375 0.26458333333333334 0.1984375
1 0.6447916666666667 0.37109375 0.23541666666666666 0.1375
1 0.7979166666666667 0.26953125 0.21458333333333332 0.125
1 0.9239583333333333 0.134375 0.15208333333333332 0.134375
1 0.9635416666666666 0.23515625 0.07291666666666667 0.1515625
1 0.778125 0.15859375 0.14166666666666666 0.0984375
1 0.9177083333333333 0.05 0.16458333333333333 0.075