0 0.48125 0.5671875 0.32708333333333334 0.2140625
0 0.89375 0.6890625 0.17291666666666666 0.196875
1 0.7385416666666667 0.77890625 0.32708333333333334 0.2609375
1 0.83125 0.91015625 0.16666666666666666 0.1796875
1 0.47604166666666664 0.77421875 0.35208333333333336 0.26875
1 0.24895833333333334 0.6578125 0.30833333333333335 0.259375
1 0.7489583333333333 0.55234375 0.325 0.228125
1 0.8979166666666667 0.43046875 0.20416666666666666 0.2453125
1 0.4354166666666667 0.3828125 0.39166666666666666 0.24375
1 0.534375 0.23515625 0.30416666666666664 0.240625
1 0.7489583333333333 0.2984375 0.34375 0.290625
1 0.9302083333333333 0.25 0.13958333333333334 0.1875
1 0.76875 0.12890625 0.3145833333333333 0.196875
1 0.9395833333333333 0.11484375 0.12083333333333333 0.1234375
1 0.70625 0.04921875 0.25625 0.090625