0 0.7260416666666667 0.82890625 0.45416666666666666 0.3390625
0 0.7479166666666667 0.4265625 0.23541666666666666 0.1828125
0 0.29583333333333334 0.21484375 0.2625 0.196875
0 0.3885416666666667 0.08828125 0.23125 0.175
0 0.8 0.12421875 0.275 0.221875
1 0.6 0.2421875 0.29583333333333334 0.2203125
1 0.46770833333333334 0.41796875 0.275 0.184375
0 0.4708333333333333 0.58125 0.2875 0.2234375
1 0.22291666666666668 0.38671875 0.25 0.2015625
1 0.121875 0.52578125 0.24375 0.1953125
1 0.209375 0.7265625 0.3770833333333333 0.334375
1 0.04895833333333333 0.38984375 0.09791666666666667 0.1109375
1 0.0875 0.28046875 0.175 0.1421875
1 0.15 0.16875 0.13125 0.0921875
1 0.89375 0.315625 0.18958333333333333 0.2203125
1 0.61875 0.07578125 0.16666666666666666 0.1515625