1 0.16875 0.3125 0.3375 0.2375
1 0.46875 0.38125 0.26875 0.209375
1 0.73125 0.4296875 0.3104166666666667 0.1921875
1 0.8395833333333333 0.6328125 0.31875 0.2546875
1 0.5541666666666667 0.590625 0.34375 0.2328125
1 0.6895833333333333 0.8296875 0.41458333333333336 0.303125
1 0.22291666666666668 0.5375 0.38125 0.2265625
1 0.14583333333333334 0.725 0.2916666666666667 0.246875
1 0.32916666666666666 0.88125 0.39166666666666666 0.2359375
1 0.9104166666666667 0.321875 0.17916666666666667 0.2171875
1 0.7333333333333333 0.2375 0.25833333333333336 0.2015625
1 0.48541666666666666 0.1953125 0.2604166666666667 0.1875
1 0.6604166666666667 0.078125 0.23125 0.15625
1 0.85 0.0625 0.175 0.1234375
1 0.9270833333333334 0.1546875 0.14375 0.1796875
1 0.39166666666666666 0.059375 0.29583333333333334 0.11875
1 0.21458333333333332 0.1484375 0.30833333333333335 0.221875
1 0.0875 0.1 0.17291666666666666 0.2