0 0.19166666666666668 0.59921875 0.38333333333333336 0.4296875
0 0.5427083333333333 0.79453125 0.6729166666666667 0.4109375
0 0.8177083333333334 0.91640625 0.21041666666666667 0.1671875
0 0.7572916666666667 0.4671875 0.48541666666666666 0.446875
1 0.4635416666666667 0.11171875 0.50625 0.2234375
1 0.8052083333333333 0.11171875 0.24375 0.1796875
1 0.671875 0.2625 0.3333333333333333 0.190625
1 0.44895833333333335 0.46484375 0.2916666666666667 0.284375
1 0.32395833333333335 0.25 0.35208333333333336 0.2453125
1 0.18020833333333333 0.12109375 0.23541666666666666 0.2046875
1 0.21354166666666666 0.03046875 0.18541666666666667 0.0609375
1 0.103125 0.26953125 0.14583333333333334 0.1703125
1 0.175 0.390625 0.32083333333333336 0.1765625
1 0.13333333333333333 0.8625 0.26666666666666666 0.215625
1 0.9322916666666666 0.18671875 0.13541666666666666 0.2546875