0 0.740625 0.77578125 0.44375 0.3875
0 0.5875 0.20859375 0.2833333333333333 0.2015625
0 0.4947916666666667 0.32890625 0.3104166666666667 0.1625
0 0.515625 0.48984375 0.48125 0.33125
0 0.17916666666666667 0.47734375 0.35833333333333334 0.2734375
0 0.34791666666666665 0.74921875 0.4395833333333333 0.3609375
1 0.09479166666666666 0.73671875 0.18958333333333333 0.3453125
1 0.7708333333333334 0.475 0.3645833333333333 0.2453125
1 0.7979166666666667 0.28359375 0.3125 0.215625
1 0.37083333333333335 0.0734375 0.30416666666666664 0.146875
1 0.34270833333333334 0.1921875 0.25833333333333336 0.171875
1 0.17708333333333334 0.1375 0.2 0.1921875
1 0.21145833333333333 0.30546875 0.3458333333333333 0.203125