1 0.7645833333333333 0.853125 0.44583333333333336 0.2921875
1 0.3770833333333333 0.834375 0.34375 0.2859375
1 0.11458333333333333 0.8453125 0.22708333333333333 0.3078125
1 0.55 0.61875 0.36666666666666664 0.196875
1 0.21041666666666667 0.6171875 0.34375 0.215625
1 0.10833333333333334 0.465625 0.21666666666666667 0.190625
1 0.40625 0.4453125 0.29583333333333334 0.184375
1 0.7145833333333333 0.4609375 0.33958333333333335 0.225
1 0.5729166666666666 0.3078125 0.2791666666666667 0.146875
1 0.23333333333333334 0.340625 0.30416666666666664 0.184375
1 0.19791666666666666 0.1875 0.27291666666666664 0.1765625
1 0.43125 0.2390625 0.21458333333333332 0.1421875
1 0.6770833333333334 0.2203125 0.2520833333333333 0.1484375
1 0.5645833333333333 0.09375 0.2604166666666667 0.1640625
1 0.34791666666666665 0.1140625 0.23333333333333334 0.13125