1 0.41041666666666665 0.215625 0.4625 0.33125
1 0.7239583333333334 0.2546875 0.3875 0.296875
1 0.5583333333333333 0.4875 0.36041666666666666 0.2703125
1 0.840625 0.46171875 0.31875 0.2921875
1 0.8510416666666667 0.7125 0.29791666666666666 0.371875
1 0.584375 0.74375 0.41041666666666665 0.34375
1 0.25729166666666664 0.7015625 0.38958333333333334 0.296875
1 0.27395833333333336 0.4625 0.425 0.328125
1 0.13229166666666667 0.3140625 0.25625 0.178125
1 0.071875 0.4765625 0.14375 0.171875
1 0.19166666666666668 0.12421875 0.36041666666666666 0.2140625
1 0.7052083333333333 0.06875 0.3770833333333333 0.1375
1 0.828125 0.16796875 0.2375 0.265625