1 0.32083333333333336 0.13828125 0.29791666666666666 0.2
1 0.16979166666666667 0.2421875 0.25833333333333336 0.178125
1 0.41770833333333335 0.2828125 0.3458333333333333 0.23125
1 0.6520833333333333 0.30390625 0.275 0.21875
1 0.5864583333333333 0.178125 0.25416666666666665 0.1640625
1 0.1 0.4015625 0.2 0.25
1 0.32708333333333334 0.4328125 0.36875 0.2625
1 0.6208333333333333 0.4890625 0.30625 0.2203125
1 0.825 0.43046875 0.22291666666666668 0.1828125
1 0.8072916666666666 0.66796875 0.35 0.284375
1 0.4375 0.67734375 0.425 0.315625
1 0.14270833333333333 0.63046875 0.28541666666666665 0.2984375
1 0.334375 0.9328125 0.33125 0.134375