0 0.23125 0.30859375 0.33958333333333335 0.2921875
0 0.49270833333333336 0.26015625 0.3229166666666667 0.23125
0 0.571875 0.42734375 0.31666666666666665 0.175
0 0.7854166666666667 0.503125 0.42916666666666664 0.265625
0 0.8260416666666667 0.775 0.34791666666666665 0.359375
0 0.5052083333333334 0.68515625 0.37083333333333335 0.296875
0 0.18020833333333333 0.70390625 0.32708333333333334 0.2796875
0 0.1625 0.5015625 0.325 0.240625
1 0.40729166666666666 0.5453125 0.225 0.1453125
1 0.37395833333333334 0.42421875 0.17291666666666666 0.1015625
1 0.725 0.32109375 0.22708333333333333 0.1671875
1 0.8145833333333333 0.15703125 0.24166666666666667 0.19375
1 0.9020833333333333 0.29453125 0.14583333333333334 0.171875
1 0.46875 0.88125 0.4125 0.2375
1 0.959375 0.696875 0.08125 0.24375
1 0.6447916666666667 0.08125 0.3020833333333333 0.1625
1 0.43854166666666666 0.05234375 0.19791666666666666 0.1046875
1 0.3020833333333333 0.10078125 0.21875 0.1265625
0 0.4947916666666667 0.11953125 0.1375 0.1234375
1 0.165625 0.184375 0.18541666666666667 0.09375
1 0.051041666666666666 0.28125 0.10208333333333333 0.1375
1 0.07083333333333333 0.3828125 0.14166666666666666 0.125
1 0.11979166666666667 0.115625 0.23333333333333334 0.11875
1 0.036458333333333336 0.1640625 0.07291666666666667 0.140625
1 0.09791666666666667 0.0671875 0.19583333333333333 0.06875