0 0.49375 0.67734375 0.46875 0.3328125
0 0.6802083333333333 0.44765625 0.3145833333333333 0.225
0 0.5239583333333333 0.33359375 0.24166666666666667 0.1984375
0 0.5020833333333333 0.19765625 0.20833333333333334 0.0953125
0 0.284375 0.24375 0.15625 0.115625
0 0.31666666666666665 0.35859375 0.20833333333333334 0.1734375
0 0.28229166666666666 0.128125 0.22916666666666666 0.153125
0 0.12291666666666666 0.209375 0.21041666666666667 0.1203125
0 0.08645833333333333 0.31015625 0.17291666666666666 0.1171875
0 0.13645833333333332 0.4328125 0.2708333333333333 0.165625
0 0.12708333333333333 0.60234375 0.25416666666666665 0.225