1 0.5083333333333333 0.4109375 0.425 0.2890625
1 0.33958333333333335 0.66640625 0.4125 0.3
1 0.709375 0.81953125 0.58125 0.3609375
1 0.859375 0.59453125 0.28125 0.3203125
1 0.8635416666666667 0.3421875 0.26875 0.2078125
1 0.8375 0.1578125 0.29791666666666666 0.190625
1 0.12291666666666666 0.82421875 0.24166666666666667 0.3515625
1 0.19479166666666667 0.46640625 0.22708333333333333 0.1703125
1 0.07291666666666667 0.58046875 0.14583333333333334 0.1453125
1 0.053125 0.44296875 0.10625 0.1078125
1 0.09583333333333334 0.31171875 0.19166666666666668 0.1609375
1 0.25833333333333336 0.340625 0.15833333333333333 0.084375
1 0.35 0.2375 0.18958333333333333 0.1265625
1 0.48541666666666666 0.128125 0.15416666666666667 0.08125
1 0.5635416666666667 0.19609375 0.2 0.1
1 0.696875 0.11796875 0.15208333333333332 0.1109375
1 0.590625 0.0765625 0.1125 0.1109375
1 0.34270833333333334 0.90390625 0.23958333333333334 0.1921875