0 0.4822916666666667 0.2828125 0.40625 0.2875
0 0.6916666666666667 0.221875 0.20833333333333334 0.15625
0 0.646875 0.0890625 0.27291666666666664 0.178125
0 0.25104166666666666 0.10625 0.21041666666666667 0.1796875
0 0.30416666666666664 0.7140625 0.42083333333333334 0.2578125
1 0.6802083333333333 0.50546875 0.33958333333333335 0.2515625
1 0.7979166666666667 0.76015625 0.4041666666666667 0.3234375
1 0.24583333333333332 0.915625 0.4083333333333333 0.16875
0 0.075 0.8046875 0.125 0.265625
0 0.20416666666666666 0.50390625 0.27291666666666664 0.2125
0 0.06666666666666667 0.44609375 0.13333333333333333 0.1609375
0 0.0625 0.6046875 0.12291666666666666 0.16875
1 0.22395833333333334 0.346875 0.1875 0.15
1 0.075 0.3125 0.15 0.146875
1 0.08645833333333333 0.1984375 0.17291666666666666 0.134375
1 0.24479166666666666 0.228125 0.18958333333333333 0.1109375
1 0.44375 0.1375 0.19375 0.1046875
1 0.0875 0.09375 0.175 0.125