0 0.7541666666666667 0.41953125 0.49166666666666664 0.3328125
0 0.19583333333333333 0.49765625 0.39166666666666666 0.3328125
0 0.5197916666666667 0.70390625 0.5770833333333333 0.378125
1 0.15 0.82890625 0.3 0.3078125
1 0.5583333333333333 0.92734375 0.4375 0.1453125
1 0.8229166666666666 0.9109375 0.2791666666666667 0.178125
1 0.8875 0.7296875 0.20625 0.290625
1 0.5260416666666666 0.0953125 0.43125 0.190625
1 0.6541666666666667 0.25 0.31666666666666665 0.1578125
1 0.7989583333333333 0.10859375 0.17708333333333334 0.1890625
1 0.9302083333333333 0.11796875 0.13958333333333334 0.1890625
1 0.35520833333333335 0.21640625 0.3645833333333333 0.215625
1 0.234375 0.33671875 0.2604166666666667 0.1078125
1 0.446875 0.41328125 0.22291666666666668 0.2328125
1 0.17604166666666668 0.10078125 0.2625 0.1703125
1 0.13125 0.221875 0.15 0.115625