0 0.11770833333333333 0.546875 0.23541666666666666 0.1875
0 0.04583333333333333 0.7125 0.09166666666666666 0.221875
0 0.30833333333333335 0.47109375 0.24791666666666667 0.15625
0 0.29270833333333335 0.33125 0.18958333333333333 0.1359375
0 0.7885416666666667 0.47265625 0.27708333333333335 0.23125
0 0.5739583333333333 0.53203125 0.20416666666666666 0.134375
0 0.42083333333333334 0.878125 0.34375 0.2375
0 0.8614583333333333 0.68203125 0.2604166666666667 0.2015625
0 0.9489583333333333 0.49609375 0.10208333333333333 0.1640625
0 0.6510416666666666 0.28671875 0.24583333333333332 0.1328125
1 0.42604166666666665 0.2390625 0.225 0.1390625
1 0.4708333333333333 0.3671875 0.18958333333333333 0.159375
1 0.640625 0.40078125 0.19375 0.13125
1 0.9645833333333333 0.3578125 0.07083333333333333 0.13125
1 0.584375 0.6921875 0.3729166666666667 0.2546875
1 0.75 0.8765625 0.3375 0.246875
1 0.9104166666666667 0.87109375 0.12916666666666668 0.2109375