1 0.19479166666666667 0.07109375 0.22916666666666666 0.125
1 0.38958333333333334 0.06015625 0.20625 0.1203125
1 0.5895833333333333 0.04765625 0.175 0.0953125
1 0.7541666666666667 0.06796875 0.20833333333333334 0.1359375
1 0.46875 0.11953125 0.22916666666666666 0.16875
1 0.17916666666666667 0.15234375 0.2604166666666667 0.1671875
1 0.6802083333333333 0.1265625 0.25 0.1390625
1 0.14166666666666666 0.265625 0.2833333333333333 0.209375
1 0.38333333333333336 0.25703125 0.24583333333333332 0.19375
1 0.6145833333333334 0.3140625 0.3333333333333333 0.2484375
1 0.89375 0.2484375 0.19375 0.221875
1 0.13645833333333332 0.4796875 0.27291666666666664 0.246875
1 0.42604166666666665 0.434375 0.32916666666666666 0.2125
1 0.709375 0.48671875 0.3125 0.15625
1 0.8958333333333334 0.43984375 0.20833333333333334 0.1796875
1 0.45625 0.625 0.3416666666666667 0.2359375
1 0.778125 0.6921875 0.41458333333333336 0.2875
1 0.528125 0.86640625 0.3729166666666667 0.2671875
1 0.9083333333333333 0.884375 0.18333333333333332 0.203125