1 0.6041666666666666 0.659375 0.2875 0.2578125
1 0.35625 0.64765625 0.26666666666666666 0.221875
1 0.7125 0.475 0.28541666666666665 0.190625
1 0.8958333333333334 0.4734375 0.20833333333333334 0.165625
1 0.8947916666666667 0.35 0.19166666666666668 0.1453125
1 0.478125 0.38671875 0.20416666666666666 0.0859375
1 0.46041666666666664 0.48671875 0.25416666666666665 0.1484375
1 0.23854166666666668 0.4796875 0.23958333333333334 0.1609375
1 0.309375 0.36953125 0.17291666666666666 0.1140625
1 0.41770833333333335 0.296875 0.13958333333333334 0.1046875
1 0.5864583333333333 0.20546875 0.20416666666666666 0.134375
1 0.5645833333333333 0.31875 0.16666666666666666 0.1015625
0 0.7333333333333333 0.315625 0.18125 0.11875
0 0.8552083333333333 0.6671875 0.28958333333333336 0.278125
0 0.12395833333333334 0.625 0.24375 0.2375
0 0.134375 0.3375 0.16875 0.121875
1 0.26666666666666666 0.25625 0.18125 0.1390625
1 0.546875 0.096875 0.18125 0.1390625
1 0.7395833333333334 0.1140625 0.225 0.1546875
1 0.80625 0.05078125 0.18333333333333332 0.1015625
1 0.9114583333333334 0.0453125 0.08125 0.090625
1 0.553125 0.028125 0.19791666666666666 0.05625
1 0.41875 0.08828125 0.17083333333333334 0.153125
1 0.30520833333333336 0.0984375 0.16666666666666666 0.1359375
1 0.06770833333333333 0.225 0.13541666666666666 0.13125
1 0.026041666666666668 0.34453125 0.052083333333333336 0.1328125
1 0.11979166666666667 0.1625 0.13125 0.0859375
1 0.027083333333333334 0.15 0.05416666666666667 0.0625
1 0.065625 0.0953125 0.08541666666666667 0.0578125
1 0.15625 0.11640625 0.12083333333333333 0.071875
1 0.184375 0.071875 0.10833333333333334 0.0453125