0 0.17083333333333334 0.55859375 0.3416666666666667 0.2015625
0 0.103125 0.384375 0.20625 0.2109375
0 0.428125 0.275 0.27291666666666664 0.1484375
0 0.6375 0.50859375 0.16041666666666668 0.1515625
0 0.8833333333333333 0.20546875 0.13125 0.0859375
0 0.41770833333333335 0.09609375 0.19583333333333333 0.175
0 0.7479166666666667 0.68046875 0.2708333333333333 0.203125
1 0.5072916666666667 0.62890625 0.2520833333333333 0.209375
0 0.21354166666666666 0.78125 0.35208333333333336 0.2046875
1 0.45729166666666665 0.9109375 0.40208333333333335 0.178125
1 0.80625 0.884375 0.35 0.23125
1 0.43854166666666666 0.42421875 0.30833333333333335 0.1875
1 0.20833333333333334 0.31171875 0.25 0.171875
1 0.078125 0.1765625 0.11875 0.1109375
1 0.23958333333333334 0.0625 0.175 0.125
1 0.578125 0.09296875 0.18125 0.1578125
1 0.7 0.04921875 0.125 0.0890625
1 0.7427083333333333 0.1671875 0.16041666666666668 0.13125
1 0.6177083333333333 0.3390625 0.14791666666666667 0.13125
1 0.7125 0.3015625 0.15208333333333332 0.103125
1 0.8104166666666667 0.26484375 0.15 0.0765625
1 0.8020833333333334 0.38828125 0.23541666666666666 0.15
1 0.9333333333333333 0.3234375 0.13333333333333333 0.10625
1 0.9427083333333334 0.45859375 0.11458333333333333 0.1484375
1 0.95 0.2453125 0.1 0.075
1 0.9395833333333333 0.16015625 0.12083333333333333 0.0890625