1 0.22395833333333334 0.08515625 0.29791666666666666 0.1703125
1 0.3770833333333333 0.22734375 0.3 0.20625
1 0.546875 0.1640625 0.2604166666666667 0.196875
1 0.6177083333333333 0.321875 0.22291666666666668 0.18125
1 0.7802083333333333 0.4140625 0.23541666666666666 0.1828125
1 0.209375 0.36796875 0.3145833333333333 0.25
1 0.44479166666666664 0.41328125 0.25625 0.2140625
1 0.6479166666666667 0.49609375 0.2520833333333333 0.2
1 0.7875 0.553125 0.18958333333333333 0.1578125
0 0.734375 0.68359375 0.21458333333333332 0.1703125
0 0.340625 0.7296875 0.3104166666666667 0.2328125
1 0.19895833333333332 0.56796875 0.35 0.2328125
1 0.5364583333333334 0.62421875 0.23333333333333334 0.1890625
1 0.6208333333333333 0.78984375 0.2375 0.1921875
1 0.7979166666666667 0.859375 0.25833333333333336 0.2109375
1 0.4625 0.89609375 0.26875 0.196875
1 0.17916666666666667 0.8875 0.35833333333333334 0.2