1 0.153125 0.1109375 0.3020833333333333 0.1703125
1 0.0875 0.2109375 0.1375 0.11875
1 0.059375 0.29609375 0.11875 0.1234375
1 0.14583333333333334 0.36171875 0.20416666666666666 0.18125
1 0.06666666666666667 0.43125 0.13333333333333333 0.1875
1 0.19895833333333332 0.228125 0.17083333333333334 0.125
1 0.35520833333333335 0.2375 0.2604166666666667 0.2015625
1 0.5947916666666667 0.21171875 0.2833333333333333 0.1890625
1 0.27291666666666664 0.3671875 0.23958333333333334 0.134375
1 0.5135416666666667 0.35859375 0.3104166666666667 0.2046875
1 0.740625 0.3484375 0.23958333333333334 0.1953125
1 0.9041666666666667 0.33203125 0.15 0.1453125
1 0.8770833333333333 0.50546875 0.24583333333333332 0.2984375
1 0.640625 0.5 0.33125 0.2328125
1 0.71875 0.72265625 0.4666666666666667 0.34375
1 0.890625 0.8828125 0.21875 0.15625
1 0.9395833333333333 0.81875 0.12083333333333333 0.196875
1 0.6645833333333333 0.9140625 0.2791666666666667 0.171875
1 0.45416666666666666 0.9109375 0.2708333333333333 0.178125
1 0.25729166666666664 0.88359375 0.36041666666666666 0.2328125
1 0.18229166666666666 0.69609375 0.28541666666666665 0.2453125
1 0.346875 0.72578125 0.41458333333333336 0.2796875
0 0.3229166666666667 0.5203125 0.39791666666666664 0.271875
1 0.09375 0.64296875 0.175 0.203125
1 0.975 0.68515625 0.05 0.1421875