0 0.4395833333333333 0.5359375 0.38125 0.3390625
0 0.5270833333333333 0.8 0.3875 0.25
0 0.6270833333333333 0.365625 0.34375 0.24375
1 0.6770833333333334 0.215625 0.25833333333333336 0.1421875
1 0.17708333333333334 0.6828125 0.35208333333333336 0.2453125
1 0.19791666666666666 0.9046875 0.3958333333333333 0.190625
1 0.37083333333333335 0.2203125 0.23333333333333334 0.134375
1 0.40625 0.30625 0.2 0.1515625
1 0.15416666666666667 0.35625 0.30833333333333335 0.134375
1 0.21458333333333332 0.471875 0.20625 0.1703125
1 0.06041666666666667 0.540625 0.11875 0.2265625
1 0.18125 0.2203125 0.1875 0.165625