0 0.41875 0.375 0.4041666666666667 0.21875
0 0.12291666666666666 0.4 0.24375 0.2703125
0 0.15416666666666667 0.1796875 0.2916666666666667 0.2265625
0 0.45 0.1890625 0.2520833333333333 0.209375
0 0.88125 0.3125 0.21666666666666667 0.1609375
0 0.6520833333333333 0.35625 0.19791666666666666 0.221875
1 0.7375 0.525 0.27291666666666664 0.190625
1 0.27708333333333335 0.609375 0.3770833333333333 0.25
1 0.4979166666666667 0.5703125 0.23333333333333334 0.175
1 0.13958333333333334 0.0484375 0.175 0.0953125
1 0.34375 0.0671875 0.22083333333333333 0.09375
1 0.5645833333333333 0.0546875 0.19583333333333333 0.109375
1 0.6958333333333333 0.1703125 0.22708333333333333 0.165625
1 0.7958333333333333 0.1109375 0.16458333333333333 0.1515625
1 0.9083333333333333 0.046875 0.16666666666666666 0.0921875
1 0.9375 0.14375 0.125 0.1078125
1 0.90625 0.2171875 0.17291666666666666 0.1046875
1 0.9125 0.5078125 0.17291666666666666 0.140625