0 0.73125 0.278125 0.3645833333333333 0.3109375
0 0.5 0.40625 0.32708333333333334 0.24375
0 0.26145833333333335 0.5390625 0.3729166666666667 0.23125
0 0.4666666666666667 0.7359375 0.3875 0.334375
0 0.8 0.81953125 0.36666666666666664 0.3609375
0 0.6395833333333333 0.93203125 0.37916666666666665 0.1359375
0 0.8583333333333333 0.58359375 0.2833333333333333 0.2265625
0 0.9197916666666667 0.37734375 0.16041666666666668 0.2484375
1 0.6291666666666667 0.14453125 0.18958333333333333 0.109375
1 0.5260416666666666 0.25859375 0.11666666666666667 0.109375
1 0.7197916666666667 0.0640625 0.21666666666666667 0.1140625
1 0.9104166666666667 0.065625 0.17916666666666667 0.090625
1 0.896875 0.1515625 0.20625 0.165625
1 0.634375 0.5875 0.2375 0.1625
1 0.7208333333333333 0.453125 0.20208333333333334 0.1
1 0.23958333333333334 0.8515625 0.32083333333333336 0.2828125