1 0.59375 0.1921875 0.48541666666666666 0.3609375
1 0.8541666666666666 0.321875 0.2916666666666667 0.296875
1 0.553125 0.51484375 0.47708333333333336 0.3609375
1 0.29583333333333334 0.3265625 0.4125 0.2859375
1 0.190625 0.54140625 0.38125 0.3015625
1 0.28125 0.80703125 0.5291666666666667 0.3671875
1 0.7135416666666666 0.86953125 0.4270833333333333 0.2609375
1 0.7864583333333334 0.6625 0.4166666666666667 0.3140625
1 0.8989583333333333 0.11875 0.20208333333333334 0.153125
1 0.259375 0.071875 0.3145833333333333 0.14375
1 0.15104166666666666 0.17421875 0.20833333333333334 0.2796875