0 0.3958333333333333 0.47890625 0.53125 0.359375
0 0.815625 0.309375 0.36875 0.3125
1 0.9072916666666667 0.17421875 0.18541666666666667 0.2421875
1 0.8708333333333333 0.5734375 0.25833333333333336 0.3125
1 0.66875 0.70703125 0.42083333333333334 0.3484375
1 0.5125 0.8953125 0.31666666666666665 0.209375
1 0.7833333333333333 0.93046875 0.3458333333333333 0.1390625
1 0.2375 0.9234375 0.4583333333333333 0.15
1 0.19270833333333334 0.72109375 0.3854166666666667 0.3265625
1 0.16145833333333334 0.25 0.28958333333333336 0.215625
1 0.39895833333333336 0.1484375 0.3104166666666667 0.165625
1 0.096875 0.4328125 0.19375 0.184375