1 0.14166666666666666 0.0828125 0.17708333333333334 0.165625
1 0.39166666666666666 0.06953125 0.18333333333333332 0.1296875
1 0.346875 0.43671875 0.2875 0.215625
1 0.68125 0.52109375 0.2 0.125
1 0.8416666666666667 0.59296875 0.23125 0.184375
1 0.69375 0.6609375 0.225 0.1890625
1 0.5364583333333334 0.76484375 0.2708333333333333 0.196875
1 0.7927083333333333 0.80390625 0.29791666666666666 0.19375
1 0.88125 0.74609375 0.18958333333333333 0.2
1 0.65625 0.90859375 0.3 0.1828125
1 0.85 0.9328125 0.18333333333333332 0.134375
0 0.2677083333333333 0.06796875 0.21041666666666667 0.1359375
0 0.20104166666666667 0.2125 0.2520833333333333 0.19375
0 0.39375 0.27421875 0.25416666666666665 0.1390625
0 0.490625 0.1578125 0.15833333333333333 0.1078125
0 0.33645833333333336 0.1546875 0.18333333333333332 0.1203125
0 0.5916666666666667 0.4046875 0.26666666666666666 0.178125
0 0.4979166666666667 0.59140625 0.275 0.20625
1 0.5583333333333333 0.2328125 0.23958333333333334 0.171875