0 0.6083333333333333 0.2859375 0.4125 0.3453125
0 0.19375 0.2484375 0.3854166666666667 0.35
0 0.14791666666666667 0.575 0.29583333333333334 0.334375
0 0.5125 0.6703125 0.5979166666666667 0.39375
0 0.84375 0.5453125 0.3104166666666667 0.3296875
1 0.9020833333333333 0.2515625 0.19583333333333333 0.25625
1 0.25 0.8703125 0.4979166666666667 0.2578125
1 0.8708333333333333 0.80625 0.25833333333333336 0.2625
1 0.49375 0.0625 0.30625 0.1234375
1 0.8145833333333333 0.05625 0.30416666666666664 0.1125
1 0.7125 0.125 0.24791666666666667 0.1390625