1 0.525 0.1703125 0.10625 0.0859375
1 0.39375 0.1953125 0.12916666666666668 0.1109375
1 0.5083333333333333 0.253125 0.16458333333333333 0.125
1 0.275 0.1953125 0.1375 0.1109375
1 0.15 0.19375 0.125 0.08125
1 0.0625 0.2265625 0.125 0.121875
1 0.18125 0.253125 0.12916666666666668 0.0921875
1 0.3104166666666667 0.2875 0.16458333333333333 0.0984375
1 0.0625 0.3234375 0.12291666666666666 0.115625
1 0.18541666666666667 0.346875 0.14583333333333334 0.0984375
1 0.32916666666666666 0.3765625 0.175 0.115625
1 0.475 0.39375 0.15416666666666667 0.1296875
1 0.6 0.3078125 0.13541666666666666 0.090625
1 0.6083333333333333 0.3859375 0.14583333333333334 0.0953125
1 0.40208333333333335 0.65 0.15416666666666667 0.1296875
1 0.23541666666666666 0.675 0.21041666666666667 0.140625
1 0.09166666666666666 0.790625 0.16458333333333333 0.13125
1 0.2375 0.8078125 0.13958333333333334 0.1296875
1 0.35208333333333336 0.846875 0.20625 0.1546875
1 0.42291666666666666 0.765625 0.21041666666666667 0.115625
1 0.5854166666666667 0.7203125 0.18125 0.159375
1 0.7041666666666667 0.68125 0.18333333333333332 0.1125
1 0.6708333333333333 0.8359375 0.17708333333333334 0.1171875
1 0.8 0.7953125 0.18125 0.1296875
1 0.9020833333333333 0.8890625 0.18958333333333333 0.1140625
1 0.5 0.9 0.18125 0.146875
1 0.11666666666666667 0.925 0.19166666666666668 0.1390625