0 0.45 0.60625 0.32916666666666666 0.18125
0 0.9291666666666667 0.6171875 0.13958333333333334 0.2
1 0.8083333333333333 0.753125 0.3020833333333333 0.2453125
1 0.5270833333333333 0.8171875 0.29375 0.25625
1 0.23541666666666666 0.7640625 0.27708333333333335 0.234375
1 0.30833333333333335 0.4234375 0.3645833333333333 0.2046875
1 0.3541666666666667 0.2375 0.26875 0.23125
1 0.6020833333333333 0.259375 0.3104166666666667 0.278125
1 0.8604166666666667 0.334375 0.27708333333333335 0.2734375
1 0.7041666666666667 0.5140625 0.325 0.2203125
1 0.95 0.875 0.1 0.2203125
1 0.86875 0.134375 0.2604166666666667 0.2125
1 0.5666666666666667 0.075 0.32916666666666666 0.1484375