0 0.39375 0.71875 0.3458333333333333 0.209375
0 0.5875 0.378125 0.12708333333333333 0.0828125
0 0.5708333333333333 0.5140625 0.2520833333333333 0.1796875
0 0.8145833333333333 0.5171875 0.2604166666666667 0.1984375
0 0.6145833333333334 0.1171875 0.08958333333333333 0.059375
0 0.11875 0.309375 0.18541666666666667 0.1234375
0 0.2520833333333333 0.490625 0.26458333333333334 0.19375
0 0.1 0.6625 0.16041666666666668 0.1859375
1 0.12708333333333333 0.8828125 0.2520833333333333 0.225
1 0.46041666666666664 0.9171875 0.41458333333333336 0.1640625
1 0.76875 0.796875 0.42916666666666664 0.3078125
1 0.9145833333333333 0.6890625 0.17083333333333334 0.2296875
1 0.9625 0.453125 0.075 0.1640625
1 0.8791666666666667 0.2953125 0.175 0.1578125
1 0.6729166666666667 0.2765625 0.16458333333333333 0.1171875
1 0.4270833333333333 0.33125 0.25833333333333336 0.146875
1 0.44583333333333336 0.2296875 0.18541666666666667 0.0765625
1 0.73125 0.2015625 0.16458333333333333 0.084375
1 0.48333333333333334 0.0921875 0.12708333333333333 0.0859375
0 0.8875 0.18125 0.18333333333333332 0.1171875
1 0.9145833333333333 0.0921875 0.17083333333333334 0.078125
1 0.6645833333333333 0.071875 0.15833333333333333 0.084375
0 0.10416666666666667 0.159375 0.20833333333333334 0.1609375
0 0.16875 0.0765625 0.21875 0.1515625
0 0.36041666666666666 0.05625 0.17083333333333334 0.1125