0 0.903125 0.33515625 0.19375 0.1828125
0 0.48020833333333335 0.465625 0.23541666666666666 0.2125
0 0.7541666666666667 0.5984375 0.27291666666666664 0.1796875
0 0.8260416666666667 0.8109375 0.33958333333333335 0.2890625
0 0.515625 0.87421875 0.3729166666666667 0.2515625
1 0.4947916666666667 0.653125 0.28958333333333336 0.184375
1 0.48541666666666666 0.321875 0.26458333333333334 0.1390625
1 0.7260416666666667 0.4359375 0.23541666666666666 0.1375
1 0.6916666666666667 0.30390625 0.2 0.140625
0 0.721875 0.1828125 0.19583333333333333 0.1359375
1 0.5364583333333334 0.09765625 0.1875 0.1203125
1 0.515625 0.2046875 0.22083333333333333 0.128125
1 0.8791666666666667 0.21875 0.15833333333333333 0.0875
1 0.9177083333333333 0.49453125 0.16458333333333333 0.1734375
1 0.940625 0.64140625 0.11458333333333333 0.1796875