0 0.5197916666666667 0.46171875 0.30416666666666664 0.2375
0 0.8770833333333333 0.503125 0.24583333333333332 0.2375
1 0.7166666666666667 0.37734375 0.3 0.2296875
1 0.490625 0.28515625 0.2625 0.175
1 0.246875 0.25859375 0.21666666666666667 0.1296875
1 0.28020833333333334 0.3890625 0.2708333333333333 0.1734375
1 0.20833333333333334 0.56171875 0.32083333333333336 0.2296875
1 0.45 0.66640625 0.3645833333333333 0.2546875
1 0.7697916666666667 0.71875 0.46041666666666664 0.390625
1 0.5083333333333333 0.86484375 0.45 0.2703125
1 0.2125 0.865625 0.30416666666666664 0.26875
1 0.11354166666666667 0.703125 0.17708333333333334 0.1921875
1 0.06041666666666667 0.5265625 0.12083333333333333 0.2
1 0.09166666666666666 0.396875 0.18333333333333332 0.159375