1 0.16666666666666666 0.11875 0.3145833333333333 0.190625
1 0.06666666666666667 0.2546875 0.13333333333333333 0.1546875
1 0.30625 0.30625 0.30833333333333335 0.2140625
1 0.5854166666666667 0.396875 0.3229166666666667 0.2453125
1 0.6 0.5953125 0.30416666666666664 0.203125
0 0.5291666666666667 0.7765625 0.35 0.1984375
0 0.3333333333333333 0.540625 0.2791666666666667 0.24375
1 0.11041666666666666 0.478125 0.21875 0.2828125
1 0.19375 0.7265625 0.35625 0.2171875
1 0.06875 0.8421875 0.1375 0.234375
1 0.33125 0.90625 0.3145833333333333 0.1875
1 0.6229166666666667 0.934375 0.3020833333333333 0.13125