1 0.3145833333333333 0.0609375 0.18333333333333332 0.1015625
1 0.6145833333333334 0.0578125 0.18333333333333332 0.090625
1 0.6770833333333334 0.1546875 0.16666666666666666 0.065625
1 0.8666666666666667 0.209375 0.14166666666666666 0.096875
1 0.7 0.259375 0.2375 0.1328125
1 0.7083333333333334 0.3921875 0.2833333333333333 0.153125
1 0.5104166666666666 0.384375 0.1875 0.1234375
1 0.4354166666666667 0.2140625 0.175 0.13125
1 0.4395833333333333 0.11875 0.11458333333333333 0.0625
1 0.5541666666666667 0.1609375 0.14583333333333334 0.09375
1 0.5354166666666667 0.26875 0.11875 0.0765625
1 0.38333333333333336 0.315625 0.1625 0.0921875
1 0.3416666666666667 0.446875 0.23541666666666666 0.1625
1 0.4708333333333333 0.665625 0.19166666666666668 0.1765625
1 0.6770833333333334 0.565625 0.28958333333333336 0.1734375
1 0.6833333333333333 0.7625 0.28958333333333336 0.2546875
1 0.5166666666666667 0.89375 0.2791666666666667 0.2125
1 0.33125 0.5828125 0.17916666666666667 0.0984375
1 0.19166666666666668 0.4140625 0.13958333333333334 0.11875
1 0.11666666666666667 0.378125 0.1875 0.09375
1 0.125 0.2609375 0.16458333333333333 0.10625
1 0.2875 0.1859375 0.14791666666666667 0.1078125
1 0.24583333333333332 0.3015625 0.17083333333333334 0.0953125
1 0.11458333333333333 0.509375 0.13333333333333333 0.1046875
1 0.2125 0.55625 0.10416666666666667 0.1078125
1 0.225 0.6828125 0.1625 0.1359375
1 0.36666666666666664 0.7890625 0.16458333333333333 0.178125
1 0.12083333333333333 0.6296875 0.15416666666666667 0.11875
1 0.05625 0.1546875 0.1125 0.121875