0 0.34375 0.54140625 0.3145833333333333 0.23125
0 0.2875 0.83515625 0.4166666666666667 0.3078125
1 0.06875 0.81953125 0.1375 0.3015625
0 0.10416666666666667 0.56875 0.20833333333333334 0.240625
0 0.10416666666666667 0.32109375 0.20208333333333334 0.3171875
1 0.20729166666666668 0.26953125 0.225 0.2234375
1 0.43020833333333336 0.2953125 0.32708333333333334 0.2484375
0 0.728125 0.4 0.34375 0.2140625
1 0.7864583333333334 0.6265625 0.35208333333333336 0.265625
1 0.5052083333333334 0.7015625 0.33125 0.2484375
1 0.5 0.4875 0.30416666666666664 0.18125