0 0.23854166666666668 0.56484375 0.3145833333333333 0.1890625
0 0.08020833333333334 0.46328125 0.16041666666666668 0.1640625
0 0.15625 0.740625 0.27708333333333335 0.215625
0 0.44895833333333335 0.76484375 0.3145833333333333 0.253125
0 0.6291666666666667 0.303125 0.19375 0.1609375
0 0.759375 0.2265625 0.18333333333333332 0.125
0 0.8072916666666666 0.40625 0.27708333333333335 0.1828125
0 0.7604166666666666 0.74375 0.3541666666666667 0.2359375
0 0.2791666666666667 0.9140625 0.43333333333333335 0.171875
1 0.24166666666666667 0.41953125 0.2625 0.18125
1 0.08020833333333334 0.31953125 0.16041666666666668 0.1578125
0 0.2833333333333333 0.2578125 0.23333333333333334 0.1546875
0 0.44583333333333336 0.334375 0.22708333333333333 0.1703125
0 0.5291666666666667 0.47109375 0.2708333333333333 0.1671875
1 0.696875 0.54453125 0.30833333333333335 0.225
1 0.8927083333333333 0.60546875 0.21458333333333332 0.2359375
1 0.8666666666666667 0.3234375 0.2 0.11875
0 0.603125 0.15703125 0.19583333333333333 0.1359375