0 0.13541666666666666 0.328125 0.26875 0.2671875
0 0.35208333333333336 0.5078125 0.41458333333333336 0.240625
0 0.8125 0.465625 0.375 0.2046875
0 0.19583333333333333 0.7453125 0.39166666666666666 0.334375
0 0.5645833333333333 0.83125 0.39166666666666666 0.315625
1 0.8833333333333333 0.859375 0.23125 0.28125
1 0.9083333333333333 0.6484375 0.18125 0.24375
0 0.7375 0.2453125 0.3333333333333333 0.2125
1 0.4166666666666667 0.28125 0.3770833333333333 0.234375
1 0.16041666666666668 0.109375 0.31875 0.2140625
1 0.5354166666666667 0.084375 0.32916666666666666 0.146875
1 0.9229166666666667 0.0640625 0.15208333333333332 0.1265625
0 0.9395833333333333 0.2625 0.11875 0.2421875