0 0.5958333333333333 0.6296875 0.475 0.315625
1 0.89375 0.7109375 0.21041666666666667 0.36875
1 0.49375 0.8140625 0.38125 0.184375
1 0.25625 0.8953125 0.41458333333333336 0.2078125
1 0.16041666666666668 0.671875 0.32083333333333336 0.2609375
0 0.24166666666666667 0.40625 0.31666666666666665 0.2125
1 0.36041666666666666 0.4984375 0.19583333333333333 0.13125
1 0.6458333333333334 0.378125 0.4583333333333333 0.275
1 0.9354166666666667 0.3796875 0.12708333333333333 0.3015625
1 0.7666666666666667 0.1421875 0.34791666666666665 0.271875
1 0.45208333333333334 0.234375 0.24166666666666667 0.2015625
1 0.19583333333333333 0.26875 0.31666666666666665 0.1296875
1 0.17291666666666666 0.08125 0.3458333333333333 0.1609375
1 0.56875 0.06875 0.26458333333333334 0.1359375
1 0.05 0.375 0.09791666666666667 0.1453125