1 0.15104166666666666 0.15625 0.21666666666666667 0.1546875
1 0.09479166666666666 0.246875 0.12708333333333333 0.1203125
1 0.1875 0.29609375 0.22916666666666666 0.11875
1 0.24895833333333334 0.41875 0.2604166666666667 0.1875
1 0.47604166666666664 0.4046875 0.23541666666666666 0.1875
1 0.6489583333333333 0.3703125 0.25625 0.203125
1 0.7927083333333333 0.465625 0.22291666666666668 0.1609375
1 0.8895833333333333 0.33125 0.22083333333333333 0.14375
1 0.9229166666666667 0.4484375 0.15416666666666667 0.15
1 0.8875 0.5921875 0.22083333333333333 0.1734375
1 0.8260416666666667 0.75234375 0.30625 0.25
1 0.6791666666666667 0.5984375 0.225 0.2109375
1 0.4875 0.56328125 0.3 0.1921875
1 0.5333333333333333 0.71875 0.25833333333333336 0.175
1 0.315625 0.6921875 0.3104166666666667 0.215625
1 0.3375 0.51953125 0.17083333333333334 0.121875
1 0.14895833333333333 0.6546875 0.22291666666666668 0.2078125
1 0.10520833333333333 0.51953125 0.21041666666666667 0.1953125
1 0.06666666666666667 0.365625 0.11875 0.1484375