1 0.42083333333333334 0.7328125 0.4041666666666667 0.328125
1 0.7645833333333333 0.80390625 0.4166666666666667 0.3734375
1 0.8447916666666667 0.5671875 0.3104166666666667 0.259375
1 0.6447916666666667 0.4046875 0.35625 0.275
1 0.7833333333333333 0.28828125 0.3770833333333333 0.228125
1 0.903125 0.21171875 0.19375 0.2515625
1 0.5854166666666667 0.1859375 0.21458333333333332 0.1390625
1 0.5020833333333333 0.29140625 0.22083333333333333 0.1296875
1 0.4125 0.40390625 0.20625 0.1609375
1 0.3302083333333333 0.55703125 0.30833333333333335 0.2015625
1 0.21875 0.45234375 0.26458333333333334 0.165625
1 0.31875 0.3109375 0.17708333333333334 0.1359375
1 0.16041666666666668 0.36953125 0.15 0.1140625
1 0.33125 0.2296875 0.14166666666666666 0.0703125
1 0.44479166666666664 0.22109375 0.1 0.08125
1 0.0625 0.5109375 0.125 0.096875
1 0.08020833333333334 0.6078125 0.16041666666666668 0.1375
1 0.023958333333333335 0.7046875 0.04791666666666667 0.11875
1 0.0125 0.83046875 0.025 0.1578125
1 0.159375 0.9015625 0.31875 0.159375