1 0.4708333333333333 0.1328125 0.26875 0.1625
1 0.24583333333333332 0.1734375 0.32916666666666666 0.2015625
1 0.3645833333333333 0.3703125 0.26666666666666666 0.1890625
1 0.5791666666666667 0.38125 0.21875 0.1703125
1 0.6833333333333333 0.5203125 0.24583333333333332 0.1828125
1 0.46041666666666664 0.55 0.25416666666666665 0.203125
1 0.18541666666666667 0.5875 0.37083333333333335 0.2109375
1 0.36875 0.7875 0.39791666666666664 0.359375
1 0.8395833333333333 0.746875 0.31875 0.2703125
1 0.5895833333333333 0.7359375 0.23333333333333334 0.221875
1 0.12708333333333333 0.8625 0.2520833333333333 0.26875
0 0.11458333333333333 0.3734375 0.22916666666666666 0.2765625
1 0.07083333333333333 0.1890625 0.13958333333333334 0.14375
1 0.7875 0.259375 0.23125 0.18125
1 0.7666666666666667 0.40625 0.23333333333333334 0.140625
0 0.71875 0.1234375 0.22708333333333333 0.1390625
0 0.6729166666666667 0.0265625 0.13541666666666666 0.053125
1 0.5583333333333333 0.0609375 0.14166666666666666 0.0875
1 0.8770833333333333 0.121875 0.15208333333333332 0.10625
1 0.9145833333333333 0.0578125 0.12916666666666668 0.0828125
1 0.8 0.034375 0.10625 0.06875
1 0.9333333333333333 0.5765625 0.13125 0.2
1 0.9208333333333333 0.428125 0.15833333333333333 0.1203125
1 0.94375 0.2984375 0.1125 0.1453125
1 0.4083333333333333 0.0359375 0.16041666666666668 0.06875
1 0.4625 0.2578125 0.1875 0.1171875
1 0.6041666666666666 0.290625 0.125 0.0890625
1 0.93125 0.2015625 0.12708333333333333 0.084375