0 0.59375 0.2421875 0.3020833333333333 0.2359375
0 0.45208333333333334 0.4375 0.29375 0.2203125
0 0.2125 0.578125 0.3375 0.215625
0 0.47708333333333336 0.746875 0.39375 0.2859375
0 0.8416666666666667 0.5921875 0.27291666666666664 0.2890625
0 0.6479166666666667 0.9359375 0.4625 0.1265625
0 0.7729166666666667 0.2859375 0.16458333333333333 0.1734375
0 0.6291666666666667 0.0703125 0.18958333333333333 0.140625
1 0.8208333333333333 0.059375 0.20208333333333334 0.11875
1 0.7958333333333333 0.1578125 0.18333333333333332 0.128125
1 0.925 0.378125 0.15 0.1828125
1 0.9270833333333334 0.225 0.14583333333333334 0.1453125
1 0.23958333333333334 0.871875 0.33125 0.2546875
1 0.9145833333333333 0.796875 0.17083333333333334 0.321875
1 0.7166666666666667 0.4265625 0.275 0.175
1 0.575 0.5796875 0.22291666666666668 0.1703125