0 0.5125 0.3953125 0.45625 0.3921875
0 0.6854166666666667 0.659375 0.42083333333333334 0.278125
0 0.7979166666666667 0.9015625 0.39791666666666664 0.1953125
1 0.25833333333333336 0.621875 0.42916666666666664 0.2765625
1 0.34791666666666665 0.871875 0.5041666666666667 0.25625
0 0.6333333333333333 0.2203125 0.4 0.259375
1 0.60625 0.071875 0.28541666666666665 0.1265625
1 0.24791666666666667 0.1296875 0.30625 0.1640625
1 0.35 0.2125 0.25833333333333336 0.1828125
1 0.08541666666666667 0.1703125 0.17083333333333334 0.215625
1 0.0875 0.321875 0.175 0.190625
1 0.20416666666666666 0.4 0.22708333333333333 0.165625
0 0.04583333333333333 0.5078125 0.09166666666666666 0.2140625
1 0.09375 0.7609375 0.1875 0.2765625