1 0.7895833333333333 0.7765625 0.35208333333333336 0.253125
1 0.49166666666666664 0.7640625 0.29375 0.2453125
1 0.19166666666666668 0.796875 0.34791666666666665 0.271875
1 0.08541666666666667 0.6234375 0.16875 0.1953125
1 0.3104166666666667 0.58125 0.26666666666666666 0.1703125
1 0.6083333333333333 0.565625 0.33125 0.18125
1 0.7208333333333333 0.434375 0.275 0.1890625
1 0.4583333333333333 0.428125 0.25 0.1578125
1 0.14375 0.4359375 0.28541666666666665 0.1875
1 0.2833333333333333 0.315625 0.27291666666666664 0.178125
1 0.45 0.2234375 0.17916666666666667 0.134375
1 0.5854166666666667 0.3140625 0.2375 0.140625
1 0.66875 0.2328125 0.23541666666666666 0.134375
1 0.20208333333333334 0.178125 0.26666666666666666 0.140625
1 0.3645833333333333 0.1140625 0.22708333333333333 0.1359375
1 0.5666666666666667 0.109375 0.24166666666666667 0.134375