0 0.50625 0.259375 0.24375 0.175
0 0.696875 0.3734375 0.3125 0.2203125
0 0.7677083333333333 0.559375 0.3416666666666667 0.2140625
0 0.25 0.35859375 0.30416666666666664 0.196875
1 0.459375 0.50390625 0.35 0.253125
1 0.140625 0.4796875 0.2375 0.159375
1 0.18958333333333333 0.61484375 0.2833333333333333 0.1953125
1 0.39895833333333336 0.63203125 0.24375 0.15625
1 0.7166666666666667 0.8171875 0.325 0.2578125
1 0.44895833333333335 0.81015625 0.3541666666666667 0.25625
0 0.153125 0.78125 0.30625 0.228125
1 0.8927083333333333 0.23125 0.21458333333333332 0.153125
1 0.6833333333333333 0.22890625 0.17916666666666667 0.140625
1 0.9083333333333333 0.35234375 0.18333333333333332 0.1609375
1 0.946875 0.47578125 0.10625 0.1703125
1 0.8375 0.43828125 0.1875 0.140625
1 0.8770833333333333 0.83515625 0.17291666666666666 0.2109375
1 0.13333333333333333 0.91484375 0.26666666666666666 0.1296875
1 0.39375 0.93046875 0.3333333333333333 0.1390625
1 0.6864583333333333 0.93671875 0.28541666666666665 0.1265625