0 0.425 0.484375 0.41875 0.253125
1 0.7895833333333333 0.2140625 0.38958333333333334 0.2640625
1 0.8020833333333334 0.48125 0.3958333333333333 0.3265625
1 0.5270833333333333 0.6984375 0.49375 0.2203125
1 0.34791666666666665 0.89375 0.41458333333333336 0.2109375
1 0.15416666666666667 0.7171875 0.29791666666666666 0.2359375
1 0.15416666666666667 0.509375 0.18333333333333332 0.175
1 0.44375 0.3046875 0.32083333333333336 0.1703125
1 0.44375 0.15 0.26875 0.190625
1 0.22916666666666666 0.1171875 0.19166666666666668 0.146875
1 0.06666666666666667 0.234375 0.13125 0.15625
1 0.25 0.290625 0.22291666666666668 0.1359375
1 0.09375 0.3796875 0.18333333333333332 0.0890625
1 0.12083333333333333 0.046875 0.23333333333333334 0.09375