1 0.25 0.47265625 0.29375 0.1828125
1 0.44583333333333336 0.62578125 0.31875 0.2765625
1 0.18333333333333332 0.8015625 0.33125 0.303125
1 0.46979166666666666 0.87421875 0.3729166666666667 0.2515625
1 0.71875 0.74609375 0.3145833333333333 0.2453125
1 0.7708333333333334 0.92421875 0.2708333333333333 0.134375
1 0.9083333333333333 0.82578125 0.18333333333333332 0.2640625
1 0.734375 0.57421875 0.325 0.246875
1 0.565625 0.4171875 0.30625 0.165625
1 0.38958333333333334 0.2859375 0.275 0.20625
1 0.146875 0.19765625 0.29375 0.2390625
1 0.10208333333333333 0.35 0.20416666666666666 0.23125
1 0.09791666666666667 0.56484375 0.19583333333333333 0.2203125