0 0.51875 0.39609375 0.58125 0.371875
0 0.18958333333333333 0.23125 0.37916666666666665 0.334375
0 0.24166666666666667 0.60703125 0.48333333333333334 0.3390625
0 0.6791666666666667 0.68671875 0.4979166666666667 0.371875
0 0.5708333333333333 0.05625 0.3541666666666667 0.1125
0 0.8885416666666667 0.4234375 0.22291666666666668 0.290625
1 0.940625 0.8265625 0.11875 0.275
1 0.7104166666666667 0.92734375 0.4583333333333333 0.1453125
1 0.275 0.84765625 0.4791666666666667 0.3046875
1 0.71875 0.18046875 0.4895833333333333 0.28125
1 0.328125 0.12734375 0.33125 0.253125