0 0.5375 0.40625 0.21458333333333332 0.14375
1 0.8104166666666667 0.3203125 0.23958333333333334 0.1546875
1 0.81875 0.45 0.25625 0.15
1 0.85625 0.6078125 0.24166666666666667 0.1765625
1 0.7 0.659375 0.25416666666666665 0.2203125
1 0.6541666666666667 0.515625 0.225 0.096875
1 0.43333333333333335 0.5078125 0.21041666666666667 0.1234375
1 0.48541666666666666 0.63125 0.18333333333333332 0.146875
1 0.5729166666666666 0.778125 0.26875 0.1140625
1 0.675 0.903125 0.3375 0.19375
1 0.25 0.56875 0.20416666666666666 0.1453125
1 0.25 0.4328125 0.18333333333333332 0.0984375
1 0.26458333333333334 0.3359375 0.175 0.075
1 0.26666666666666666 0.2734375 0.15833333333333333 0.0765625
1 0.39375 0.2359375 0.12083333333333333 0.1109375
1 0.4666666666666667 0.2765625 0.14791666666666667 0.1
1 0.61875 0.25625 0.15625 0.084375
1 0.6875 0.1859375 0.17708333333333334 0.109375
1 0.5291666666666667 0.1953125 0.15416666666666667 0.06875
1 0.4 0.3875 0.12708333333333333 0.1