0 0.5791666666666667 0.765625 0.42291666666666666 0.3125
1 0.5333333333333333 0.24375 0.39375 0.3125
1 0.17916666666666667 0.1796875 0.31666666666666665 0.215625
1 0.86875 0.3828125 0.2625 0.2453125
0 0.7625 0.5890625 0.32083333333333336 0.2375
0 0.5354166666666667 0.4859375 0.33541666666666664 0.16875
1 0.32916666666666666 0.353125 0.24583333333333332 0.20625
1 0.11875 0.3375 0.2375 0.153125
1 0.0625 0.484375 0.12291666666666666 0.2375
1 0.21458333333333332 0.5375 0.3020833333333333 0.23125
1 0.8708333333333333 0.8609375 0.25625 0.278125
1 0.8208333333333333 0.153125 0.29583333333333334 0.2359375
1 0.4625 0.0515625 0.21875 0.1015625
0 0.6416666666666667 0.0859375 0.175 0.103125