1 0.3020833333333333 0.553125 0.24583333333333332 0.1890625
1 0.66875 0.540625 0.29583333333333334 0.1796875
1 0.44166666666666665 0.4453125 0.20625 0.140625
1 0.5916666666666667 0.3640625 0.23333333333333334 0.1703125
1 0.1625 0.478125 0.24166666666666667 0.1703125
1 0.25416666666666665 0.3765625 0.20833333333333334 0.128125
1 0.06458333333333334 0.3625 0.12708333333333333 0.1234375
1 0.15416666666666667 0.290625 0.17708333333333334 0.0828125
1 0.41458333333333336 0.3234375 0.15416666666666667 0.1015625
1 0.05625 0.865625 0.1125 0.2
1 0.20416666666666666 0.821875 0.19791666666666666 0.171875
1 0.32708333333333334 0.878125 0.3333333333333333 0.2421875
1 0.49375 0.8328125 0.20208333333333334 0.2125
0 0.7229166666666667 0.821875 0.28125 0.190625
1 0.8770833333333333 0.909375 0.24583333333333332 0.18125
1 0.6604166666666667 0.9625 0.22916666666666666 0.075
1 0.9625 0.68125 0.07291666666666667 0.1375
1 0.93125 0.7765625 0.13541666666666666 0.0765625
1 0.9083333333333333 0.5953125 0.18333333333333332 0.121875
1 0.7583333333333333 0.4125 0.14583333333333334 0.1453125
1 0.8583333333333333 0.459375 0.09583333333333334 0.1078125
1 0.9375 0.496875 0.07291666666666667 0.078125
1 0.95 0.4375 0.09791666666666667 0.0859375
1 0.9416666666666667 0.3609375 0.11458333333333333 0.0765625
1 0.8270833333333333 0.3578125 0.1375 0.0703125