0 0.7125 0.6546875 0.575 0.390625
0 0.7291666666666666 0.36953125 0.39791666666666664 0.29375
0 0.475 0.3046875 0.3541666666666667 0.303125
0 0.24375 0.39296875 0.32083333333333336 0.1953125
0 0.25625 0.73671875 0.44583333333333336 0.3265625
0 0.10625 0.275 0.2125 0.159375
0 0.084375 0.16640625 0.16875 0.1953125
0 0.31354166666666666 0.184375 0.25833333333333336 0.16875
0 0.022916666666666665 0.28671875 0.04583333333333333 0.1359375
0 0.04791666666666667 0.40625 0.09583333333333334 0.175
0 0.153125 0.53125 0.30625 0.228125