1 0.15 0.11875 0.3 0.2359375
1 0.46875 0.10625 0.375 0.2125
1 0.84375 0.1515625 0.3104166666666667 0.303125
1 0.8333333333333334 0.421875 0.3333333333333333 0.2984375
1 0.4875 0.3234375 0.39375 0.253125
1 0.16458333333333333 0.375 0.32708333333333334 0.30625
1 0.17083333333333334 0.6625 0.3416666666666667 0.2734375
1 0.5125 0.5953125 0.41041666666666665 0.234375
1 0.8708333333333333 0.7046875 0.25625 0.2890625
1 0.6958333333333333 0.8546875 0.46041666666666664 0.290625
1 0.2791666666666667 0.88125 0.41458333333333336 0.2375