1 0.6083333333333333 0.5046875 0.4583333333333333 0.315625
1 0.5177083333333333 0.815625 0.4708333333333333 0.359375
1 0.8541666666666666 0.85234375 0.2916666666666667 0.2484375
1 0.8760416666666667 0.6015625 0.24791666666666667 0.3375
1 0.8322916666666667 0.33671875 0.32916666666666666 0.315625
1 0.7052083333333333 0.7 0.29583333333333334 0.1734375
1 0.23229166666666667 0.87421875 0.35625 0.2515625
1 0.3302083333333333 0.74453125 0.24375 0.1640625
1 0.40520833333333334 0.57109375 0.23958333333333334 0.2328125
1 0.5354166666666667 0.2171875 0.2708333333333333 0.18125
1 0.5135416666666667 0.34375 0.3229166666666667 0.1625