1 0.5572916666666666 0.1796875 0.27708333333333335 0.1984375
1 0.6708333333333333 0.33984375 0.31666666666666665 0.24375
1 0.7229166666666667 0.5484375 0.35 0.225
1 0.8177083333333334 0.759375 0.3645833333333333 0.3375
1 0.5260416666666666 0.7140625 0.2833333333333333 0.28125
1 0.24583333333333332 0.51171875 0.3020833333333333 0.2546875
1 0.328125 0.66328125 0.24375 0.1609375
1 0.4375 0.85 0.23958333333333334 0.215625
1 0.6895833333333333 0.8890625 0.30833333333333335 0.215625
1 0.221875 0.803125 0.28125 0.2078125
1 0.10416666666666667 0.76484375 0.13125 0.190625
1 0.14479166666666668 0.65390625 0.17708333333333334 0.1328125
1 0.09479166666666666 0.5109375 0.18958333333333333 0.221875
1 0.42604166666666665 0.3625 0.2833333333333333 0.2078125
1 0.19166666666666668 0.33359375 0.27291666666666664 0.15
1 0.36666666666666664 0.221875 0.20416666666666666 0.159375
1 0.17395833333333333 0.184375 0.29791666666666666 0.2140625
1 0.052083333333333336 0.18515625 0.10416666666666667 0.1859375
1 0.057291666666666664 0.33515625 0.11458333333333333 0.1578125
1 0.14375 0.08359375 0.18958333333333333 0.103125
1 0.296875 0.09375 0.175 0.1375
1 0.47291666666666665 0.0703125 0.23333333333333334 0.140625
1 0.6760416666666667 0.0890625 0.1875 0.1625