1 0.08958333333333333 0.2890625 0.17916666666666667 0.203125
1 0.2989583333333333 0.21875 0.24791666666666667 0.171875
1 0.2520833333333333 0.3421875 0.24583333333333332 0.1703125
1 0.475 0.3640625 0.24583333333333332 0.215625
1 0.25104166666666666 0.50546875 0.3229166666666667 0.234375
1 0.5010416666666667 0.5203125 0.24166666666666667 0.1796875
1 0.24791666666666667 0.68671875 0.34791666666666665 0.2234375
1 0.5770833333333333 0.7046875 0.3645833333333333 0.25
1 0.7489583333333333 0.40625 0.18541666666666667 0.1515625
1 0.471875 0.22109375 0.13333333333333333 0.1125
1 0.6864583333333333 0.5421875 0.13958333333333334 0.1328125
1 0.94375 0.48984375 0.1125 0.1296875