0 0.36875 0.2734375 0.29583333333333334 0.253125
0 0.5364583333333334 0.53359375 0.35208333333333336 0.2453125
0 0.23958333333333334 0.84296875 0.3541666666666667 0.3140625
0 0.4270833333333333 0.9453125 0.45 0.109375
0 0.8854166666666666 0.6984375 0.22291666666666668 0.21875
1 0.6760416666666667 0.7328125 0.475 0.328125
1 0.8229166666666666 0.8859375 0.3541666666666667 0.1875
1 0.26875 0.63046875 0.38333333333333336 0.26875
1 0.7458333333333333 0.50390625 0.23541666666666666 0.215625
1 0.9072916666666667 0.509375 0.18541666666666667 0.209375
1 0.7729166666666667 0.40234375 0.30416666666666664 0.1921875
1 0.8604166666666667 0.3296875 0.21875 0.1390625
1 0.7427083333333333 0.240625 0.23541666666666666 0.1734375
1 0.5739583333333333 0.19296875 0.2604166666666667 0.2234375
1 0.6302083333333334 0.08984375 0.24791666666666667 0.1796875
1 0.35625 0.08671875 0.2875 0.1734375
1 0.128125 0.221875 0.25 0.1890625
1 0.1125 0.140625 0.225 0.14375
1 0.16145833333333334 0.46875 0.23333333333333334 0.1453125
1 0.059375 0.4375 0.11875 0.178125
1 0.08854166666666667 0.65078125 0.15625 0.1921875