1 0.26458333333333334 0.171875 0.24583333333333332 0.1640625
1 0.5135416666666667 0.165625 0.3020833333333333 0.175
1 0.35208333333333336 0.2859375 0.26875 0.171875
1 0.5489583333333333 0.290625 0.28958333333333336 0.2078125
1 0.7833333333333333 0.228125 0.30625 0.2359375
1 0.3770833333333333 0.43359375 0.3 0.2109375
1 0.6239583333333333 0.43203125 0.28958333333333336 0.215625
1 0.878125 0.37578125 0.2375 0.20625
1 0.40625 0.59609375 0.2708333333333333 0.2171875
1 0.6291666666666667 0.59609375 0.28125 0.2171875
1 0.8729166666666667 0.56328125 0.25416666666666665 0.2453125
1 0.41458333333333336 0.79765625 0.34791666666666665 0.2671875
1 0.6625 0.77109375 0.3 0.2640625
1 0.8770833333333333 0.753125 0.24583333333333332 0.278125