0 0.25833333333333336 0.421875 0.33958333333333335 0.2265625
0 0.7625 0.3953125 0.25833333333333336 0.16875
1 0.5854166666666667 0.2421875 0.27291666666666664 0.1765625
1 0.5166666666666667 0.425 0.21666666666666667 0.203125
1 0.8229166666666666 0.6171875 0.3541666666666667 0.2390625
1 0.6375 0.7296875 0.21458333333333332 0.1859375
1 0.3458333333333333 0.6453125 0.36875 0.2328125
1 0.50625 0.865625 0.3625 0.265625
1 0.81875 0.9140625 0.2875 0.171875
1 0.9375 0.471875 0.125 0.1578125
1 0.9333333333333333 0.209375 0.13333333333333333 0.19375
1 0.85 0.1109375 0.2 0.1578125
1 0.63125 0.1265625 0.21458333333333332 0.159375
1 0.425 0.1046875 0.20625 0.096875
1 0.325 0.2015625 0.2833333333333333 0.159375
1 0.11458333333333333 0.3359375 0.22708333333333333 0.125
1 0.08333333333333333 0.2546875 0.16666666666666666 0.0703125
1 0.06458333333333334 0.184375 0.12916666666666668 0.065625
1 0.18958333333333333 0.09375 0.17708333333333334 0.134375
1 0.05416666666666667 0.0765625 0.10833333333333334 0.1390625
1 0.3541666666666667 0.04375 0.12083333333333333 0.0546875
1 0.7625 0.0296875 0.15416666666666667 0.059375
1 0.1 0.578125 0.2 0.20625
1 0.3 0.878125 0.15 0.1546875