1 0.07916666666666666 0.28359375 0.15833333333333333 0.2859375
1 0.3072916666666667 0.17578125 0.27708333333333335 0.2109375
1 0.534375 0.10546875 0.28958333333333336 0.15625
1 0.771875 0.07734375 0.27708333333333335 0.1453125
1 0.8052083333333333 0.26015625 0.3854166666666667 0.265625
1 0.43854166666666666 0.34609375 0.3875 0.2546875
1 0.66875 0.57578125 0.48125 0.284375
1 0.26458333333333334 0.7640625 0.45625 0.34375
1 0.1875 0.49765625 0.3333333333333333 0.209375
1 0.684375 0.82265625 0.4083333333333333 0.234375
1 0.11041666666666666 0.925 0.20416666666666666 0.15
1 0.4322916666666667 0.92109375 0.38958333333333334 0.1578125