1 0.6197916666666666 0.43984375 0.41458333333333336 0.3078125
1 0.9041666666666667 0.4203125 0.19166666666666668 0.28125
1 0.7760416666666666 0.6734375 0.44583333333333336 0.3640625
1 0.6114583333333333 0.8640625 0.44375 0.271875
1 0.24479166666666666 0.8515625 0.4895833333333333 0.29375
1 0.346875 0.60703125 0.43125 0.3
1 0.36041666666666666 0.3234375 0.32708333333333334 0.265625
1 0.15104166666666666 0.43515625 0.29583333333333334 0.21875
1 0.10208333333333333 0.640625 0.20416666666666666 0.25
1 0.16145833333333334 0.21328125 0.25 0.221875
1 0.3541666666666667 0.1140625 0.35 0.2171875
1 0.6145833333333334 0.1875 0.3416666666666667 0.2671875
1 0.8791666666666667 0.178125 0.24166666666666667 0.25625
1 0.209375 0.0546875 0.2520833333333333 0.109375