1 0.4895833333333333 0.634375 0.37083333333333335 0.2921875
1 0.80625 0.603125 0.3229166666666667 0.2578125
1 0.5958333333333333 0.4015625 0.3 0.1859375
1 0.275 0.4484375 0.25625 0.2109375
1 0.30625 0.24375 0.3541666666666667 0.2078125
1 0.6604166666666667 0.2609375 0.2708333333333333 0.1484375
1 0.8520833333333333 0.403125 0.29375 0.203125
1 0.9020833333333333 0.2609375 0.19375 0.153125
1 0.7854166666666667 0.14375 0.17916666666666667 0.1265625
1 0.4625 0.125 0.325 0.221875
1 0.8145833333333333 0.059375 0.21875 0.11875