0 0.2864583333333333 0.26328125 0.3229166666666667 0.2265625
0 0.36354166666666665 0.46484375 0.3625 0.25
1 0.17708333333333334 0.6359375 0.3541666666666667 0.34375
1 0.4166666666666667 0.74296875 0.31666666666666665 0.290625
1 0.7354166666666667 0.83984375 0.43333333333333335 0.3203125
1 0.6770833333333334 0.56875 0.41458333333333336 0.29375
1 0.5875 0.34296875 0.3229166666666667 0.2
1 0.5072916666666667 0.16953125 0.2875 0.1765625
1 0.3489583333333333 0.0703125 0.28541666666666665 0.140625
1 0.09895833333333333 0.2734375 0.175 0.21875
1 0.11145833333333334 0.434375 0.22291666666666668 0.14375
0 0.15625 0.89140625 0.3125 0.1984375