1 0.5927083333333333 0.16953125 0.25 0.19375
1 0.20729166666666668 0.27890625 0.25625 0.1875
1 0.4041666666666667 0.3046875 0.23333333333333334 0.18125
1 0.5708333333333333 0.39609375 0.27291666666666664 0.2203125
1 0.7947916666666667 0.27265625 0.21875 0.171875
1 0.7864583333333334 0.44296875 0.20625 0.1796875
1 0.9083333333333333 0.3953125 0.18333333333333332 0.184375
1 0.8770833333333333 0.59375 0.24375 0.203125
1 0.65625 0.60859375 0.23958333333333334 0.1984375
1 0.41354166666666664 0.56171875 0.26666666666666666 0.1953125
1 0.325 0.42578125 0.21875 0.1234375
1 0.12291666666666666 0.4296875 0.24583333333333332 0.2125
1 0.21041666666666667 0.57421875 0.21458333333333332 0.1515625
1 0.11145833333333334 0.703125 0.20208333333333334 0.159375
1 0.3541666666666667 0.759375 0.27291666666666664 0.221875
1 0.646875 0.81796875 0.29375 0.25625
1 0.8885416666666667 0.80703125 0.2125 0.2578125
1 0.8520833333333333 0.1421875 0.24791666666666667 0.13125
1 0.9354166666666667 0.23359375 0.12916666666666668 0.1453125
1 0.15104166666666666 0.1671875 0.16666666666666666 0.1390625
1 0.3385416666666667 0.17265625 0.21458333333333332 0.1421875
1 0.053125 0.2734375 0.09583333333333334 0.090625