0 0.7270833333333333 0.26328125 0.3229166666666667 0.3
0 0.5822916666666667 0.46796875 0.39375 0.2703125
0 0.4666666666666667 0.66875 0.45625 0.365625
0 0.80625 0.79609375 0.34375 0.36875
1 0.7114583333333333 0.9265625 0.4354166666666667 0.146875
1 0.9229166666666667 0.378125 0.15416666666666667 0.184375
1 0.8260416666666667 0.45703125 0.2791666666666667 0.19375
1 0.7583333333333333 0.6125 0.2916666666666667 0.178125
1 0.5197916666666667 0.18984375 0.21041666666666667 0.134375
1 0.5145833333333333 0.3109375 0.22291666666666668 0.1515625
1 0.9197916666666667 0.2375 0.16041666666666668 0.140625
0 0.534375 0.08125 0.22708333333333333 0.1625
0 0.884375 0.06796875 0.23125 0.0890625
1 0.7177083333333333 0.090625 0.18958333333333333 0.115625
1 0.978125 0.13359375 0.04375 0.1453125
1 0.9 0.15234375 0.2 0.1234375