0 0.2625 0.4296875 0.3458333333333333 0.271875
0 0.2125 0.74375 0.41875 0.3046875
0 0.66875 0.7390625 0.49166666666666664 0.3484375
0 0.6020833333333333 0.403125 0.3 0.28125
0 0.875 0.334375 0.24791666666666667 0.234375
0 0.8479166666666667 0.5421875 0.2791666666666667 0.209375
1 0.9375 0.7421875 0.125 0.25
1 0.50625 0.909375 0.41458333333333336 0.18125
1 0.14791666666666667 0.1515625 0.21875 0.1640625
1 0.38958333333333334 0.16875 0.24791666666666667 0.1859375
1 0.6 0.234375 0.22083333333333333 0.1015625
1 0.6479166666666667 0.109375 0.2520833333333333 0.1640625
1 0.8333333333333334 0.10625 0.12083333333333333 0.096875
1 0.9166666666666666 0.15625 0.16458333333333333 0.1265625
1 0.04375 0.19375 0.08541666666666667 0.184375
1 0.15 0.3140625 0.22083333333333333 0.1390625
1 0.0875 0.5125 0.175 0.2015625
1 0.1 0.934375 0.19791666666666666 0.1296875
1 0.7895833333333333 0.034375 0.21458333333333332 0.06875