0 0.6510416666666666 0.74765625 0.5 0.371875
1 0.46145833333333336 0.24453125 0.4708333333333333 0.3671875
1 0.140625 0.23671875 0.28125 0.2609375
1 0.828125 0.328125 0.325 0.28125
0 0.78125 0.54609375 0.37916666666666665 0.2828125
0 0.53125 0.48046875 0.375 0.2171875
1 0.2916666666666667 0.3828125 0.29791666666666666 0.240625
1 0.109375 0.4 0.21875 0.1875
1 0.08020833333333334 0.55234375 0.16041666666666668 0.2515625
1 0.23125 0.58125 0.36041666666666666 0.2734375
1 0.8989583333333333 0.7953125 0.20208333333333334 0.3125
1 0.7166666666666667 0.12421875 0.3541666666666667 0.2484375
1 0.3385416666666667 0.0671875 0.24166666666666667 0.1328125
0 0.5239583333333333 0.07265625 0.2 0.128125