1 0.21145833333333333 0.5140625 0.42291666666666666 0.3125
1 0.47291666666666665 0.69765625 0.41041666666666665 0.309375
1 0.6520833333333333 0.503125 0.37083333333333335 0.225
1 0.8166666666666667 0.6921875 0.3625 0.3359375
1 0.7270833333333333 0.88203125 0.49166666666666664 0.2359375
1 0.27708333333333335 0.90078125 0.4708333333333333 0.1984375
1 0.10833333333333334 0.7640625 0.21666666666666667 0.321875
1 0.1625 0.26328125 0.30625 0.275
1 0.453125 0.3484375 0.2833333333333333 0.2125
1 0.759375 0.33671875 0.34791666666666665 0.190625
1 0.65 0.16484375 0.3854166666666667 0.2171875
1 0.340625 0.175 0.3145833333333333 0.1984375