1 0.4083333333333333 0.5171875 0.25833333333333336 0.140625
1 0.49583333333333335 0.3953125 0.23958333333333334 0.1484375
1 0.41354166666666664 0.28984375 0.19791666666666666 0.1265625
1 0.26979166666666665 0.4609375 0.18333333333333332 0.1390625
1 0.165625 0.6234375 0.2604166666666667 0.1734375
1 0.396875 0.7109375 0.3333333333333333 0.24375
1 0.6916666666666667 0.68046875 0.32916666666666666 0.228125
1 0.6854166666666667 0.49453125 0.2708333333333333 0.1828125
1 0.6989583333333333 0.36796875 0.18958333333333333 0.0984375
1 0.7052083333333333 0.28515625 0.2125 0.125
1 0.9 0.29921875 0.17916666666666667 0.1015625
1 0.884375 0.371875 0.2 0.1265625
1 0.8947916666666667 0.48984375 0.21041666666666667 0.1671875
1 0.8947916666666667 0.66015625 0.21041666666666667 0.1828125
1 0.096875 0.90390625 0.17708333333333334 0.1921875
1 0.8083333333333333 0.95546875 0.32916666666666666 0.084375