0 0.5145833333333333 0.3953125 0.46458333333333335 0.3984375
0 0.68125 0.66171875 0.4270833333333333 0.2828125
0 0.7885416666666667 0.90234375 0.40208333333333335 0.1953125
1 0.2552083333333333 0.61875 0.4354166666666667 0.2828125
1 0.3385416666666667 0.86875 0.5104166666666666 0.2625
0 0.6395833333333333 0.221875 0.40625 0.2640625
1 0.6166666666666667 0.0734375 0.2875 0.1296875
1 0.25625 0.1265625 0.3104166666666667 0.16875
1 0.35625 0.2109375 0.2625 0.1859375
1 0.09270833333333334 0.16484375 0.175 0.2171875
1 0.09166666666666666 0.31640625 0.17916666666666667 0.1921875
1 0.20625 0.39609375 0.23125 0.16875
0 0.046875 0.5015625 0.09375 0.215625
1 0.09166666666666666 0.75546875 0.18333333333333332 0.2796875