1 0.6458333333333334 0.1640625 0.27708333333333335 0.1828125
1 0.6791666666666667 0.33203125 0.3 0.1953125
1 0.2604166666666667 0.30625 0.37916666666666665 0.184375
0 0.240625 0.55 0.4625 0.33125
1 0.7375 0.6703125 0.5 0.328125
1 0.528125 0.459375 0.24583333333333332 0.1953125
1 0.8427083333333333 0.49140625 0.3145833333333333 0.1828125
1 0.9302083333333333 0.33984375 0.13958333333333334 0.1765625
1 0.8885416666666667 0.14140625 0.22291666666666668 0.2265625
0 0.6729166666666667 0.04921875 0.27708333333333335 0.0953125
1 0.08020833333333334 0.27265625 0.15416666666666667 0.2453125
1 0.16354166666666667 0.84765625 0.32708333333333334 0.2546875
1 0.690625 0.909375 0.42291666666666666 0.18125
1 0.4166666666666667 0.76171875 0.3125 0.159375