0 0.8552083333333333 0.32890625 0.2375 0.165625
0 0.84375 0.478125 0.3125 0.253125
0 0.3802083333333333 0.52578125 0.20625 0.1578125
0 0.3302083333333333 0.203125 0.14583333333333334 0.0953125
0 0.75 0.10390625 0.14791666666666667 0.0890625
0 0.6270833333333333 0.62890625 0.29583333333333334 0.21875
0 0.09166666666666666 0.41328125 0.18333333333333332 0.1765625
1 0.240625 0.41015625 0.22916666666666666 0.165625
1 0.16770833333333332 0.5453125 0.33541666666666664 0.21875
1 0.3885416666666667 0.68828125 0.3645833333333333 0.275
1 0.83125 0.79140625 0.3375 0.3453125
1 0.61875 0.9078125 0.44166666666666665 0.184375
1 0.32708333333333334 0.90546875 0.3958333333333333 0.1890625
0 0.16041666666666668 0.790625 0.22291666666666668 0.25
1 0.06041666666666667 0.19296875 0.12083333333333333 0.1953125
1 0.19375 0.2125 0.19583333333333333 0.1484375
1 0.08541666666666667 0.12265625 0.17083333333333334 0.1390625
1 0.25833333333333336 0.3296875 0.20416666666666666 0.140625
1 0.31666666666666665 0.2765625 0.1375 0.08125
1 0.4864583333333333 0.27109375 0.20416666666666666 0.125
1 0.43645833333333334 0.375 0.22083333333333333 0.175
1 0.6614583333333334 0.35390625 0.2791666666666667 0.1984375
1 0.634375 0.2125 0.17708333333333334 0.140625
1 0.8177083333333334 0.240625 0.19166666666666668 0.1015625
1 0.7927083333333333 0.16640625 0.19375 0.1140625
1 0.46875 0.1984375 0.16875 0.1
1 0.6135416666666667 0.1328125 0.1875 0.115625
1 0.515625 0.1265625 0.11041666666666666 0.090625
1 0.3625 0.1390625 0.17291666666666666 0.1