0 0.41875 0.5953125 0.32083333333333336 0.2234375
0 0.8385416666666666 0.17109375 0.24375 0.225
0 0.46770833333333334 0.37421875 0.3625 0.278125
0 0.7072916666666667 0.496875 0.29791666666666666 0.1828125
0 0.10625 0.44921875 0.2125 0.2296875
0 0.12604166666666666 0.10546875 0.2520833333333333 0.1390625
0 0.39895833333333336 0.075 0.29375 0.15
0 0.5395833333333333 0.18359375 0.375 0.24375
1 0.678125 0.075 0.26875 0.15
1 0.8083333333333333 0.36171875 0.25833333333333336 0.1765625
1 0.9166666666666666 0.5265625 0.16666666666666666 0.228125
1 0.7427083333333333 0.70625 0.4125 0.328125
1 0.4114583333333333 0.83203125 0.48125 0.3359375
1 0.278125 0.45234375 0.1625 0.1734375
1 0.21458333333333332 0.24609375 0.30416666666666664 0.2359375
1 0.03854166666666667 0.2953125 0.07708333333333334 0.153125
1 0.7729166666666667 0.02265625 0.15833333333333333 0.0453125