0 0.259375 0.28828125 0.30625 0.2734375
0 0.5260416666666666 0.2609375 0.29791666666666666 0.2109375
0 0.58125 0.4328125 0.3020833333333333 0.153125
0 0.790625 0.52578125 0.41875 0.2359375
0 0.815625 0.80234375 0.36875 0.3359375
0 0.4791666666666667 0.684375 0.3375 0.275
0 0.153125 0.678125 0.29583333333333334 0.2625
0 0.15729166666666666 0.47421875 0.3145833333333333 0.2203125
1 0.4010416666666667 0.53828125 0.21041666666666667 0.13125
1 0.3854166666666667 0.41484375 0.16458333333333333 0.090625
1 0.7479166666666667 0.33984375 0.20833333333333334 0.153125
1 0.8614583333333333 0.18359375 0.22083333333333333 0.1796875
1 0.9291666666666667 0.32734375 0.125 0.1640625
1 0.4125 0.88515625 0.3875 0.2296875
1 0.9520833333333333 0.734375 0.09583333333333334 0.2375
1 0.7052083333333333 0.08359375 0.28125 0.1671875
1 0.5 0.04765625 0.1875 0.0953125
1 0.359375 0.0875 0.20625 0.1125
0 0.5479166666666667 0.121875 0.12291666666666666 0.1171875
1 0.21145833333333333 0.159375 0.17708333333333334 0.08125
1 0.06458333333333334 0.24375 0.12916666666666668 0.128125
1 0.07708333333333334 0.3484375 0.15416666666666667 0.1125
1 0.175 0.0875 0.22291666666666668 0.103125
1 0.057291666666666664 0.1265625 0.11458333333333333 0.13125
1 0.15833333333333333 0.03828125 0.2 0.053125