0 0.5489583333333333 0.603125 0.4 0.3234375
0 0.3885416666666667 0.84375 0.3854166666666667 0.296875
0 0.253125 0.60703125 0.2708333333333333 0.23125
0 0.10416666666666667 0.4921875 0.20833333333333334 0.203125
0 0.253125 0.3671875 0.25416666666666665 0.196875
0 0.38229166666666664 0.21796875 0.2625 0.2421875
0 0.6447916666666667 0.2421875 0.30833333333333335 0.2140625
0 0.571875 0.425 0.25833333333333336 0.16875
0 0.8479166666666667 0.4 0.26458333333333334 0.1953125
1 0.8177083333333334 0.6046875 0.25625 0.2640625
1 0.7489583333333333 0.865625 0.36041666666666666 0.2625
1 0.11041666666666666 0.771875 0.2 0.26875
1 0.5458333333333333 0.08828125 0.17083333333333334 0.1328125
1 0.721875 0.115625 0.19583333333333333 0.125
1 0.8885416666666667 0.2359375 0.2 0.184375
1 0.9125 0.090625 0.12916666666666668 0.18125
1 0.7645833333333333 0.04765625 0.2125 0.0953125
1 0.40208333333333335 0.0578125 0.18333333333333332 0.115625
1 0.5802083333333333 0.02890625 0.21041666666666667 0.0578125