1 0.6458333333333334 0.6984375 0.5520833333333334 0.425
1 0.23958333333333334 0.74609375 0.45416666666666666 0.4359375
1 0.32708333333333334 0.94140625 0.4 0.1171875
1 0.7458333333333333 0.9046875 0.5041666666666667 0.190625
1 0.8770833333333333 0.66640625 0.24583333333333332 0.3578125
1 0.7947916666666667 0.42578125 0.41041666666666665 0.3078125
1 0.5197916666666667 0.2859375 0.42291666666666666 0.3265625
1 0.203125 0.1640625 0.40625 0.3
1 0.4010416666666667 0.05 0.21458333333333332 0.1
1 0.5822916666666667 0.10703125 0.34375 0.2140625
1 0.7895833333333333 0.0875 0.24166666666666667 0.175
1 0.7947916666666667 0.2484375 0.32708333333333334 0.2359375
0 0.21875 0.45078125 0.4375 0.3296875