0 0.40625 0.50859375 0.4479166666666667 0.3
1 0.6875 0.4375 0.33541666666666664 0.253125
1 0.5552083333333333 0.21796875 0.42083333333333334 0.275
1 0.675 0.090625 0.3 0.18125
1 0.88125 0.08046875 0.19166666666666668 0.1609375
1 0.8697916666666666 0.38359375 0.25625 0.16875
1 0.8385416666666666 0.6203125 0.3229166666666667 0.215625
1 0.634375 0.7515625 0.4895833333333333 0.30625
1 0.8708333333333333 0.903125 0.25833333333333336 0.171875
1 0.384375 0.878125 0.34375 0.24375
1 0.234375 0.6671875 0.34375 0.2484375
1 0.115625 0.4375 0.23125 0.259375
1 0.17916666666666667 0.2328125 0.3125 0.2234375
1 0.35 0.34609375 0.15416666666666667 0.0953125