1 0.53125 0.20078125 0.38958333333333334 0.271875
0 0.6125 0.45 0.39375 0.3046875
0 0.2791666666666667 0.1359375 0.31875 0.2359375
0 0.21145833333333333 0.39609375 0.4125 0.3109375
0 0.9291666666666667 0.49296875 0.14166666666666666 0.3015625
1 0.8760416666666667 0.20703125 0.24791666666666667 0.2703125
1 0.6 0.73828125 0.4375 0.3046875
1 0.875 0.80859375 0.22708333333333333 0.321875
1 0.3104166666666667 0.64140625 0.2833333333333333 0.1921875
1 0.109375 0.62109375 0.21875 0.2078125
1 0.8333333333333334 0.60234375 0.21875 0.1578125
1 0.7479166666666667 0.0625 0.2520833333333333 0.115625
1 0.5458333333333333 0.03828125 0.20833333333333334 0.0765625