0 0.3625 0.3921875 0.275 0.171875
0 0.26979166666666665 0.528125 0.39375 0.2625
0 0.7770833333333333 0.4046875 0.20625 0.16875
1 0.590625 0.44296875 0.23958333333333334 0.1671875
1 0.56875 0.58125 0.30625 0.21875
1 0.7875 0.53671875 0.22083333333333333 0.165625
1 0.8197916666666667 0.68984375 0.30833333333333335 0.240625
1 0.5072916666666667 0.78515625 0.47708333333333336 0.3375
1 0.16666666666666666 0.72109375 0.3333333333333333 0.2796875
1 0.509375 0.30546875 0.21666666666666667 0.15625
1 0.653125 0.3125 0.16666666666666666 0.14375
1 0.7666666666666667 0.30234375 0.14375 0.1125
1 0.63125 0.2125 0.18541666666666667 0.1109375
1 0.4114583333333333 0.20859375 0.22291666666666668 0.1390625
1 0.9239583333333333 0.46015625 0.15208333333333332 0.1578125
1 0.9270833333333334 0.62265625 0.13958333333333334 0.18125
1 0.8708333333333333 0.29609375 0.1375 0.1015625