0 0.36354166666666665 0.66171875 0.39166666666666666 0.259375
0 0.725 0.64609375 0.4041666666666667 0.284375
0 0.33645833333333336 0.428125 0.3229166666666667 0.228125
0 0.70625 0.28046875 0.32708333333333334 0.20625
0 0.759375 0.084375 0.2604166666666667 0.16875
0 0.903125 0.14296875 0.15208333333333332 0.1109375
1 0.10625 0.3546875 0.2125 0.259375
1 0.6052083333333333 0.878125 0.4895833333333333 0.24375
1 0.2989583333333333 0.2265625 0.35 0.2109375
1 0.06770833333333333 0.146875 0.13541666666666666 0.21875
1 0.290625 0.075 0.31666666666666665 0.1453125
1 0.5135416666666667 0.12109375 0.31875 0.2078125
1 0.9041666666666667 0.34296875 0.18541666666666667 0.2578125