0 0.7854166666666667 0.55859375 0.425 0.3671875
0 0.9708333333333333 0.65390625 0.058333333333333334 0.2234375
1 0.8052083333333333 0.83203125 0.38958333333333334 0.2984375
1 0.5385416666666667 0.87265625 0.3854166666666667 0.2546875
1 0.5510416666666667 0.67890625 0.32083333333333336 0.25625
1 0.36875 0.75078125 0.24375 0.2359375
1 0.31875 0.5671875 0.35 0.196875
1 0.17395833333333333 0.72421875 0.32916666666666666 0.3859375
1 0.12291666666666666 0.4828125 0.24583333333333332 0.190625
1 0.16041666666666668 0.29375 0.28958333333333336 0.2046875
1 0.36354166666666665 0.3953125 0.44166666666666665 0.3265625
1 0.628125 0.45546875 0.2375 0.21875
1 0.628125 0.275 0.3375 0.23125
1 0.8677083333333333 0.40390625 0.26458333333333334 0.2234375
1 0.7520833333333333 0.109375 0.3333333333333333 0.21875
1 0.8510416666666667 0.25234375 0.20416666666666666 0.15
1 0.4041666666666667 0.21484375 0.27291666666666664 0.1828125
1 0.38125 0.0703125 0.25 0.140625
1 0.559375 0.10703125 0.2375 0.1828125