1 0.390625 0.0703125 0.22708333333333333 0.13125
1 0.521875 0.2015625 0.26458333333333334 0.1765625
1 0.3177083333333333 0.22421875 0.23125 0.14375
1 0.34791666666666665 0.35703125 0.33958333333333335 0.2234375
1 0.3697916666666667 0.534375 0.30416666666666664 0.2125
1 0.5520833333333334 0.43515625 0.2125 0.2140625
1 0.7677083333333333 0.496875 0.36666666666666664 0.234375
1 0.8625 0.2890625 0.23541666666666666 0.221875
1 0.8791666666666667 0.62734375 0.24166666666666667 0.1703125
1 0.45729166666666665 0.65703125 0.25416666666666665 0.128125
1 0.33645833333333336 0.865625 0.34375 0.2390625
1 0.5854166666666667 0.775 0.325 0.25
1 0.8395833333333333 0.83359375 0.32083333333333336 0.2890625