1 0.37083333333333335 0.67890625 0.4583333333333333 0.325
1 0.7135416666666666 0.609375 0.4083333333333333 0.2890625
1 0.6645833333333333 0.84609375 0.49583333333333335 0.3078125
0 0.43020833333333336 0.440625 0.2875 0.2265625
1 0.6645833333333333 0.4140625 0.26458333333333334 0.209375
1 0.13541666666666666 0.71953125 0.2708333333333333 0.2734375
1 0.2520833333333333 0.52265625 0.29791666666666666 0.1765625
1 0.17916666666666667 0.4265625 0.2708333333333333 0.1859375
1 0.35208333333333336 0.3 0.23541666666666666 0.15625
1 0.5833333333333334 0.284375 0.24166666666666667 0.1828125
1 0.41041666666666665 0.21640625 0.1875 0.1125
0 0.14375 0.23515625 0.19791666666666666 0.159375
1 0.12708333333333333 0.3484375 0.1875 0.1375
1 0.05625 0.465625 0.1125 0.15625
1 0.04583333333333333 0.58359375 0.09166666666666666 0.0984375