0 0.37916666666666665 0.3703125 0.29375 0.171875
0 0.3145833333333333 0.190625 0.26875 0.1734375
0 0.71875 0.1609375 0.27291666666666664 0.14375
0 0.8541666666666666 0.4171875 0.14375 0.153125
1 0.8708333333333333 0.6203125 0.25625 0.19375
1 0.8270833333333333 0.84375 0.3458333333333333 0.3109375
1 0.49166666666666664 0.796875 0.3541666666666667 0.33125
1 0.20208333333333334 0.921875 0.4 0.1546875
0 0.37916666666666665 0.5515625 0.25833333333333336 0.1671875
1 0.6833333333333333 0.4953125 0.26666666666666666 0.190625
1 0.1625 0.7390625 0.3229166666666667 0.23125
1 0.11041666666666666 0.53125 0.22083333333333333 0.203125
1 0.19583333333333333 0.4234375 0.17708333333333334 0.1671875
1 0.0625 0.378125 0.12291666666666666 0.121875
1 0.13958333333333334 0.275 0.17083333333333334 0.1265625
1 0.1125 0.1671875 0.16875 0.078125
1 0.07708333333333334 0.1 0.15416666666666667 0.0625
0 0.2625 0.1015625 0.1375 0.0703125
1 0.25833333333333336 0.04375 0.14583333333333334 0.0734375
1 0.4270833333333333 0.0546875 0.19583333333333333 0.1015625
1 0.5166666666666667 0.16875 0.20625 0.1703125
1 0.6833333333333333 0.3078125 0.26666666666666666 0.16875
1 0.90625 0.2734375 0.17708333333333334 0.1640625