0 0.8083333333333333 0.75859375 0.38333333333333336 0.4015625
0 0.6458333333333334 0.35390625 0.3875 0.25625
1 0.390625 0.88515625 0.36875 0.2296875
1 0.6645833333333333 0.8625 0.35833333333333334 0.275
1 0.38229166666666664 0.6515625 0.36666666666666664 0.2734375
1 0.8770833333333333 0.49375 0.24583333333333332 0.25
1 0.6322916666666667 0.5640625 0.24375 0.175
1 0.8875 0.31328125 0.18333333333333332 0.2328125
1 0.5791666666666667 0.1015625 0.4666666666666667 0.203125
1 0.26979166666666665 0.08515625 0.2 0.121875
1 0.3145833333333333 0.1953125 0.25416666666666665 0.16875
1 0.31145833333333334 0.340625 0.275 0.159375
1 0.9072916666666667 0.04375 0.14375 0.0875
1 0.9333333333333333 0.13359375 0.11041666666666666 0.2203125