1 0.15729166666666666 0.1875 0.3145833333333333 0.25625
1 0.46979166666666666 0.18828125 0.3729166666666667 0.2796875
0 0.4895833333333333 0.43125 0.5354166666666667 0.3734375
1 0.16666666666666666 0.425 0.3333333333333333 0.35
1 0.29270833333333335 0.659375 0.4666666666666667 0.33125
1 0.7739583333333333 0.64453125 0.45208333333333334 0.3515625
1 0.5760416666666667 0.82890625 0.45625 0.3421875
1 0.81875 0.85703125 0.3625 0.2421875
1 0.9333333333333333 0.7953125 0.13333333333333333 0.26875
1 0.7875 0.2546875 0.22708333333333333 0.1796875
1 0.684375 0.12578125 0.26458333333333334 0.203125