0 0.653125 0.3640625 0.33541666666666664 0.2359375
0 0.8416666666666667 0.2296875 0.26875 0.2125
0 0.48854166666666665 0.596875 0.37083333333333335 0.2078125
0 0.8197916666666667 0.55703125 0.36041666666666666 0.2828125
0 0.23541666666666666 0.93515625 0.36666666666666664 0.1296875
0 0.125 0.72421875 0.22291666666666668 0.259375
0 0.17083333333333334 0.2875 0.3416666666666667 0.1921875
0 0.34791666666666665 0.40078125 0.3958333333333333 0.225
1 0.13229166666666667 0.5 0.26458333333333334 0.225
1 0.615625 0.1125 0.2875 0.2234375
1 0.9229166666666667 0.37890625 0.14375 0.15
1 0.6895833333333333 0.80390625 0.5166666666666667 0.359375
1 0.9322916666666666 0.8328125 0.13541666666666666 0.275