0 0.23125 0.6546875 0.425 0.28125
0 0.8604166666666667 0.8015625 0.27708333333333335 0.39375
0 0.13125 0.884375 0.2604166666666667 0.2296875
1 0.6416666666666667 0.9140625 0.4041666666666667 0.1703125
1 0.41875 0.8609375 0.2625 0.1625
1 0.3729166666666667 0.4640625 0.23541666666666666 0.121875
1 0.78125 0.3046875 0.21875 0.165625
1 0.8916666666666667 0.4328125 0.21666666666666667 0.1359375
1 0.6583333333333333 0.590625 0.30625 0.2796875
0 0.9 0.5375 0.2 0.140625
1 0.6020833333333333 0.434375 0.19791666666666666 0.078125
0 0.6166666666666667 0.3828125 0.2125 0.0828125
0 0.5895833333333333 0.303125 0.17708333333333334 0.115625
1 0.6645833333333333 0.2234375 0.17291666666666666 0.08125
1 0.35833333333333334 0.36875 0.22916666666666666 0.09375
1 0.40208333333333335 0.29375 0.19375 0.1125
1 0.2 0.353125 0.15625 0.15