1 0.215625 0.20234375 0.3625 0.2125
1 0.453125 0.11484375 0.26875 0.171875
1 0.73125 0.10390625 0.31666666666666665 0.2078125
1 0.8385416666666666 0.2609375 0.3145833333333333 0.1921875
1 0.7479166666666667 0.415625 0.35 0.1890625
1 0.5427083333333333 0.29609375 0.26458333333333334 0.21875
1 0.28541666666666665 0.4265625 0.44583333333333336 0.26875
1 0.5302083333333333 0.6125 0.35833333333333334 0.271875
1 0.8541666666666666 0.63359375 0.2916666666666667 0.2921875
1 0.7625 0.853125 0.475 0.29375
1 0.29583333333333334 0.85390625 0.4375 0.2921875
1 0.13645833333333332 0.6171875 0.27291666666666664 0.29375