1 0.534375 0.57109375 0.35625 0.2640625
0 0.74375 0.54296875 0.31875 0.246875
1 0.9114583333333334 0.496875 0.17708333333333334 0.184375
1 0.42916666666666664 0.40546875 0.19791666666666666 0.13125
1 0.5520833333333334 0.36328125 0.18333333333333332 0.1125
1 0.7270833333333333 0.34453125 0.225 0.1421875
1 0.6291666666666667 0.43203125 0.2 0.1171875
1 0.48333333333333334 0.47265625 0.21041666666666667 0.1
1 0.37916666666666665 0.34296875 0.17708333333333334 0.096875
0 0.35104166666666664 0.28125 0.20625 0.121875
1 0.28125 0.21875 0.17708333333333334 0.121875
1 0.5239583333333333 0.26015625 0.1625 0.0859375
1 0.50625 0.31796875 0.17083333333333334 0.096875
1 0.628125 0.2796875 0.17916666666666667 0.1078125
0 0.475 0.19921875 0.21666666666666667 0.1359375