1 0.4083333333333333 0.25078125 0.375 0.25
0 0.4166666666666667 0.60859375 0.47291666666666665 0.2875
0 0.7739583333333333 0.57109375 0.45208333333333334 0.3609375
0 0.13645833333333332 0.26015625 0.21875 0.1484375
0 0.059375 0.60078125 0.11875 0.1890625
0 0.28125 0.928125 0.2375 0.128125
1 0.5645833333333333 0.859375 0.45416666666666666 0.28125
1 0.840625 0.81640625 0.26666666666666666 0.309375
0 0.14895833333333333 0.79921875 0.29791666666666666 0.3109375
1 0.35625 0.8015625 0.22291666666666668 0.1765625
1 0.38229166666666664 0.42421875 0.23125 0.1390625
1 0.16041666666666668 0.42890625 0.32083333333333336 0.2515625
1 0.26145833333333335 0.13984375 0.19375 0.1640625
1 0.4635416666666667 0.07890625 0.23541666666666666 0.1578125
1 0.6541666666666667 0.17421875 0.33958333333333335 0.25625
1 0.8197916666666667 0.0796875 0.36041666666666666 0.1375
1 0.9177083333333333 0.1734375 0.16458333333333333 0.184375
1 0.840625 0.33203125 0.31875 0.2484375
1 0.5854166666666667 0.38984375 0.19583333333333333 0.1703125
1 0.15 0.06015625 0.17916666666666667 0.1203125