1 0.5354166666666667 0.20859375 0.17083333333333334 0.1765625
1 0.6822916666666666 0.14609375 0.19166666666666668 0.121875
1 0.6802083333333333 0.26171875 0.24583333333333332 0.1640625
1 0.828125 0.3421875 0.1875 0.1015625
1 0.8583333333333333 0.440625 0.25625 0.1578125
1 0.6854166666666667 0.471875 0.24375 0.171875
1 0.4895833333333333 0.46015625 0.24583333333333332 0.1421875
1 0.4270833333333333 0.340625 0.2125 0.1453125
1 0.37395833333333334 0.221875 0.21666666666666667 0.121875
1 0.19375 0.2171875 0.21041666666666667 0.1140625
1 0.08854166666666667 0.284375 0.17708333333333334 0.14375
1 0.25104166666666666 0.31875 0.17708333333333334 0.1171875
1 0.10833333333333334 0.425 0.20833333333333334 0.15
1 0.29375 0.4359375 0.21041666666666667 0.1546875
1 0.659375 0.8453125 0.2375 0.1703125
0 0.459375 0.8875 0.2520833333333333 0.1828125
1 0.8739583333333333 0.8890625 0.2520833333333333 0.1875