0 0.16458333333333333 0.45625 0.32708333333333334 0.340625
0 0.49583333333333335 0.3578125 0.41875 0.3296875
0 0.6041666666666666 0.790625 0.3375 0.2484375
0 0.41458333333333336 0.915625 0.5541666666666667 0.1671875
0 0.7020833333333333 0.5703125 0.33125 0.2390625
1 0.8729166666666667 0.8453125 0.2520833333333333 0.3078125
1 0.3729166666666667 0.621875 0.3 0.2046875
1 0.2604166666666667 0.7921875 0.20625 0.1390625
1 0.09166666666666666 0.825 0.18125 0.3484375
1 0.10625 0.1625 0.2125 0.21875
1 0.3333333333333333 0.1140625 0.2708333333333333 0.1390625
1 0.3375 0.225 0.3145833333333333 0.1171875
1 0.07083333333333333 0.05 0.14166666666666666 0.0984375
1 0.1 0.6625 0.2 0.1140625