1 0.15833333333333333 0.2984375 0.30833333333333335 0.190625
1 0.4270833333333333 0.3328125 0.26458333333333334 0.1765625
1 0.7291666666666666 0.3171875 0.25625 0.228125
1 0.6166666666666667 0.5171875 0.3770833333333333 0.21875
1 0.31666666666666665 0.51875 0.28125 0.1921875
1 0.10625 0.478125 0.18125 0.1921875
1 0.10625 0.6765625 0.21041666666666667 0.2265625
1 0.3541666666666667 0.7109375 0.34375 0.2578125
1 0.6854166666666667 0.7765625 0.29583333333333334 0.2734375
1 0.1375 0.90625 0.275 0.1875
1 0.4875 0.9171875 0.3875 0.165625