1 0.5427083333333333 0.06328125 0.22083333333333333 0.1234375
1 0.6239583333333333 0.215625 0.25625 0.16875
1 0.41875 0.1984375 0.225 0.1359375
1 0.40208333333333335 0.33203125 0.32916666666666666 0.2140625
1 0.3625 0.5078125 0.29375 0.203125
1 0.571875 0.44765625 0.2 0.209375
1 0.759375 0.5484375 0.3541666666666667 0.2234375
1 0.9052083333333333 0.3671875 0.18958333333333333 0.215625
1 0.8364583333333333 0.69921875 0.2625 0.1625
1 0.4041666666666667 0.64296875 0.24791666666666667 0.11875
1 0.215625 0.821875 0.33125 0.2296875
1 0.4875 0.78203125 0.3125 0.2390625
1 0.7604166666666666 0.8796875 0.4041666666666667 0.240625