0 0.5770833333333333 0.6703125 0.5958333333333333 0.4078125
0 0.36354166666666665 0.340625 0.4625 0.325
1 0.44583333333333336 0.0828125 0.38333333333333336 0.165625
1 0.8520833333333333 0.0984375 0.29583333333333334 0.159375
1 0.8979166666666667 0.240625 0.20416666666666666 0.278125
1 0.74375 0.471875 0.5125 0.375
1 0.16875 0.609375 0.3375 0.3125
1 0.175 0.84921875 0.35 0.2703125
1 0.48541666666666666 0.86953125 0.49166666666666664 0.2609375
1 0.18541666666666667 0.1578125 0.27291666666666664 0.178125
1 0.12291666666666666 0.28671875 0.2 0.159375
1 0.15625 0.04921875 0.16666666666666666 0.0984375
1 0.6677083333333333 0.25859375 0.3020833333333333 0.221875
1 0.659375 0.0984375 0.20625 0.1578125