0 0.6333333333333333 0.22109375 0.3875 0.2296875
0 0.46770833333333334 0.09453125 0.24791666666666667 0.1890625
0 0.3770833333333333 0.325 0.31666666666666665 0.1796875
0 0.68125 0.44609375 0.38333333333333336 0.2234375
1 0.8625 0.5953125 0.275 0.23125
1 0.7916666666666666 0.85078125 0.3458333333333333 0.2984375
1 0.5479166666666667 0.63359375 0.39375 0.26875
1 0.28020833333333334 0.484375 0.34791666666666665 0.2453125
1 0.89375 0.34765625 0.2125 0.2265625
1 0.8645833333333334 0.17109375 0.2708333333333333 0.2171875
1 0.18541666666666667 0.1546875 0.28958333333333336 0.1984375
1 0.10520833333333333 0.3359375 0.19166666666666668 0.20625