0 0.7072916666666667 0.5125 0.35625 0.23125
0 0.8895833333333333 0.82890625 0.22083333333333333 0.2484375
0 0.628125 0.36875 0.28125 0.159375
1 0.45729166666666665 0.62421875 0.33541666666666664 0.228125
1 0.6645833333333333 0.76484375 0.38125 0.253125
1 0.7208333333333333 0.9171875 0.29791666666666666 0.1546875
1 0.44479166666666664 0.92421875 0.33541666666666664 0.1515625
1 0.24166666666666667 0.953125 0.2375 0.09375
1 0.32395833333333335 0.42109375 0.34791666666666665 0.246875
1 0.18229166666666666 0.6078125 0.33125 0.2671875
1 0.48541666666666666 0.31484375 0.19583333333333333 0.1234375
1 0.6677083333333333 0.2515625 0.21666666666666667 0.1390625
1 0.496875 0.25234375 0.21041666666666667 0.1015625