0 0.6729166666666667 0.6828125 0.37083333333333335 0.2328125
0 0.33541666666666664 0.8296875 0.36875 0.328125
0 0.06041666666666667 0.5265625 0.12083333333333333 0.1484375
0 0.5416666666666666 0.2328125 0.14166666666666666 0.08125
0 0.6270833333333333 0.2984375 0.18333333333333332 0.0796875
1 0.8541666666666666 0.303125 0.23125 0.16875
1 0.7104166666666667 0.40625 0.2 0.1609375
1 0.8520833333333333 0.55 0.26875 0.175
1 0.4875 0.5203125 0.3125 0.1375
1 0.3333333333333333 0.4421875 0.22708333333333333 0.1265625
1 0.5083333333333333 0.3734375 0.17083333333333334 0.1140625
1 0.4395833333333333 0.2953125 0.15625 0.071875
1 0.28125 0.3328125 0.18958333333333333 0.10625
1 0.10833333333333334 0.375 0.21666666666666667 0.1625
1 0.35833333333333334 0.203125 0.16666666666666666 0.1171875
1 0.37083333333333335 0.06875 0.18541666666666667 0.1265625
1 0.20833333333333334 0.096875 0.20208333333333334 0.15625
1 0.05625 0.1171875 0.1125 0.18125
1 0.6770833333333334 0.190625 0.16458333333333333 0.1203125
1 0.9166666666666666 0.425 0.16666666666666666 0.1390625
0 0.058333333333333334 0.771875 0.11458333333333333 0.2125