0 0.45625 0.6 0.375 0.325
0 0.628125 0.4625 0.18125 0.1140625
1 0.6875 0.58359375 0.325 0.25625
1 0.5260416666666666 0.75625 0.29375 0.20625
1 0.7854166666666667 0.77890625 0.33541666666666664 0.278125
1 0.128125 0.603125 0.25625 0.29375
1 0.28229166666666666 0.69140625 0.26666666666666666 0.24375
0 0.278125 0.4359375 0.38333333333333336 0.275
1 0.2625 0.25234375 0.32083333333333336 0.2
1 0.09375 0.3453125 0.18333333333333332 0.246875
1 0.4895833333333333 0.21484375 0.19791666666666666 0.125
1 0.5125 0.35078125 0.35208333333333336 0.25
1 0.6958333333333333 0.36953125 0.1875 0.1828125
1 0.8739583333333333 0.353125 0.2520833333333333 0.1875
1 0.840625 0.46875 0.26458333333333334 0.1734375
1 0.934375 0.5703125 0.13125 0.171875