1 0.08020833333333334 0.14921875 0.16041666666666668 0.1859375
1 0.25416666666666665 0.18515625 0.35 0.2609375
1 0.340625 0.07890625 0.29791666666666666 0.1578125
1 0.5541666666666667 0.11484375 0.25833333333333336 0.2015625
1 0.6739583333333333 0.2421875 0.30625 0.2
1 0.4552083333333333 0.328125 0.26458333333333334 0.20625
1 0.2375 0.421875 0.37083333333333335 0.23125
1 0.06354166666666666 0.40390625 0.12708333333333333 0.2734375
1 0.125 0.61796875 0.25 0.2484375
1 0.36041666666666666 0.5890625 0.3875 0.2796875
1 0.6052083333333333 0.48046875 0.35 0.2625
1 0.821875 0.3640625 0.30625 0.1984375
1 0.8583333333333333 0.55703125 0.2833333333333333 0.3296875
1 0.7 0.68984375 0.39166666666666666 0.3015625
1 0.41458333333333336 0.83671875 0.4354166666666667 0.3203125