0 0.37916666666666665 0.25390625 0.22916666666666666 0.19375
1 0.5739583333333333 0.2921875 0.25416666666666665 0.175
1 0.8114583333333333 0.209375 0.25416666666666665 0.140625
1 0.796875 0.33828125 0.32916666666666666 0.175
1 0.9479166666666666 0.4890625 0.10416666666666667 0.159375
1 0.7354166666666667 0.546875 0.31875 0.2484375
1 0.8729166666666667 0.684375 0.24166666666666667 0.2453125
1 0.8583333333333333 0.88671875 0.22916666666666666 0.2265625
1 0.559375 0.85234375 0.38333333333333336 0.290625
1 0.475 0.63046875 0.3541666666666667 0.228125
1 0.503125 0.4265625 0.2604166666666667 0.171875
1 0.225 0.5140625 0.29791666666666666 0.19375
1 0.21041666666666667 0.76328125 0.36041666666666666 0.309375
1 0.23958333333333334 0.384375 0.29583333333333334 0.15
1 0.04895833333333333 0.51796875 0.09791666666666667 0.1390625
1 0.04791666666666667 0.671875 0.09583333333333334 0.23125