0 0.4666666666666667 0.2609375 0.22083333333333333 0.15625
0 0.675 0.35625 0.2833333333333333 0.1953125
0 0.775 0.534375 0.3125 0.1875
0 0.22916666666666666 0.3828125 0.2791666666666667 0.171875
1 0.46041666666666664 0.5078125 0.3145833333333333 0.2265625
1 0.13958333333333334 0.5125 0.21666666666666667 0.140625
1 0.21041666666666667 0.6421875 0.25625 0.1734375
1 0.42083333333333334 0.640625 0.22291666666666668 0.1375
1 0.7666666666666667 0.7953125 0.28958333333333336 0.2328125
1 0.5 0.8125 0.31875 0.228125
0 0.17708333333333334 0.8140625 0.32708333333333334 0.2
1 0.8625 0.196875 0.225 0.1328125
1 0.6375 0.2140625 0.16041666666666668 0.1265625
1 0.9 0.3140625 0.19791666666666666 0.14375
1 0.95 0.434375 0.1 0.1625
1 0.825 0.4078125 0.16875 0.1265625
1 0.9291666666666667 0.7984375 0.14166666666666666 0.2
1 0.18125 0.9484375 0.29791666666666666 0.103125
1 0.46458333333333335 0.940625 0.31666666666666665 0.11875
1 0.7583333333333333 0.9328125 0.26458333333333334 0.134375