1 0.7052083333333333 0.4984375 0.3854166666666667 0.2203125
1 0.7885416666666667 0.7015625 0.4 0.33125
1 0.6364583333333333 0.8953125 0.56875 0.209375
1 0.18854166666666666 0.82109375 0.3770833333333333 0.2578125
0 0.020833333333333332 0.83203125 0.041666666666666664 0.2171875
1 0.496875 0.70234375 0.3416666666666667 0.2875
1 0.3 0.459375 0.47291666666666665 0.334375
1 0.6385416666666667 0.36953125 0.2791666666666667 0.1734375
1 0.6166666666666667 0.221875 0.32708333333333334 0.1828125
1 0.40208333333333335 0.221875 0.22291666666666668 0.140625
1 0.43125 0.34296875 0.23333333333333334 0.15625
1 0.20520833333333333 0.240625 0.33125 0.1921875
1 0.052083333333333336 0.546875 0.10416666666666667 0.203125
1 0.19895833333333332 0.63671875 0.3416666666666667 0.1921875
1 0.05 0.68984375 0.1 0.1203125
1 0.32395833333333335 0.95859375 0.26875 0.0828125
1 0.084375 0.340625 0.12916666666666668 0.1203125