1 0.5416666666666666 0.3640625 0.30833333333333335 0.209375
1 0.22916666666666666 0.38203125 0.3375 0.2578125
0 0.35625 0.58984375 0.30833333333333335 0.23125
0 0.7052083333333333 0.534375 0.34791666666666665 0.271875
1 0.6729166666666667 0.771875 0.27291666666666664 0.1984375
1 0.8822916666666667 0.7671875 0.20833333333333334 0.240625
1 0.42291666666666666 0.7859375 0.31875 0.2484375
1 0.153125 0.7671875 0.3020833333333333 0.221875
1 0.09791666666666667 0.6 0.19583333333333333 0.184375
1 0.8791666666666667 0.43046875 0.24166666666666667 0.1703125
1 0.7208333333333333 0.30625 0.23333333333333334 0.1953125
1 0.6427083333333333 0.090625 0.24166666666666667 0.1703125
1 0.9291666666666667 0.17734375 0.14166666666666666 0.1421875
1 0.9229166666666667 0.30859375 0.15416666666666667 0.1546875
1 0.9427083333333334 0.07421875 0.11458333333333333 0.1078125
1 0.43645833333333334 0.26640625 0.24583333333333332 0.178125
1 0.4666666666666667 0.16484375 0.20625 0.10625
1 0.290625 0.12109375 0.25833333333333336 0.1796875
1 0.115625 0.14296875 0.18125 0.175
1 0.09479166666666666 0.2546875 0.15416666666666667 0.09375
1 0.9416666666666667 0.575 0.11666666666666667 0.175