1 0.35104166666666664 0.14375 0.36666666666666664 0.2296875
1 0.6645833333333333 0.23125 0.3541666666666667 0.215625
1 0.6302083333333334 0.415625 0.38125 0.31875
1 0.346875 0.34140625 0.38333333333333336 0.275
1 0.13541666666666666 0.27734375 0.21875 0.2140625
1 0.125 0.1234375 0.1125 0.125
1 0.16145833333333334 0.49609375 0.3229166666666667 0.2921875
1 0.43125 0.62109375 0.43125 0.3640625
1 0.8083333333333333 0.59921875 0.35625 0.2703125
1 0.8125 0.7984375 0.3145833333333333 0.340625
0 0.6114583333333333 0.85859375 0.50625 0.2828125
1 0.16875 0.77890625 0.3375 0.3671875