0 0.5114583333333333 0.3078125 0.18541666666666667 0.1359375
1 0.5052083333333334 0.43984375 0.25833333333333336 0.16875
1 0.6791666666666667 0.3828125 0.24375 0.178125
1 0.8583333333333333 0.27890625 0.28125 0.1640625
1 0.9354166666666667 0.40390625 0.12916666666666668 0.1421875
1 0.8208333333333333 0.465625 0.21666666666666667 0.1796875
1 0.675 0.52265625 0.20416666666666666 0.13125
1 0.89375 0.5734375 0.2125 0.153125
1 0.35104166666666664 0.34453125 0.21666666666666667 0.1453125
1 0.13229166666666667 0.35546875 0.22291666666666668 0.1296875
1 0.5135416666666667 0.24375 0.2125 0.1171875
1 0.34479166666666666 0.2546875 0.18333333333333332 0.1109375
1 0.3625 0.42421875 0.15833333333333333 0.09375