1 0.225 0.79296875 0.36041666666666666 0.3171875
1 0.10833333333333334 0.55546875 0.21666666666666667 0.2671875
1 0.37395833333333334 0.559375 0.3104166666666667 0.228125
1 0.58125 0.74609375 0.3375 0.2640625
1 0.784375 0.63515625 0.28958333333333336 0.2421875
1 0.9385416666666667 0.675 0.12291666666666666 0.196875
1 0.8510416666666667 0.41484375 0.29791666666666666 0.2546875
1 0.6 0.48125 0.24583333333333332 0.15
0 0.5239583333333333 0.290625 0.32083333333333336 0.25
1 0.19895833333333332 0.36015625 0.35208333333333336 0.221875
1 0.17083333333333334 0.12109375 0.3416666666666667 0.2390625
1 0.4395833333333333 0.14765625 0.20208333333333334 0.1375
1 0.615625 0.096875 0.2 0.140625
1 0.784375 0.09921875 0.14166666666666666 0.121875
1 0.8729166666666667 0.25 0.17708333333333334 0.1140625
0 0.6052083333333333 0.0265625 0.21875 0.053125
1 0.7 0.22265625 0.15625 0.1390625