0 0.19791666666666666 0.55 0.36875 0.2078125
0 0.45 0.4203125 0.2875 0.1640625
0 0.54375 0.6296875 0.3854166666666667 0.265625
0 0.8395833333333333 0.69375 0.27708333333333335 0.178125
0 0.29375 0.7890625 0.34791666666666665 0.2046875
1 0.8 0.478125 0.39791666666666664 0.2640625
1 0.5875 0.20625 0.425 0.1890625
1 0.8895833333333333 0.275 0.22083333333333333 0.2609375
0 0.06875 0.43125 0.1375 0.109375
1 0.07083333333333333 0.2890625 0.13958333333333334 0.1796875
1 0.39791666666666664 0.1390625 0.18333333333333332 0.1375
1 0.5458333333333333 0.0453125 0.1625 0.090625
1 0.36041666666666666 0.0453125 0.17708333333333334 0.0890625
1 0.8833333333333333 0.0796875 0.23333333333333334 0.159375
1 0.71875 0.0421875 0.10416666666666667 0.0671875