0 0.7416666666666667 0.609375 0.5166666666666667 0.365625
0 0.26875 0.596875 0.4270833333333333 0.3765625
0 0.7447916666666666 0.27578125 0.4708333333333333 0.359375
1 0.23333333333333334 0.10078125 0.46041666666666664 0.1984375
1 0.178125 0.284375 0.35625 0.215625
1 0.46979166666666666 0.20078125 0.28541666666666665 0.1609375
1 0.42916666666666664 0.409375 0.27291666666666664 0.228125
1 0.13645833333333332 0.74296875 0.24375 0.19375
1 0.13541666666666666 0.9078125 0.2125 0.184375
1 0.41875 0.86328125 0.4625 0.2734375
1 0.8854166666666666 0.8625 0.22916666666666666 0.246875
1 0.7364583333333333 0.88359375 0.24375 0.1828125
1 0.6458333333333334 0.03984375 0.2 0.0796875
1 0.8583333333333333 0.0671875 0.2125 0.134375
1 0.12083333333333333 0.45859375 0.24166666666666667 0.1515625