1 0.7645833333333333 0.25625 0.28958333333333336 0.15625
1 0.9083333333333333 0.48125 0.18125 0.34375
1 0.78125 0.65 0.29375 0.2609375
0 0.46458333333333335 0.6 0.32708333333333334 0.1953125
0 0.74375 0.05 0.225 0.1
1 0.9104166666666667 0.128125 0.17916666666666667 0.2109375
1 0.68125 0.1515625 0.22291666666666668 0.1375
1 0.9541666666666667 0.296875 0.09166666666666666 0.0875
1 0.95625 0.746875 0.08541666666666667 0.1890625
1 0.6916666666666667 0.4390625 0.25625 0.196875
1 0.41458333333333336 0.440625 0.25 0.1109375
1 0.5083333333333333 0.3046875 0.22291666666666668 0.1453125
1 0.5229166666666667 0.09375 0.18125 0.15625
1 0.38958333333333334 0.2078125 0.20416666666666666 0.1140625
1 0.30625 0.35625 0.18125 0.1203125
1 0.2375 0.5296875 0.17083333333333334 0.1671875
1 0.09583333333333334 0.490625 0.18958333333333333 0.1484375
1 0.07916666666666666 0.3578125 0.15625 0.140625
1 0.19583333333333333 0.2765625 0.125 0.1171875
1 0.23958333333333334 0.1375 0.16041666666666668 0.1453125
1 0.375 0.0578125 0.15416666666666667 0.1078125
1 0.08125 0.2234375 0.11875 0.10625