1 0.5322916666666667 0.32578125 0.3458333333333333 0.2625
1 0.5822916666666667 0.5046875 0.31666666666666665 0.2234375
1 0.3572916666666667 0.62109375 0.43333333333333335 0.2671875
0 0.43333333333333335 0.81796875 0.41875 0.25625
0 0.184375 0.7890625 0.27291666666666664 0.259375
0 0.26979166666666665 0.92421875 0.3229166666666667 0.1515625
0 0.615625 0.2375 0.22708333333333333 0.1875
0 0.41354166666666664 0.1140625 0.22708333333333333 0.1875
1 0.5875 0.09140625 0.22916666666666666 0.1828125
1 0.23333333333333334 0.153125 0.24791666666666667 0.1890625
0 0.20833333333333334 0.2875 0.25 0.1609375
1 0.31666666666666665 0.384375 0.29583333333333334 0.215625
1 0.23020833333333332 0.4921875 0.3020833333333333 0.1828125
1 0.09375 0.5796875 0.1875 0.25
1 0.5395833333333333 0.93828125 0.3375 0.1234375
1 0.39166666666666666 0.2234375 0.26458333333333334 0.1578125