1 0.2833333333333333 0.084375 0.2708333333333333 0.1671875
1 0.5770833333333333 0.1234375 0.27291666666666664 0.246875
1 0.8479166666666667 0.1328125 0.2875 0.2640625
1 0.36875 0.271875 0.35 0.2234375
1 0.11666666666666667 0.33125 0.23333333333333334 0.1015625
1 0.1875 0.5390625 0.3729166666666667 0.3609375
1 0.4083333333333333 0.4453125 0.24791666666666667 0.1609375
1 0.6541666666666667 0.575 0.44166666666666665 0.35625
1 0.9375 0.571875 0.125 0.33125
1 0.6541666666666667 0.8734375 0.425 0.2515625
1 0.9229166666666667 0.8671875 0.15208333333333332 0.259375
1 0.2875 0.7421875 0.40625 0.30625