0 0.3875 0.5109375 0.30833333333333335 0.225
0 0.38333333333333336 0.825 0.33541666666666664 0.2796875
0 0.6895833333333333 0.7734375 0.3375 0.2421875
1 0.84375 0.9265625 0.3125 0.1453125
1 0.9125 0.671875 0.17291666666666666 0.3078125
1 0.74375 0.396875 0.4625 0.3046875
1 0.6479166666666667 0.60625 0.30833333333333335 0.159375
1 0.25416666666666665 0.353125 0.21458333333333332 0.1390625
1 0.41875 0.2953125 0.15416666666666667 0.1640625
1 0.5541666666666667 0.1921875 0.30833333333333335 0.2125
1 0.7375 0.1375 0.17291666666666666 0.1578125
1 0.7895833333333333 0.2640625 0.18541666666666667 0.153125
1 0.9395833333333333 0.2875 0.12083333333333333 0.171875
1 0.9125 0.1359375 0.175 0.1859375