1 0.4354166666666667 0.2671875 0.2875 0.2296875
1 0.65 0.3875 0.26875 0.2140625
1 0.7729166666666667 0.546875 0.3458333333333333 0.1796875
1 0.4270833333333333 0.55 0.31666666666666665 0.1578125
1 0.25625 0.390625 0.31666666666666665 0.209375
1 0.052083333333333336 0.36875 0.10416666666666667 0.2171875
1 0.1375 0.590625 0.26458333333333334 0.221875
1 0.19166666666666668 0.84375 0.34375 0.271875
1 0.5395833333333333 0.771875 0.33541666666666664 0.2984375
1 0.8416666666666667 0.7515625 0.3145833333333333 0.2515625
1 0.7791666666666667 0.9203125 0.39791666666666664 0.1578125
1 0.4270833333333333 0.953125 0.30833333333333335 0.0921875