1 0.30104166666666665 0.35625 0.3625 0.25625
1 0.6354166666666666 0.3203125 0.3875 0.303125
1 0.9104166666666667 0.4515625 0.17916666666666667 0.309375
1 0.7364583333333333 0.62421875 0.475 0.2796875
1 0.796875 0.86484375 0.40625 0.2578125
1 0.38229166666666664 0.76015625 0.42916666666666664 0.34375
1 0.11770833333333333 0.70078125 0.22708333333333333 0.321875
1 0.13020833333333334 0.46640625 0.2604166666666667 0.2484375
1 0.08229166666666667 0.2625 0.16458333333333333 0.209375
1 0.15208333333333332 0.1296875 0.30416666666666664 0.234375
1 0.44895833333333335 0.12578125 0.3770833333333333 0.2515625
1 0.7864583333333334 0.1046875 0.33541666666666664 0.209375