1 0.6458333333333334 0.2671875 0.3625 0.2375
0 0.2520833333333333 0.2984375 0.34375 0.29375
0 0.42083333333333334 0.5484375 0.35 0.2359375
0 0.8416666666666667 0.4953125 0.3145833333333333 0.2734375
1 0.8770833333333333 0.175 0.23333333333333334 0.253125
1 0.5166666666666667 0.1515625 0.31666666666666665 0.1796875
1 0.55 0.0484375 0.22291666666666668 0.0953125
0 0.06041666666666667 0.2546875 0.12083333333333333 0.2921875
1 0.125 0.559375 0.25 0.2609375
1 0.04375 0.7921875 0.0875 0.2421875
1 0.20625 0.74375 0.27708333333333335 0.2328125
1 0.53125 0.7796875 0.35833333333333334 0.275
1 0.83125 0.7546875 0.275 0.2484375
1 0.125 0.075 0.24791666666666667 0.1484375
1 0.3416666666666667 0.04375 0.23125 0.0875