1 0.4708333333333333 0.425 0.39375 0.3125
0 0.8166666666666667 0.31484375 0.3625 0.2875
0 0.48020833333333335 0.12109375 0.28541666666666665 0.2421875
1 0.7625 0.10234375 0.30833333333333335 0.2046875
1 0.7791666666666667 0.5890625 0.44166666666666665 0.225
1 0.15729166666666666 0.4828125 0.3145833333333333 0.259375
1 0.265625 0.2734375 0.3229166666666667 0.1953125
1 0.16354166666666667 0.1203125 0.30833333333333335 0.1953125
1 0.06979166666666667 0.74765625 0.13125 0.171875
1 0.15 0.903125 0.2875 0.19375
1 0.4427083333333333 0.93203125 0.33958333333333335 0.1359375
1 0.65625 0.86484375 0.39791666666666664 0.15625
1 0.8625 0.91796875 0.275 0.1546875