0 0.446875 0.484375 0.36041666666666666 0.2609375
1 0.35520833333333335 0.71953125 0.4083333333333333 0.28125
1 0.7625 0.728125 0.44166666666666665 0.346875
1 0.9552083333333333 0.81796875 0.08958333333333333 0.2359375
1 0.5395833333333333 0.8875 0.42916666666666664 0.225
1 0.22916666666666666 0.89609375 0.29583333333333334 0.2078125
1 0.159375 0.57890625 0.31875 0.2984375
1 0.184375 0.3859375 0.325 0.2265625
1 0.36666666666666664 0.2609375 0.30833333333333335 0.221875
1 0.6302083333333334 0.33671875 0.3541666666666667 0.26875
1 0.6875 0.121875 0.32083333333333336 0.24375
1 0.8552083333333333 0.28828125 0.24375 0.2453125