0 0.19583333333333333 0.4046875 0.39166666666666666 0.384375
0 0.5354166666666667 0.36015625 0.5 0.3875
0 0.5208333333333334 0.80078125 0.4 0.2953125
0 0.3 0.88359375 0.5875 0.2328125
0 0.678125 0.6 0.38958333333333334 0.2859375
1 0.7677083333333333 0.8625 0.33125 0.275
1 0.3416666666666667 0.59921875 0.35 0.246875
1 0.184375 0.7484375 0.23958333333333334 0.16875
1 0.07291666666666667 0.753125 0.14583333333333334 0.36875
1 0.20729166666666668 0.115625 0.26875 0.23125
1 0.44375 0.096875 0.30416666666666664 0.178125
1 0.41770833333333335 0.20546875 0.33958333333333335 0.1640625
1 0.20416666666666666 0.02578125 0.16666666666666666 0.0515625
1 0.08854166666666667 0.59609375 0.17708333333333334 0.1421875