1 0.31875 0.2109375 0.3020833333333333 0.2109375
1 0.16041666666666668 0.1375 0.19791666666666666 0.1328125
1 0.12916666666666668 0.334375 0.25833333333333336 0.2125
1 0.36666666666666664 0.4640625 0.32083333333333336 0.2203125
1 0.14375 0.584375 0.28541666666666665 0.2703125
1 0.28958333333333336 0.76875 0.38958333333333334 0.234375
1 0.5291666666666667 0.625 0.325 0.1625
1 0.7520833333333333 0.7734375 0.36041666666666666 0.2
1 0.55625 0.9109375 0.4479166666666667 0.178125
1 0.85 0.6046875 0.29791666666666666 0.1875
1 0.6958333333333333 0.4609375 0.27291666666666664 0.2125
1 0.55 0.3265625 0.20833333333333334 0.203125
1 0.75625 0.2609375 0.18125 0.184375
1 0.8708333333333333 0.3671875 0.20416666666666666 0.1515625
1 0.9 0.484375 0.19791666666666666 0.1796875
1 0.39166666666666666 0.0453125 0.23333333333333334 0.0890625
1 0.6083333333333333 0.084375 0.16666666666666666 0.1265625