1 0.3625 0.121875 0.33958333333333335 0.1796875
1 0.71875 0.1765625 0.32708333333333334 0.2203125
1 0.43333333333333335 0.28125 0.325 0.18125
1 0.7708333333333334 0.3875 0.4375 0.2546875
1 0.9208333333333333 0.5515625 0.15833333333333333 0.271875
0 0.6645833333333333 0.6421875 0.3541666666666667 0.2859375
0 0.73125 0.9203125 0.34375 0.159375
1 0.88125 0.8265625 0.2375 0.29375
1 0.46041666666666664 0.8 0.37083333333333335 0.265625
0 0.16666666666666666 0.8296875 0.33125 0.2453125
1 0.1625 0.6328125 0.3229166666666667 0.2265625
0 0.20625 0.4375 0.29583333333333334 0.2265625
1 0.425 0.496875 0.3416666666666667 0.278125