1 0.28541666666666665 0.36953125 0.3875 0.275
1 0.6145833333333334 0.31171875 0.4166666666666667 0.3234375
1 0.8989583333333333 0.425 0.20208333333333334 0.315625
1 0.75 0.6078125 0.5 0.30625
1 0.8114583333333333 0.84140625 0.3770833333333333 0.2828125
1 0.4125 0.7671875 0.4625 0.365625
1 0.14270833333333333 0.725 0.2604166666666667 0.33125
1 0.13541666666666666 0.490625 0.2708333333333333 0.2625
1 0.075 0.2921875 0.15 0.21875
1 0.1375 0.15625 0.275 0.253125
1 0.40625 0.13359375 0.4 0.2671875
1 0.7385416666666667 0.10078125 0.35625 0.2015625