0 0.3729166666666667 0.3734375 0.3020833333333333 0.1796875
0 0.3 0.1953125 0.27708333333333335 0.1796875
0 0.703125 0.15546875 0.2791666666666667 0.1515625
0 0.85 0.4078125 0.15 0.15625
1 0.871875 0.609375 0.25625 0.2
1 0.83125 0.83515625 0.3375 0.3203125
1 0.5052083333333334 0.796875 0.36875 0.340625
1 0.221875 0.9234375 0.40625 0.153125
0 0.38125 0.5546875 0.26666666666666666 0.1734375
1 0.6833333333333333 0.490625 0.275 0.196875
1 0.17395833333333333 0.74765625 0.3333333333333333 0.2390625
1 0.11354166666666667 0.540625 0.22708333333333333 0.209375
1 0.19270833333333334 0.43125 0.18541666666666667 0.171875
1 0.06041666666666667 0.3890625 0.12083333333333333 0.125
1 0.12916666666666668 0.284375 0.17708333333333334 0.13125
1 0.096875 0.17734375 0.17291666666666666 0.0828125
1 0.06770833333333333 0.11015625 0.13541666666666666 0.0671875
0 0.24375 0.1078125 0.14166666666666666 0.0734375
1 0.2375 0.05 0.15 0.0765625
1 0.40625 0.05703125 0.2 0.10625
1 0.5010416666666667 0.16875 0.21458333333333332 0.175
1 0.6739583333333333 0.303125 0.275 0.175
1 0.8958333333333334 0.26328125 0.18541666666666667 0.16875