0 0.5520833333333334 0.7359375 0.35 0.2734375
1 0.79375 0.61328125 0.375 0.29375
0 0.5979166666666667 0.40234375 0.3416666666666667 0.221875
1 0.37916666666666665 0.521875 0.2875 0.2140625
1 0.2916666666666667 0.7328125 0.29375 0.2453125
1 0.4083333333333333 0.9109375 0.4125 0.178125
1 0.8854166666666666 0.371875 0.22916666666666666 0.2875
1 0.7989583333333333 0.2 0.40208333333333335 0.26875
1 0.459375 0.26328125 0.28958333333333336 0.2375
1 0.534375 0.084375 0.27291666666666664 0.16875
0 0.28958333333333336 0.184375 0.24583333333333332 0.1890625
1 0.20520833333333333 0.340625 0.32083333333333336 0.2203125
0 0.17916666666666667 0.51171875 0.24375 0.16875
1 0.10729166666666666 0.69921875 0.21458333333333332 0.2015625
1 0.040625 0.55703125 0.08125 0.1671875
1 0.8364583333333333 0.06484375 0.32708333333333334 0.1015625