1 0.30833333333333335 0.38046875 0.35208333333333336 0.2453125
1 0.60625 0.3546875 0.275 0.2046875
1 0.8270833333333333 0.40390625 0.27291666666666664 0.2046875
1 0.5645833333333333 0.5125 0.32708333333333334 0.215625
1 0.81875 0.56796875 0.31666666666666665 0.209375
1 0.5447916666666667 0.7015625 0.3125 0.2421875
1 0.7697916666666667 0.7296875 0.3229166666666667 0.2375
1 0.28541666666666665 0.72421875 0.4 0.309375
1 0.23229166666666667 0.53515625 0.2916666666666667 0.1890625
1 0.090625 0.665625 0.18125 0.2625
1 0.14166666666666666 0.8609375 0.2833333333333333 0.209375
1 0.5895833333333333 0.86171875 0.31666666666666665 0.225
1 0.7791666666666667 0.8828125 0.2791666666666667 0.234375
1 0.7010416666666667 0.215625 0.26875 0.21875
1 0.8802083333333334 0.28359375 0.23958333333333334 0.1546875
1 0.49375 0.27109375 0.25833333333333336 0.171875
1 0.475 0.06796875 0.2125 0.1359375
1 0.759375 0.08671875 0.20833333333333334 0.1296875
1 0.8520833333333333 0.1828125 0.22708333333333333 0.15
1 0.9552083333333333 0.2 0.08958333333333333 0.1625
1 0.09479166666666666 0.48984375 0.18958333333333333 0.1734375
1 0.178125 0.1703125 0.20416666666666666 0.1640625
1 0.3104166666666667 0.103125 0.27291666666666664 0.178125