0 0.54375 0.659375 0.5354166666666667 0.3671875
0 0.584375 0.94765625 0.41458333333333336 0.1046875
1 0.496875 0.84375 0.30625 0.215625
1 0.7458333333333333 0.85078125 0.36666666666666664 0.2984375
1 0.209375 0.84765625 0.41875 0.2734375
1 0.28854166666666664 0.49765625 0.27708333333333335 0.1625
1 0.35833333333333334 0.3703125 0.2625 0.1875
1 0.3697916666666667 0.26015625 0.23958333333333334 0.140625
1 0.5125 0.24140625 0.16875 0.1328125
1 0.665625 0.1765625 0.31875 0.2234375
1 0.8520833333333333 0.1890625 0.21041666666666667 0.16875
1 0.9427083333333334 0.20390625 0.11458333333333333 0.2015625
1 0.93125 0.346875 0.1375 0.18125
1 0.8177083333333334 0.29375 0.24583333333333332 0.1453125
1 0.6489583333333333 0.36015625 0.4166666666666667 0.2859375
1 0.90625 0.49453125 0.1875 0.2390625
1 0.7791666666666667 0.6296875 0.30833333333333335 0.2796875
1 0.525 0.4953125 0.26666666666666666 0.159375
1 0.8291666666666667 0.46640625 0.16041666666666668 0.1703125