1 0.596875 0.346875 0.3333333333333333 0.23125
1 0.375 0.49375 0.3145833333333333 0.1875
1 0.16145833333333334 0.4453125 0.28958333333333336 0.196875
1 0.09895833333333333 0.56171875 0.19791666666666666 0.165625
1 0.25833333333333336 0.6015625 0.23125 0.153125
1 0.6375 0.5171875 0.25 0.1484375
1 0.8510416666666667 0.4546875 0.28125 0.2421875
1 0.34375 0.34140625 0.22916666666666666 0.19375
1 0.15625 0.3015625 0.18125 0.1390625
1 0.14166666666666666 0.071875 0.21666666666666667 0.1359375
1 0.3145833333333333 0.06171875 0.23333333333333334 0.1203125
1 0.5041666666666667 0.06953125 0.2 0.1390625
1 0.7052083333333333 0.0828125 0.29375 0.165625
1 0.9052083333333333 0.0609375 0.16875 0.121875
1 0.5239583333333333 0.640625 0.29583333333333334 0.24375
1 0.7958333333333333 0.68984375 0.2791666666666667 0.228125
1 0.34270833333333334 0.80390625 0.3333333333333333 0.2453125
1 0.12291666666666666 0.7546875 0.22083333333333333 0.1859375
0 0.071875 0.88984375 0.13125 0.2203125
1 0.2604166666666667 0.94296875 0.2875 0.1140625
1 0.6041666666666666 0.87734375 0.30833333333333335 0.2453125
1 0.8697916666666666 0.8828125 0.2604166666666667 0.228125