1 0.5875 0.78671875 0.4166666666666667 0.3265625
1 0.8072916666666666 0.6421875 0.3854166666666667 0.31875
0 0.8947916666666667 0.459375 0.21041666666666667 0.171875
0 0.578125 0.42265625 0.275 0.2046875
1 0.31666666666666665 0.5 0.29791666666666666 0.215625
1 0.5197916666666667 0.575 0.3020833333333333 0.2328125
1 0.24166666666666667 0.79453125 0.3729166666666667 0.2875
1 0.15104166666666666 0.625 0.29583333333333334 0.2203125
1 0.115625 0.45625 0.23125 0.175
1 0.37083333333333335 0.34765625 0.2375 0.1703125
1 0.5604166666666667 0.26484375 0.21875 0.15625
1 0.7270833333333333 0.3546875 0.21041666666666667 0.1828125
1 0.33645833333333336 0.24609375 0.2125 0.11875
1 0.15 0.3328125 0.21666666666666667 0.1390625
0 0.04375 0.3296875 0.0875 0.159375