0 0.68125 0.2421875 0.275 0.2734375
0 0.575 0.459375 0.3541666666666667 0.2359375
0 0.4979166666666667 0.6703125 0.4 0.3265625
0 0.8583333333333333 0.7609375 0.2833333333333333 0.3421875
1 0.79375 0.9234375 0.41041666666666665 0.1515625
1 0.9166666666666666 0.3328125 0.16666666666666666 0.16875
1 0.8145833333333333 0.4234375 0.25 0.16875
1 0.7770833333333333 0.584375 0.26666666666666666 0.1515625
1 0.4625 0.190625 0.19166666666666668 0.115625
1 0.4791666666666667 0.3109375 0.2 0.13125
1 0.8916666666666667 0.19375 0.1875 0.121875
0 0.45625 0.078125 0.2 0.153125
0 0.8041666666666667 0.0328125 0.22708333333333333 0.065625
1 0.6395833333333333 0.071875 0.17291666666666666 0.0984375
1 0.9479166666666666 0.0828125 0.10208333333333333 0.1359375
1 0.8354166666666667 0.1140625 0.18958333333333333 0.1046875