0 0.4791666666666667 0.571875 0.3854166666666667 0.265625
0 0.20416666666666666 0.05234375 0.2125 0.1046875
0 0.37395833333333334 0.09921875 0.26458333333333334 0.1984375
0 0.5708333333333333 0.2 0.225 0.1703125
1 0.7333333333333333 0.253125 0.22916666666666666 0.165625
0 0.7166666666666667 0.43515625 0.33541666666666664 0.2734375
1 0.25104166666666666 0.39921875 0.3541666666666667 0.2625
1 0.16666666666666666 0.6328125 0.3333333333333333 0.296875
1 0.43645833333333334 0.82578125 0.49375 0.3484375
1 0.7625 0.91875 0.3125 0.1625
1 0.7927083333333333 0.72265625 0.3770833333333333 0.3078125
1 0.9229166666666667 0.52109375 0.15416666666666667 0.2078125
1 0.8916666666666667 0.30234375 0.21666666666666667 0.2328125
1 0.9416666666666667 0.17734375 0.11666666666666667 0.1453125
1 0.24166666666666667 0.17578125 0.225 0.146875
1 0.196875 0.26953125 0.2625 0.1390625
1 0.6072916666666667 0.06640625 0.28125 0.1328125
1 0.121875 0.128125 0.11041666666666666 0.140625