0 0.14375 0.3546875 0.2875 0.240625
0 0.15833333333333333 0.63046875 0.31666666666666665 0.2796875
0 0.5114583333333333 0.7859375 0.43125 0.34375
0 0.75625 0.10390625 0.35 0.2078125
0 0.80625 0.33515625 0.38333333333333336 0.315625
1 0.5614583333333333 0.4890625 0.4625 0.3484375
0 0.4625 0.29765625 0.37083333333333335 0.1921875
1 0.45416666666666666 0.1328125 0.35 0.221875
1 0.17395833333333333 0.17578125 0.2916666666666667 0.203125
1 0.03333333333333333 0.18515625 0.06666666666666667 0.1765625
1 0.8395833333333333 0.63828125 0.32083333333333336 0.2984375