0 0.47604166666666664 0.615625 0.36875 0.265625
0 0.8697916666666666 0.34609375 0.2604166666666667 0.2578125
0 0.659375 0.25390625 0.29583333333333334 0.259375
0 0.32916666666666666 0.44453125 0.36041666666666666 0.3046875
0 0.30416666666666664 0.18515625 0.24166666666666667 0.18125
0 0.22291666666666668 0.06796875 0.25 0.1359375
0 0.14270833333333333 0.16640625 0.15625 0.140625
0 0.14479166666666668 0.33046875 0.2604166666666667 0.240625
0 0.8145833333333333 0.5640625 0.37083333333333335 0.315625
0 0.4322916666666667 0.29453125 0.3145833333333333 0.1875
1 0.49375 0.14609375 0.24791666666666667 0.1859375