0 0.23125 0.54375 0.29375 0.1671875
0 0.07916666666666666 0.4296875 0.15833333333333333 0.153125
0 0.125 0.7125 0.25 0.196875
0 0.4125 0.759375 0.2833333333333333 0.2328125
0 0.65625 0.3140625 0.175 0.1484375
0 0.7958333333333333 0.2484375 0.16875 0.1125
0 0.81875 0.43125 0.25625 0.1640625
0 0.725 0.7625 0.32708333333333334 0.2109375
0 0.22083333333333333 0.9125 0.41041666666666665 0.175
1 0.25416666666666665 0.4 0.24166666666666667 0.1625
1 0.08958333333333333 0.2859375 0.17708333333333334 0.1453125
0 0.31875 0.2421875 0.21458333333333332 0.1390625
0 0.46875 0.33125 0.20625 0.1546875
0 0.5333333333333333 0.4734375 0.2520833333333333 0.1484375
1 0.6895833333333333 0.559375 0.28125 0.2046875
1 0.8916666666666667 0.6375 0.21458333333333332 0.2203125
1 0.8895833333333333 0.353125 0.18541666666666667 0.1046875
0 0.65 0.1671875 0.17916666666666667 0.121875