1 0.24166666666666667 0.09375 0.45208333333333334 0.1859375
0 0.66875 0.290625 0.3958333333333333 0.315625
0 0.23541666666666666 0.5671875 0.3541666666666667 0.31875
0 0.6583333333333333 0.60625 0.49583333333333335 0.3
0 0.9208333333333333 0.115625 0.15625 0.140625
1 0.9 0.2921875 0.19791666666666666 0.259375
1 0.8458333333333333 0.853125 0.30625 0.275
1 0.3770833333333333 0.8640625 0.37083333333333335 0.271875
1 0.10833333333333334 0.871875 0.21458333333333332 0.2546875
1 0.18541666666666667 0.2734375 0.2833333333333333 0.2125
1 0.4 0.3875 0.22916666666666666 0.203125
1 0.4625 0.215625 0.26458333333333334 0.1640625