0 0.6447916666666667 0.14296875 0.275 0.20625
0 0.759375 0.2890625 0.26875 0.1625
0 0.6520833333333333 0.4078125 0.36875 0.265625
0 0.240625 0.2609375 0.2875 0.19375
0 0.203125 0.71171875 0.36041666666666666 0.2640625
0 0.6104166666666667 0.878125 0.5291666666666667 0.24375
0 0.8770833333333333 0.83125 0.24583333333333332 0.265625
0 0.915625 0.5921875 0.16875 0.334375
1 0.5145833333333333 0.2796875 0.30625 0.2125
0 0.878125 0.41171875 0.24375 0.1765625
1 0.4114583333333333 0.54140625 0.35625 0.2390625
1 0.49583333333333335 0.7140625 0.3625 0.2515625
0 0.721875 0.596875 0.3416666666666667 0.26875
1 0.153125 0.52578125 0.30625 0.2171875
1 0.11145833333333334 0.39921875 0.22291666666666668 0.1734375
1 0.353125 0.3921875 0.31875 0.203125
1 0.084375 0.28046875 0.16875 0.1765625
1 0.4125 0.18828125 0.23333333333333334 0.15625
1 0.3260416666666667 0.075 0.17708333333333334 0.1328125
1 0.446875 0.0921875 0.19583333333333333 0.1453125
0 0.61875 0.0453125 0.23333333333333334 0.090625
0 0.2833333333333333 0.89375 0.4083333333333333 0.2125
0 0.08958333333333333 0.14765625 0.17916666666666667 0.1609375