1 0.33958333333333335 0.171875 0.21666666666666667 0.1921875
1 0.58125 0.2078125 0.27708333333333335 0.209375
1 0.8520833333333333 0.184375 0.29583333333333334 0.2125
1 0.775 0.3953125 0.39375 0.24375
1 0.3875 0.3375 0.25416666666666665 0.2109375
1 0.16666666666666666 0.346875 0.24791666666666667 0.1828125
1 0.11458333333333333 0.5234375 0.22083333333333333 0.1734375
1 0.3458333333333333 0.50625 0.23125 0.1796875
1 0.5791666666666667 0.5765625 0.25416666666666665 0.2234375
1 0.79375 0.7203125 0.35625 0.2765625
1 0.58125 0.8640625 0.3770833333333333 0.23125
1 0.37916666666666665 0.709375 0.2708333333333333 0.190625
1 0.15833333333333333 0.6875 0.22083333333333333 0.1625
1 0.11458333333333333 0.8640625 0.22708333333333333 0.2609375
1 0.32916666666666666 0.940625 0.34791666666666665 0.11875