0 0.65 0.6015625 0.37916666666666665 0.29375
0 0.58125 0.36875 0.3333333333333333 0.2078125
0 0.29375 0.590625 0.3375 0.2671875
0 0.13125 0.934375 0.2604166666666667 0.1296875
0 0.61875 0.85 0.39375 0.253125
1 0.9041666666666667 0.721875 0.18958333333333333 0.28125
1 0.88125 0.934375 0.2375 0.13125
1 0.08125 0.6046875 0.1625 0.246875
1 0.05 0.3703125 0.09791666666666667 0.2234375
1 0.2833333333333333 0.2734375 0.33958333333333335 0.2703125
1 0.6041666666666666 0.153125 0.3145833333333333 0.221875
1 0.875 0.0984375 0.24791666666666667 0.1953125
1 0.5520833333333334 0.0359375 0.32708333333333334 0.0703125
0 0.19583333333333333 0.0640625 0.3125 0.128125
0 0.04791666666666667 0.2046875 0.09583333333333334 0.1390625