1 0.0875 0.125 0.175 0.153125
1 0.08125 0.253125 0.1625 0.21875
1 0.21041666666666667 0.37890625 0.36875 0.275
1 0.07083333333333333 0.45703125 0.14166666666666666 0.2359375
1 0.23645833333333333 0.60546875 0.47291666666666665 0.2859375
1 0.6458333333333334 0.653125 0.5104166666666666 0.3421875
1 0.8614583333333333 0.5140625 0.27708333333333335 0.340625
1 0.9114583333333334 0.78359375 0.17708333333333334 0.3046875
1 0.6822916666666666 0.87734375 0.49375 0.2453125
1 0.3 0.840625 0.475 0.31875
0 0.5239583333333333 0.39140625 0.41458333333333336 0.3296875
1 0.8041666666666667 0.3015625 0.3416666666666667 0.25625
1 0.5447916666666667 0.20078125 0.35833333333333334 0.2875
1 0.6635416666666667 0.07578125 0.2604166666666667 0.1515625
1 0.796875 0.13125 0.25 0.221875
1 0.48333333333333334 0.0765625 0.22083333333333333 0.153125