1 0.5395833333333333 0.3046875 0.28125 0.1921875
1 0.7572916666666667 0.2671875 0.22916666666666666 0.153125
1 0.753125 0.38828125 0.275 0.1515625
1 0.5322916666666667 0.48828125 0.31666666666666665 0.225
1 0.8072916666666666 0.55625 0.3458333333333333 0.2734375
1 0.50625 0.67734375 0.29583333333333334 0.2125
1 0.771875 0.76875 0.33958333333333335 0.2546875
1 0.3229166666666667 0.83203125 0.26875 0.24375
1 0.5635416666666667 0.890625 0.3770833333333333 0.21875
1 0.25729166666666664 0.5875 0.32708333333333334 0.2234375
1 0.12291666666666666 0.75234375 0.24583333333333332 0.2140625
1 0.10520833333333333 0.4203125 0.21041666666666667 0.21875
0 0.190625 0.31953125 0.18541666666666667 0.103125
0 0.5375 0.12109375 0.21041666666666667 0.134375
0 0.30833333333333335 0.153125 0.23125 0.1703125
1 0.9270833333333334 0.29921875 0.14583333333333334 0.1765625
1 0.359375 0.4296875 0.2833333333333333 0.1640625
0 0.29375 0.275 0.2 0.103125
0 0.43645833333333334 0.22421875 0.16041666666666668 0.0796875
0 0.6208333333333333 0.1640625 0.17291666666666666 0.08125
0 0.6666666666666666 0.21484375 0.13958333333333334 0.0734375
0 0.8208333333333333 0.14765625 0.17083333333333334 0.1171875
1 0.93125 0.0953125 0.1375 0.14375