1 0.425 0.25 0.38333333333333336 0.2515625
1 0.721875 0.25625 0.29375 0.21875
1 0.5677083333333334 0.40234375 0.2604166666666667 0.1703125
1 0.76875 0.4453125 0.23541666666666666 0.1734375
1 0.6427083333333333 0.56953125 0.30833333333333335 0.1890625
1 0.30833333333333335 0.43359375 0.3 0.2015625
1 0.23333333333333334 0.18828125 0.26875 0.1984375
1 0.625 0.07890625 0.29583333333333334 0.1578125
1 0.8927083333333333 0.67890625 0.21458333333333332 0.2390625
1 0.3625 0.61875 0.34791666666666665 0.2234375
1 0.4427083333333333 0.85078125 0.36666666666666664 0.2921875
1 0.7270833333333333 0.7625 0.28125 0.253125