1 0.546875 0.38984375 0.4083333333333333 0.2875
1 0.5979166666666667 0.62578125 0.41458333333333336 0.296875
1 0.31354166666666666 0.45390625 0.30833333333333335 0.2046875
1 0.15416666666666667 0.61171875 0.30833333333333335 0.2984375
1 0.06145833333333333 0.896875 0.12291666666666666 0.1125
1 0.27395833333333336 0.92109375 0.36041666666666666 0.1546875
0 0.6083333333333333 0.9359375 0.39166666666666666 0.128125
1 0.88125 0.8328125 0.1375 0.16875
1 0.8583333333333333 0.71953125 0.23125 0.1953125
1 0.8677083333333333 0.58515625 0.18958333333333333 0.125
1 0.7635416666666667 0.49140625 0.21458333333333332 0.184375
1 0.32708333333333334 0.30078125 0.23333333333333334 0.14375
1 0.146875 0.3359375 0.2708333333333333 0.21875
1 0.07708333333333334 0.43203125 0.15416666666666667 0.1390625
1 0.9333333333333333 0.4171875 0.13333333333333333 0.0875
1 0.93125 0.51171875 0.1375 0.1171875
1 0.78125 0.39765625 0.18125 0.096875