0 0.39375 0.4171875 0.32708333333333334 0.2390625
0 0.6270833333333333 0.43125 0.20416666666666666 0.209375
0 0.48333333333333334 0.6296875 0.30833333333333335 0.2390625
0 0.10208333333333333 0.2890625 0.14166666666666666 0.103125
0 0.12291666666666666 0.4265625 0.22083333333333333 0.1359375
1 0.17916666666666667 0.634375 0.31875 0.2109375
0 0.09583333333333334 0.809375 0.18958333333333333 0.190625
1 0.30416666666666664 0.83125 0.25625 0.1953125
1 0.6270833333333333 0.8375 0.3770833333333333 0.296875
1 0.80625 0.6359375 0.3104166666666667 0.2546875
1 0.8604166666666667 0.4296875 0.27708333333333335 0.190625
1 0.8458333333333333 0.259375 0.2875 0.175
1 0.46458333333333335 0.2375 0.25625 0.1328125
1 0.24166666666666667 0.196875 0.21458333333333332 0.1
1 0.25625 0.325 0.18958333333333333 0.1421875
1 0.4125 0.95625 0.225 0.0859375