0 0.5104166666666666 0.2171875 0.28541666666666665 0.2515625
0 0.7854166666666667 0.24453125 0.35 0.25625
0 0.365625 0.3640625 0.27291666666666664 0.2
0 0.6833333333333333 0.43203125 0.2625 0.1609375
0 0.653125 0.61484375 0.4479166666666667 0.3265625
0 0.16666666666666666 0.4859375 0.3 0.16875
0 0.32083333333333336 0.60703125 0.25833333333333336 0.25625
0 0.4552083333333333 0.85078125 0.4479166666666667 0.2984375
0 0.8291666666666667 0.88984375 0.325 0.2203125
1 0.90625 0.43125 0.1875 0.19375
1 0.9052083333333333 0.64453125 0.1875 0.2640625
1 0.55 0.05703125 0.17708333333333334 0.1125
1 0.696875 0.09296875 0.20416666666666666 0.1171875
1 0.890625 0.1359375 0.21875 0.14375
1 0.9114583333333334 0.05625 0.17708333333333334 0.10625
1 0.15625 0.775 0.30416666666666664 0.271875