0 0.196875 0.6015625 0.39375 0.31875
0 0.8270833333333333 0.30859375 0.22916666666666666 0.14375
0 0.16354166666666667 0.24609375 0.22291666666666668 0.1875
0 0.359375 0.0671875 0.15833333333333333 0.1296875
1 0.24375 0.059375 0.225 0.11875
1 0.321875 0.178125 0.24375 0.1828125
1 0.4875 0.23203125 0.225 0.159375
1 0.7041666666666667 0.159375 0.2604166666666667 0.1828125
1 0.6708333333333333 0.0625 0.2375 0.125
1 0.86875 0.11484375 0.25416666666666665 0.15
1 0.503125 0.03125 0.16875 0.0625
1 0.94375 0.353125 0.1125 0.1625
1 0.6510416666666666 0.2890625 0.20625 0.1296875
1 0.4010416666666667 0.31171875 0.24166666666666667 0.1671875
1 0.5770833333333333 0.35234375 0.23125 0.1546875
0 0.7645833333333333 0.38203125 0.23333333333333334 0.1515625
1 0.8416666666666667 0.503125 0.31666666666666665 0.25
1 0.5854166666666667 0.49140625 0.3375 0.221875
1 0.31979166666666664 0.43125 0.31875 0.2078125
1 0.48125 0.6484375 0.3375 0.2515625
1 0.753125 0.68984375 0.3541666666666667 0.2859375
1 0.0625 0.50625 0.125 0.209375
0 0.9083333333333333 0.684375 0.14166666666666666 0.1921875