1 0.45208333333333334 0.140625 0.23333333333333334 0.153125
1 0.2520833333333333 0.1984375 0.1875 0.125
0 0.38333333333333336 0.321875 0.2833333333333333 0.2078125
0 0.15625 0.4703125 0.24791666666666667 0.159375
1 0.70625 0.203125 0.24375 0.2078125
1 0.8854166666666666 0.1609375 0.18958333333333333 0.1546875
0 0.8416666666666667 0.3265625 0.24166666666666667 0.134375
0 0.825 0.49375 0.30416666666666664 0.1875
1 0.6020833333333333 0.4 0.24375 0.1578125
1 0.6083333333333333 0.571875 0.27708333333333335 0.18125
0 0.40208333333333335 0.7015625 0.2520833333333333 0.21875
1 0.38125 0.5 0.24166666666666667 0.1546875
1 0.875 0.678125 0.25 0.2
1 0.6520833333333333 0.7625 0.2708333333333333 0.2171875
1 0.225 0.6328125 0.2625 0.2109375
1 0.06458333333333334 0.590625 0.12708333333333333 0.1890625
1 0.10416666666666667 0.3296875 0.20208333333333334 0.1421875