0 0.41041666666666665 0.553125 0.31666666666666665 0.2546875
0 0.6645833333333333 0.7671875 0.36041666666666666 0.334375
0 0.6479166666666667 0.3828125 0.26458333333333334 0.2203125
0 0.7125 0.1546875 0.32083333333333336 0.2234375
0 0.39375 0.128125 0.28958333333333336 0.25625
0 0.25625 0.3046875 0.32083333333333336 0.2203125
0 0.12083333333333333 0.4640625 0.24166666666666667 0.2140625
1 0.23125 0.046875 0.17291666666666666 0.0921875
1 0.65625 0.0359375 0.20416666666666666 0.071875
1 0.91875 0.14375 0.16041666666666668 0.1640625
1 0.8833333333333333 0.303125 0.23125 0.18125
1 0.8520833333333333 0.4984375 0.29375 0.2359375
1 0.9041666666666667 0.75625 0.19166666666666668 0.2703125
1 0.2604166666666667 0.78125 0.3229166666666667 0.2734375