0 0.19791666666666666 0.8828125 0.39375 0.2328125
0 0.5666666666666667 0.765625 0.37916666666666665 0.275
0 0.45416666666666666 0.3453125 0.30416666666666664 0.15
0 0.2125 0.265625 0.3125 0.196875
0 0.29583333333333334 0.1390625 0.20625 0.1453125
1 0.1125 0.0765625 0.225 0.1515625
1 0.07083333333333333 0.2984375 0.13958333333333334 0.196875
1 0.48333333333333334 0.2484375 0.20625 0.1078125
1 0.6854166666666667 0.38125 0.2604166666666667 0.2078125
1 0.8208333333333333 0.525 0.23333333333333334 0.1875
1 0.4791666666666667 0.5421875 0.36666666666666664 0.2671875
0 0.15416666666666667 0.49375 0.2875 0.20625
1 0.66875 0.546875 0.14583333333333334 0.19375