1 0.3729166666666667 0.171875 0.35 0.259375
1 0.65 0.1375 0.32708333333333334 0.2484375
1 0.7260416666666667 0.2921875 0.325 0.228125
1 0.465625 0.34921875 0.28541666666666665 0.2171875
1 0.21354166666666666 0.3921875 0.4270833333333333 0.2625
1 0.4875 0.5484375 0.3645833333333333 0.2484375
1 0.771875 0.4765625 0.3458333333333333 0.2453125
1 0.7979166666666667 0.69453125 0.4041666666666667 0.3171875
1 0.49583333333333335 0.77109375 0.40625 0.296875
1 0.8697916666666666 0.87421875 0.2604166666666667 0.1859375
1 0.6104166666666667 0.91796875 0.35833333333333334 0.1640625
1 0.28958333333333336 0.915625 0.36666666666666664 0.16875
1 0.240625 0.73515625 0.33958333333333335 0.25625
1 0.21770833333333334 0.56484375 0.29583333333333334 0.18125
1 0.06145833333333333 0.15859375 0.12291666666666666 0.1984375
1 0.06979166666666667 0.30625 0.13958333333333334 0.184375
1 0.09166666666666666 0.62265625 0.18333333333333332 0.2328125
1 0.85625 0.18671875 0.19375 0.2328125
1 0.93125 0.371875 0.12708333333333333 0.175
1 0.9541666666666667 0.5796875 0.09166666666666666 0.275