1 0.25833333333333336 0.5171875 0.2125 0.1734375
1 0.6020833333333333 0.53125 0.25416666666666665 0.1734375
1 0.16458333333333333 0.8140625 0.28958333333333336 0.228125
1 0.37083333333333335 0.8109375 0.19166666666666668 0.2125
1 0.5791666666666667 0.8140625 0.2833333333333333 0.1546875
1 0.16458333333333333 0.4234375 0.22708333333333333 0.1203125
1 0.08333333333333333 0.35 0.16458333333333333 0.096875
1 0.18958333333333333 0.284375 0.15208333333333332 0.0578125
1 0.26458333333333334 0.3625 0.14583333333333334 0.125
1 0.41041666666666665 0.4375 0.17083333333333334 0.1375
1 0.5541666666666667 0.3609375 0.22291666666666668 0.1640625
1 0.4041666666666667 0.33125 0.11666666666666667 0.0796875
1 0.7208333333333333 0.45 0.13333333333333333 0.140625
1 0.8083333333333333 0.4984375 0.13333333333333333 0.1296875
1 0.8708333333333333 0.625 0.22083333333333333 0.0953125
0 0.94375 0.75 0.11041666666666666 0.1921875
1 0.79375 0.896875 0.41041666666666665 0.2046875
1 0.4875 0.94375 0.25 0.1125
0 0.22291666666666668 0.959375 0.26666666666666666 0.0796875
1 0.8666666666666667 0.565625 0.17291666666666666 0.059375
1 0.9458333333333333 0.503125 0.10625 0.0796875
1 0.94375 0.4359375 0.11041666666666666 0.0640625
1 0.975 0.5703125 0.04791666666666667 0.071875