0 0.3145833333333333 0.23515625 0.24583333333333332 0.1515625
0 0.08541666666666667 0.34140625 0.17083333333333334 0.1578125
0 0.33958333333333335 0.7453125 0.22083333333333333 0.196875
0 0.3020833333333333 0.07734375 0.13541666666666666 0.1015625
0 0.5614583333333333 0.33828125 0.22916666666666666 0.1734375
1 0.44583333333333336 0.11484375 0.18333333333333332 0.1296875
1 0.5666666666666667 0.21328125 0.14375 0.1109375
1 0.8510416666666667 0.3734375 0.24166666666666667 0.165625
1 0.878125 0.59375 0.24375 0.215625
1 0.6072916666666667 0.50078125 0.24166666666666667 0.184375
1 0.38333333333333336 0.475 0.21041666666666667 0.1296875
1 0.5197916666666667 0.61171875 0.24375 0.1671875
1 0.5604166666666667 0.784375 0.26875 0.2421875
1 0.796875 0.778125 0.2791666666666667 0.2171875
1 0.26666666666666666 0.5875 0.2625 0.1828125
1 0.259375 0.36484375 0.21875 0.1484375
1 0.18229166666666666 0.471875 0.24166666666666667 0.128125
1 0.140625 0.70390625 0.21875 0.1484375
1 0.103125 0.21953125 0.20625 0.1296875
1 0.13125 0.1265625 0.17083333333333334 0.134375
1 0.209375 0.0734375 0.11041666666666666 0.0828125