0 0.8104166666666667 0.5640625 0.30416666666666664 0.25
1 0.5541666666666667 0.52734375 0.29375 0.2203125
1 0.5864583333333333 0.75625 0.4979166666666667 0.3390625
1 0.8552083333333333 0.790625 0.21666666666666667 0.2859375
1 0.68125 0.9171875 0.45 0.165625
1 0.18229166666666666 0.67421875 0.3645833333333333 0.3640625
1 0.24895833333333334 0.88515625 0.425 0.2234375
1 0.22604166666666667 0.5078125 0.4 0.225
0 0.29270833333333335 0.334375 0.3625 0.2671875
1 0.4979166666666667 0.3375 0.225 0.2171875
1 0.69375 0.30859375 0.20416666666666666 0.171875
1 0.8677083333333333 0.38046875 0.26458333333333334 0.2171875
1 0.9645833333333333 0.3171875 0.07083333333333333 0.175
1 0.846875 0.23515625 0.16458333333333333 0.1171875
1 0.6625 0.21015625 0.17291666666666666 0.0921875
1 0.6427083333333333 0.10546875 0.20833333333333334 0.1484375
1 0.46041666666666664 0.10234375 0.20625 0.1390625
1 0.34375 0.1859375 0.1875 0.1359375
1 0.5 0.20703125 0.16666666666666666 0.1296875