1 0.6864583333333333 0.2765625 0.35 0.2546875
1 0.35625 0.1921875 0.275 0.1984375
1 0.29270833333333335 0.3359375 0.275 0.215625
1 0.5197916666666667 0.41328125 0.26875 0.2125
1 0.753125 0.49609375 0.30625 0.2875
1 0.9197916666666667 0.578125 0.16041666666666668 0.221875
1 0.9239583333333333 0.8 0.15208333333333332 0.2625
1 0.6760416666666667 0.784375 0.4041666666666667 0.2796875
1 0.5125 0.60390625 0.30625 0.24375
1 0.25833333333333336 0.5234375 0.2708333333333333 0.228125
1 0.24166666666666667 0.72265625 0.37083333333333335 0.2328125
0 0.18854166666666666 0.89296875 0.29791666666666666 0.2140625
1 0.46770833333333334 0.915625 0.33125 0.16875
1 0.7802083333333333 0.92890625 0.30833333333333335 0.1234375
1 0.9197916666666667 0.30859375 0.13958333333333334 0.20625
1 0.8885416666666667 0.1359375 0.14583333333333334 0.175