0 0.5770833333333333 0.58515625 0.3625 0.2890625
0 0.5177083333333333 0.16328125 0.24166666666666667 0.15625
0 0.17604166666666668 0.11484375 0.27291666666666664 0.1890625
0 0.440625 0.378125 0.33958333333333335 0.25
1 0.81875 0.43984375 0.32916666666666666 0.221875
1 0.79375 0.628125 0.20833333333333334 0.1765625
0 0.9479166666666666 0.6109375 0.10416666666666667 0.175
0 0.865625 0.83671875 0.26875 0.2984375
1 0.6 0.81015625 0.3 0.2109375
1 0.3572916666666667 0.88359375 0.5020833333333333 0.2328125
1 0.11145833333333334 0.70078125 0.21666666666666667 0.334375
1 0.20625 0.5953125 0.22083333333333333 0.14375
1 0.3020833333333333 0.73203125 0.1875 0.109375
1 0.15625 0.41796875 0.3125 0.2265625
0 0.09895833333333333 0.25546875 0.19791666666666666 0.1046875
1 0.3020833333333333 0.2390625 0.22291666666666668 0.1125
1 0.6385416666666667 0.30234375 0.2375 0.18125
1 0.8770833333333333 0.27890625 0.22916666666666666 0.153125
1 0.6604166666666667 0.096875 0.23125 0.184375
1 0.8166666666666667 0.18203125 0.18125 0.1359375
1 0.4083333333333333 0.04296875 0.125 0.084375
1 0.3416666666666667 0.09140625 0.16041666666666668 0.103125