0 0.46041666666666664 0.5484375 0.38958333333333334 0.3140625
0 0.10208333333333333 0.2671875 0.20208333333333334 0.10625
1 0.17916666666666667 0.4140625 0.30833333333333335 0.240625
1 0.4 0.228125 0.3729166666666667 0.2046875
1 0.7166666666666667 0.3171875 0.32083333333333336 0.1859375
1 0.7416666666666667 0.515625 0.23333333333333334 0.2734375
0 0.9166666666666666 0.4875 0.16666666666666666 0.215625
1 0.9208333333333333 0.73125 0.15625 0.25625
1 0.875 0.88125 0.24791666666666667 0.2359375
1 0.5791666666666667 0.834375 0.46458333333333335 0.2921875
1 0.32083333333333336 0.9078125 0.2375 0.1828125
1 0.17291666666666666 0.7203125 0.3375 0.2671875
1 0.15625 0.0734375 0.2375 0.146875
1 0.38333333333333336 0.0453125 0.16875 0.090625
1 0.7354166666666667 0.140625 0.2625 0.1921875
1 0.9354166666666667 0.146875 0.12708333333333333 0.203125
1 0.48125 0.10625 0.2 0.0890625
1 0.8541666666666666 0.0453125 0.15208333333333332 0.090625