0 0.6125 0.39375 0.32708333333333334 0.2375
0 0.2833333333333333 0.3796875 0.3229166666666667 0.1890625
1 0.3333333333333333 0.1875 0.31666666666666665 0.2640625
1 0.25833333333333336 0.6109375 0.29583333333333334 0.26875
0 0.6041666666666666 0.653125 0.35833333333333334 0.3046875
1 0.6666666666666666 0.1734375 0.40208333333333335 0.2609375
1 0.9291666666666667 0.184375 0.14166666666666666 0.26875
1 0.11666666666666667 0.2609375 0.23125 0.2
1 0.08958333333333333 0.509375 0.17916666666666667 0.190625
0 0.1 0.7546875 0.19583333333333333 0.296875
1 0.3625 0.7953125 0.2833333333333333 0.215625
1 0.9 0.4359375 0.2 0.2125
1 0.9 0.6390625 0.19791666666666666 0.265625
1 0.8895833333333333 0.828125 0.21875 0.234375
1 0.68125 0.84375 0.36041666666666666 0.1890625