1 0.753125 0.475 0.32916666666666666 0.253125
1 0.9166666666666666 0.3859375 0.16666666666666666 0.228125
1 0.88125 0.59453125 0.2375 0.2203125
1 0.9291666666666667 0.81171875 0.14166666666666666 0.2546875
1 0.7541666666666667 0.840625 0.36875 0.29375
1 0.6114583333333333 0.6828125 0.35625 0.2546875
1 0.515625 0.50859375 0.2520833333333333 0.18125
1 0.596875 0.3421875 0.29375 0.184375
1 0.5729166666666666 0.2578125 0.24166666666666667 0.11875
1 0.684375 0.16171875 0.2791666666666667 0.190625
1 0.3416666666666667 0.52578125 0.2375 0.1390625
1 0.3541666666666667 0.67734375 0.28958333333333336 0.2390625
1 0.453125 0.8796875 0.40625 0.240625
1 0.24375 0.875 0.2375 0.184375
1 0.13541666666666666 0.7171875 0.225 0.259375
1 0.103125 0.48828125 0.20625 0.1671875
1 0.190625 0.57109375 0.15833333333333333 0.1171875
1 0.3625 0.371875 0.2604166666666667 0.2015625
1 0.26979166666666665 0.190625 0.21666666666666667 0.146875
1 0.18125 0.3546875 0.22916666666666666 0.1640625
1 0.059375 0.32578125 0.11875 0.1484375
1 0.14479166666666668 0.26328125 0.16875 0.1
1 0.48854166666666665 0.19765625 0.13333333333333333 0.0890625
1 0.5802083333333333 0.08046875 0.17083333333333334 0.0921875
1 0.6541666666666667 0.02109375 0.14583333333333334 0.0421875
1 0.4427083333333333 0.15390625 0.15 0.0734375