1 0.7020833333333333 0.471875 0.35 0.178125
1 0.83125 0.6609375 0.3375 0.2921875
1 0.7333333333333333 0.9 0.53125 0.2
1 0.25833333333333336 0.8578125 0.35208333333333336 0.215625
0 0.052083333333333336 0.896875 0.10416666666666667 0.20625
1 0.54375 0.7 0.2875 0.2546875
1 0.29375 0.4859375 0.4125 0.284375
1 0.60625 0.353125 0.25 0.14375
1 0.55 0.2109375 0.29791666666666666 0.146875
1 0.33958333333333335 0.2390625 0.2 0.115625
1 0.3958333333333333 0.3546875 0.20625 0.13125
1 0.15 0.2828125 0.3 0.1546875
1 0.05 0.6078125 0.1 0.19375
1 0.23541666666666666 0.6734375 0.3104166666666667 0.1546875
1 0.07083333333333333 0.75 0.14166666666666666 0.103125
1 0.43333333333333335 0.975 0.2604166666666667 0.05
1 0.05416666666666667 0.396875 0.10625 0.1078125