0 0.3875 0.8828125 0.47291666666666665 0.234375
0 0.22083333333333333 0.5515625 0.33958333333333335 0.2453125
1 0.8666666666666667 0.809375 0.26458333333333334 0.3671875
1 0.5520833333333334 0.7125 0.4625 0.3125
1 0.7083333333333334 0.484375 0.35833333333333334 0.225
1 0.6104166666666667 0.3046875 0.30833333333333335 0.1765625
1 0.5354166666666667 0.209375 0.23125 0.125
1 0.5479166666666667 0.0875 0.2875 0.1515625
1 0.3333333333333333 0.1 0.19166666666666668 0.1140625
1 0.15 0.1171875 0.2625 0.14375
1 0.3645833333333333 0.2 0.175 0.0921875
1 0.22083333333333333 0.2828125 0.32083333333333336 0.2265625
1 0.44583333333333336 0.490625 0.1875 0.1859375
1 0.41458333333333336 0.3265625 0.11041666666666666 0.1390625
1 0.08125 0.85 0.1625 0.3
1 0.24791666666666667 0.7484375 0.2375 0.140625
1 0.7333333333333333 0.9375 0.25833333333333336 0.125