1 0.31875 0.58046875 0.28958333333333336 0.2203125
1 0.6760416666666667 0.515625 0.33541666666666664 0.21875
1 0.42916666666666664 0.4546875 0.2375 0.1671875
1 0.5552083333333333 0.353125 0.27291666666666664 0.2
1 0.16354166666666667 0.5265625 0.28125 0.2015625
1 0.22708333333333333 0.4140625 0.2375 0.15625
1 0.057291666666666664 0.42734375 0.11458333333333333 0.1390625
1 0.10729166666666666 0.34375 0.19583333333333333 0.10625
1 0.37083333333333335 0.3390625 0.17708333333333334 0.121875
1 0.15729166666666666 0.9078125 0.16041666666666668 0.184375
1 0.2916666666666667 0.85859375 0.2375 0.196875
1 0.42604166666666665 0.8765625 0.38958333333333334 0.246875
1 0.578125 0.82734375 0.2520833333333333 0.2375
0 0.8010416666666667 0.784375 0.325 0.228125
1 0.9145833333333333 0.846875 0.17083333333333334 0.2125
1 0.775 0.93125 0.24375 0.10625
1 0.9729166666666667 0.61171875 0.05416666666666667 0.1453125
1 0.9583333333333334 0.71015625 0.08333333333333333 0.0953125
1 0.909375 0.53515625 0.18125 0.1453125
1 0.73125 0.37734375 0.17916666666666667 0.1640625
1 0.8416666666666667 0.40859375 0.12083333333333333 0.1203125
1 0.9291666666666667 0.434375 0.09166666666666666 0.0875
1 0.9260416666666667 0.37421875 0.11875 0.0984375
1 0.8979166666666667 0.3 0.13125 0.0921875
1 0.7854166666666667 0.31328125 0.15208333333333332 0.0890625