0 0.6354166666666666 0.71875 0.45 0.309375
0 0.5729166666666666 0.31875 0.39375 0.309375
0 0.24166666666666667 0.3359375 0.4354166666666667 0.321875
1 0.35208333333333336 0.58359375 0.48541666666666666 0.3203125
1 0.78125 0.525 0.3729166666666667 0.2703125
1 0.9072916666666667 0.70703125 0.18541666666666667 0.2609375
1 0.8364583333333333 0.85 0.32708333333333334 0.24375
1 0.5072916666666667 0.89453125 0.4895833333333333 0.2109375
1 0.3458333333333333 0.13046875 0.39166666666666666 0.253125
1 0.5114583333333333 0.06796875 0.29791666666666666 0.1359375
1 0.6885416666666667 0.153125 0.3229166666666667 0.2171875
1 0.8177083333333334 0.3375 0.31875 0.2578125
1 0.134375 0.096875 0.26875 0.13125