0 0.5333333333333333 0.40546875 0.22083333333333333 0.15
1 0.8020833333333334 0.3125 0.24583333333333332 0.1609375
1 0.8166666666666667 0.44140625 0.2625 0.15625
1 0.8614583333333333 0.5984375 0.25 0.1828125
1 0.7072916666666667 0.65390625 0.26458333333333334 0.2265625
1 0.6552083333333333 0.51171875 0.22916666666666666 0.103125
1 0.43333333333333335 0.509375 0.21666666666666667 0.128125
1 0.49166666666666664 0.63125 0.18958333333333333 0.1515625
1 0.5854166666666667 0.77578125 0.27291666666666664 0.1203125
1 0.69375 0.8984375 0.3458333333333333 0.203125
1 0.253125 0.575 0.21041666666666667 0.15
1 0.246875 0.4390625 0.1875 0.103125
1 0.25729166666666664 0.3421875 0.17916666666666667 0.0796875
1 0.25625 0.2796875 0.1625 0.08125
1 0.38125 0.2390625 0.125 0.1140625
1 0.45625 0.27734375 0.15208333333333332 0.103125
1 0.6072916666666667 0.253125 0.16041666666666668 0.0890625
1 0.6729166666666667 0.18125 0.18125 0.1140625
1 0.5145833333333333 0.19453125 0.15625 0.0734375
1 0.39479166666666665 0.38984375 0.13125 0.103125