1 0.55625 0.246875 0.2916666666666667 0.18125
1 0.9041666666666667 0.290625 0.19166666666666668 0.2125
1 0.7895833333333333 0.1875 0.21666666666666667 0.146875
0 0.7875 0.4375 0.31666666666666665 0.2234375
1 0.6895833333333333 0.61875 0.2625 0.203125
1 0.45416666666666666 0.4125 0.26458333333333334 0.1734375
1 0.21666666666666667 0.453125 0.24791666666666667 0.153125
1 0.3958333333333333 0.5671875 0.275 0.2140625
0 0.25625 0.6859375 0.20208333333333334 0.1703125
0 0.3020833333333333 0.81875 0.21041666666666667 0.1578125
1 0.49166666666666664 0.740625 0.19583333333333333 0.134375
1 0.6895833333333333 0.8015625 0.25625 0.2390625
1 0.90625 0.9046875 0.1875 0.190625
1 0.8916666666666667 0.7078125 0.21458333333333332 0.2421875
1 0.4979166666666667 0.90625 0.2625 0.1875
1 0.09791666666666667 0.603125 0.19583333333333333 0.1484375
1 0.31666666666666665 0.3375 0.20208333333333334 0.10625
1 0.25625 0.24375 0.23958333333333334 0.14375
1 0.1125 0.3765625 0.22291666666666668 0.1328125
1 0.07916666666666666 0.26875 0.14166666666666666 0.1078125
0 0.55 0.084375 0.175 0.115625