1 0.43854166666666666 0.1046875 0.29791666666666666 0.209375
0 0.6520833333333333 0.11640625 0.26458333333333334 0.1796875
1 0.859375 0.1578125 0.26666666666666666 0.2140625
0 0.8552083333333333 0.30078125 0.28958333333333336 0.1640625
1 0.6125 0.2625 0.3125 0.2046875
0 0.36041666666666666 0.26796875 0.33125 0.2140625
0 0.4979166666666667 0.415625 0.39166666666666666 0.24375
0 0.809375 0.446875 0.38125 0.259375
1 0.3645833333333333 0.56015625 0.4041666666666667 0.2625
1 0.7822916666666667 0.640625 0.40625 0.2640625
1 0.553125 0.73046875 0.5729166666666666 0.3625
1 0.1875 0.62734375 0.375 0.3796875
0 0.20833333333333334 0.8625 0.4166666666666667 0.253125
1 0.5645833333333333 0.91328125 0.4083333333333333 0.1734375