0 0.44583333333333336 0.31875 0.24166666666666667 0.2109375
1 0.6770833333333334 0.284375 0.22708333333333333 0.178125
1 0.78125 0.45625 0.33541666666666664 0.2390625
1 0.5041666666666667 0.55625 0.3625 0.25
1 0.8083333333333333 0.6890625 0.38125 0.2203125
1 0.17916666666666667 0.6484375 0.35625 0.2328125
1 0.26458333333333334 0.4515625 0.22916666666666666 0.1625
1 0.16458333333333333 0.31875 0.25625 0.1515625
1 0.3 0.1828125 0.21666666666666667 0.14375
1 0.3458333333333333 0.0890625 0.21458333333333332 0.0890625
1 0.54375 0.14375 0.25625 0.125
1 0.13333333333333333 0.1828125 0.175 0.10625