0 0.646875 0.615625 0.5541666666666667 0.365625
0 0.30520833333333336 0.37265625 0.27291666666666664 0.2078125
0 0.19166666666666668 0.475 0.19791666666666666 0.1390625
0 0.340625 0.55 0.2125 0.15
0 0.7614583333333333 0.403125 0.3458333333333333 0.2578125
0 0.48333333333333334 0.1328125 0.16041666666666668 0.1453125
0 0.6375 0.15546875 0.2625 0.1984375
0 0.5364583333333334 0.2875 0.30833333333333335 0.1921875
1 0.15104166666666666 0.61015625 0.27291666666666664 0.190625
0 0.39791666666666664 0.728125 0.28541666666666665 0.25625
0 0.890625 0.678125 0.21875 0.340625
1 0.8375 0.26171875 0.25833333333333336 0.2046875
1 0.4895833333333333 0.44453125 0.18541666666666667 0.1234375
1 0.35208333333333336 0.20625 0.20833333333333334 0.1359375
0 0.21041666666666667 0.2828125 0.15 0.084375
1 0.8260416666666667 0.11953125 0.18958333333333333 0.1359375
1 0.7197916666666667 0.0609375 0.20208333333333334 0.121875
1 0.5333333333333333 0.05546875 0.175 0.1046875