0 0.30416666666666664 0.31875 0.23958333333333334 0.1828125
0 0.13541666666666666 0.4546875 0.24583333333333332 0.1984375
0 0.33958333333333335 0.53125 0.26875 0.2140625
0 0.61875 0.5109375 0.24791666666666667 0.1859375
0 0.5458333333333333 0.75 0.37083333333333335 0.2953125
0 0.8541666666666666 0.771875 0.26666666666666666 0.26875
1 0.2125 0.7078125 0.28541666666666665 0.2234375
1 0.875 0.5328125 0.25 0.23125
1 0.91875 0.346875 0.1625 0.1765625
1 0.70625 0.31875 0.2916666666666667 0.21875
1 0.5104166666666666 0.2984375 0.18333333333333332 0.1359375
1 0.33958333333333335 0.1984375 0.16666666666666666 0.11875
1 0.5229166666666667 0.1703125 0.17291666666666666 0.13125
1 0.7145833333333333 0.1984375 0.16666666666666666 0.084375
1 0.8979166666666667 0.20625 0.19166666666666668 0.1328125
0 0.9166666666666666 0.0890625 0.16458333333333333 0.1359375
1 0.73125 0.1140625 0.1875 0.1109375
1 0.55625 0.06875 0.19166666666666668 0.1109375
1 0.3625 0.0875 0.14166666666666666 0.1078125
1 0.75 0.0390625 0.18958333333333333 0.078125
1 0.3958333333333333 0.034375 0.17916666666666667 0.06875