1 0.21354166666666666 0.1609375 0.4270833333333333 0.296875
1 0.17083333333333334 0.35390625 0.3416666666666667 0.2328125
1 0.4270833333333333 0.2484375 0.30833333333333335 0.1921875
1 0.41041666666666665 0.09921875 0.25833333333333336 0.1984375
1 0.58125 0.0609375 0.2916666666666667 0.121875
1 0.7739583333333333 0.0546875 0.21458333333333332 0.109375
0 0.8333333333333334 0.11171875 0.15625 0.165625
0 0.659375 0.30859375 0.47708333333333336 0.384375
0 0.271875 0.6546875 0.4791666666666667 0.41875
0 0.721875 0.6328125 0.55625 0.40625
1 0.4739583333333333 0.89140625 0.43125 0.2171875
1 0.8833333333333333 0.83515625 0.23333333333333334 0.2421875
1 0.23020833333333332 0.92109375 0.2520833333333333 0.1578125
1 0.027083333333333334 0.32109375 0.05416666666666667 0.1765625
1 0.42083333333333334 0.44453125 0.3145833333333333 0.2453125