1 0.5666666666666667 0.64375 0.275 0.2296875
0 0.45 0.8578125 0.41041666666666665 0.284375
1 0.2833333333333333 0.6375 0.325 0.2203125
1 0.19166666666666668 0.425 0.19583333333333333 0.184375
1 0.29375 0.321875 0.21875 0.128125
1 0.6041666666666666 0.3046875 0.19791666666666666 0.178125
0 0.6458333333333334 0.4609375 0.20416666666666666 0.1546875
0 0.40625 0.4578125 0.24791666666666667 0.15
0 0.8520833333333333 0.6 0.2625 0.190625
1 0.8770833333333333 0.43125 0.24583333333333332 0.1703125
1 0.89375 0.315625 0.2125 0.084375
1 0.45208333333333334 0.315625 0.10208333333333333 0.1234375
1 0.7375 0.3265625 0.06458333333333334 0.0890625
1 0.5833333333333334 0.1046875 0.1875 0.1671875
1 0.8854166666666666 0.0953125 0.22708333333333333 0.190625
1 0.7166666666666667 0.065625 0.15416666666666667 0.13125
1 0.45 0.0625 0.16875 0.125
1 0.31875 0.0359375 0.10625 0.06875