0 0.5875 0.62265625 0.44583333333333336 0.38125
0 0.2947916666666667 0.47265625 0.40208333333333335 0.30625
1 0.18541666666666667 0.7234375 0.37083333333333335 0.36875
1 0.38645833333333335 0.77890625 0.2625 0.24375
1 0.7052083333333333 0.76640625 0.3020833333333333 0.215625
1 0.8760416666666667 0.7171875 0.21458333333333332 0.253125
1 0.8052083333333333 0.534375 0.3229166666666667 0.2546875
1 0.8395833333333333 0.4203125 0.22291666666666668 0.146875
1 0.9416666666666667 0.3703125 0.11666666666666667 0.1375
1 0.9416666666666667 0.50234375 0.11666666666666667 0.1609375
1 0.7947916666666667 0.30234375 0.29791666666666666 0.1953125
1 0.48854166666666665 0.3625 0.35208333333333336 0.2390625
1 0.35104166666666664 0.2546875 0.1875 0.1453125
1 0.14791666666666667 0.3109375 0.2520833333333333 0.171875
1 0.05625 0.43984375 0.1125 0.2453125