0 0.69375 0.2953125 0.3958333333333333 0.2453125
1 0.7385416666666667 0.521875 0.35 0.2328125
1 0.4375 0.521875 0.38125 0.3078125
1 0.14166666666666666 0.49296875 0.2833333333333333 0.3421875
1 0.10208333333333333 0.11796875 0.20416666666666666 0.2046875
1 0.33229166666666665 0.159375 0.3333333333333333 0.265625
1 0.5791666666666667 0.11953125 0.26875 0.1609375
1 0.7875 0.153125 0.15833333333333333 0.1203125
1 0.93125 0.49296875 0.1375 0.2734375
1 0.7072916666666667 0.79921875 0.5041666666666667 0.378125
1 0.34479166666666666 0.78359375 0.32708333333333334 0.2734375
1 0.125 0.796875 0.22083333333333333 0.2921875
1 0.44166666666666665 0.32421875 0.26458333333333334 0.2046875
1 0.9239583333333333 0.29296875 0.13125 0.190625
1 0.628125 0.05703125 0.27708333333333335 0.1140625