0 0.7416666666666667 0.41328125 0.40625 0.2859375
0 0.696875 0.18828125 0.3375 0.2546875
0 0.33645833333333336 0.7765625 0.42083333333333334 0.2921875
0 0.10729166666666666 0.61875 0.21458333333333332 0.271875
1 0.43645833333333334 0.51015625 0.48541666666666666 0.3359375
1 0.6895833333333333 0.6890625 0.34791666666666665 0.31875
1 0.8541666666666666 0.8515625 0.20833333333333334 0.296875
1 0.9010416666666666 0.55625 0.19791666666666666 0.290625
1 0.9145833333333333 0.31328125 0.17083333333333334 0.2453125
1 0.90625 0.13359375 0.1875 0.1953125
1 0.4270833333333333 0.15625 0.3125 0.21875
1 0.40625 0.33203125 0.34791666666666665 0.1765625
1 0.10520833333333333 0.35 0.19791666666666666 0.221875
1 0.16770833333333332 0.16796875 0.24166666666666667 0.228125
1 0.31875 0.04921875 0.32083333333333336 0.0984375