1 0.5072916666666667 0.2625 0.35 0.271875
1 0.6802083333333333 0.415625 0.32708333333333334 0.2546875
1 0.7520833333333333 0.59140625 0.39166666666666666 0.2328125
1 0.41354166666666664 0.53671875 0.35625 0.2078125
1 0.2947916666666667 0.35234375 0.37083333333333335 0.2578125
1 0.103125 0.296875 0.16666666666666666 0.2296875
1 0.140625 0.52734375 0.28125 0.2609375
1 0.15208333333333332 0.78203125 0.30416666666666664 0.3234375
1 0.45729166666666665 0.771875 0.4166666666666667 0.346875
1 0.7572916666666667 0.803125 0.38125 0.2984375
1 0.6447916666666667 0.92265625 0.4354166666666667 0.1546875
1 0.29270833333333335 0.92890625 0.32708333333333334 0.1421875