1 0.59375 0.1234375 0.17291666666666666 0.1046875
0 0.47291666666666665 0.1109375 0.1125 0.0703125
0 0.5541666666666667 0.303125 0.18541666666666667 0.1296875
0 0.2125 0.153125 0.20208333333333334 0.1421875
0 0.25625 0.08125 0.15208333333333332 0.1125
1 0.6541666666666667 0.2265625 0.17291666666666666 0.1046875
1 0.7583333333333333 0.203125 0.13125 0.0984375
0 0.7270833333333333 0.33125 0.1875 0.1
0 0.4166666666666667 0.2875 0.15625 0.109375
1 0.32916666666666666 0.2375 0.15625 0.103125
1 0.14791666666666667 0.2484375 0.19791666666666666 0.115625
1 0.16666666666666666 0.3359375 0.19166666666666668 0.0671875
1 0.22916666666666666 0.384375 0.15833333333333333 0.0828125
1 0.31666666666666665 0.45 0.25416666666666665 0.1390625
1 0.4979166666666667 0.44375 0.15208333333333332 0.1296875
0 0.31666666666666665 0.3375 0.11458333333333333 0.075
1 0.6729166666666667 0.509375 0.22291666666666668 0.1421875
1 0.50625 0.5765625 0.25416666666666665 0.1515625
1 0.21875 0.553125 0.25 0.1234375
1 0.10416666666666667 0.465625 0.20208333333333334 0.1203125
1 0.14583333333333334 0.7046875 0.20416666666666666 0.165625
1 0.35625 0.70625 0.2125 0.1734375
1 0.5604166666666667 0.715625 0.19583333333333333 0.159375
1 0.7041666666666667 0.659375 0.21041666666666667 0.1390625
0 0.8395833333333333 0.5890625 0.18125 0.1140625
1 0.39166666666666666 0.890625 0.27291666666666664 0.21875
1 0.17708333333333334 0.8890625 0.18958333333333333 0.1671875
1 0.8104166666666667 0.45625 0.19791666666666666 0.153125
1 0.86875 0.4046875 0.19791666666666666 0.1046875
1 0.89375 0.35625 0.16666666666666666 0.09375
1 0.83125 0.290625 0.15 0.09375
1 0.425 0.165625 0.1375 0.0765625
1 0.49166666666666664 0.21875 0.15 0.1
1 0.0625 0.18125 0.12291666666666666 0.115625
0 0.07916666666666666 0.115625 0.15416666666666667 0.0796875
1 0.6229166666666667 0.4109375 0.17708333333333334 0.0875