0 0.7020833333333333 0.409375 0.2125 0.1546875
0 0.5958333333333333 0.5359375 0.24583333333333332 0.1625
0 0.46875 0.4421875 0.15625 0.13125
0 0.30416666666666664 0.35 0.1625 0.1109375
0 0.12916666666666668 0.54375 0.14583333333333334 0.1265625
0 0.1875 0.640625 0.1875 0.128125
1 0.38333333333333336 0.6734375 0.175 0.15
1 0.6333333333333333 0.7140625 0.27708333333333335 0.20625
1 0.4583333333333333 0.8671875 0.28541666666666665 0.2234375
1 0.83125 0.5734375 0.23958333333333334 0.178125
0 0.9208333333333333 0.4296875 0.15625 0.1609375
1 0.925 0.2875 0.15 0.1234375
1 0.64375 0.234375 0.21041666666666667 0.1171875
1 0.575 0.3390625 0.20625 0.125
1 0.4375 0.2765625 0.1125 0.096875
0 0.33125 0.2390625 0.125 0.0921875
1 0.4479166666666667 0.1796875 0.1875 0.103125