0 0.46041666666666664 0.2796875 0.29375 0.20625
0 0.26458333333333334 0.37578125 0.26666666666666666 0.20625
0 0.4270833333333333 0.4375 0.32708333333333334 0.2390625
0 0.684375 0.36640625 0.29791666666666666 0.25625
0 0.9135416666666667 0.3375 0.17291666666666666 0.20625
0 0.49375 0.6578125 0.42291666666666666 0.33125
0 0.7864583333333334 0.7375 0.37916666666666665 0.3375
1 0.84375 0.5140625 0.3125 0.259375
1 0.24166666666666667 0.57421875 0.28541666666666665 0.253125
1 0.875 0.228125 0.24375 0.178125
0 0.7010416666666667 0.18828125 0.21666666666666667 0.14375
0 0.5447916666666667 0.2078125 0.1875 0.1328125
0 0.63125 0.0546875 0.17083333333333334 0.109375
1 0.75625 0.096875 0.19375 0.1390625
1 0.9125 0.13515625 0.175 0.1359375
1 0.9802083333333333 0.2109375 0.03958333333333333 0.146875
1 0.5770833333333333 0.125 0.16041666666666668 0.1046875