1 0.48854166666666665 0.515625 0.4708333333333333 0.328125
1 0.7604166666666666 0.47265625 0.3854166666666667 0.26875
1 0.83125 0.6890625 0.30833333333333335 0.2875
1 0.6260416666666667 0.7640625 0.47708333333333336 0.3453125
1 0.4739583333333333 0.34140625 0.31875 0.2234375
1 0.546875 0.2015625 0.3125 0.2140625
1 0.7541666666666667 0.31953125 0.22083333333333333 0.1453125
1 0.9052083333333333 0.29921875 0.18958333333333333 0.1296875
1 0.659375 0.121875 0.22083333333333333 0.1265625
1 0.7520833333333333 0.22265625 0.15208333333333332 0.1203125
1 0.453125 0.95859375 0.3854166666666667 0.0828125