0 0.40625 0.50234375 0.44166666666666665 0.29375
1 0.69375 0.45 0.32916666666666666 0.2484375
1 0.5875 0.22265625 0.4166666666666667 0.2703125
1 0.7229166666666667 0.09765625 0.29583333333333334 0.1921875
1 0.9177083333333333 0.0984375 0.16458333333333333 0.178125
1 0.8770833333333333 0.4078125 0.24583333333333332 0.165625
1 0.83125 0.64296875 0.33125 0.2109375
1 0.6041666666666666 0.759375 0.48333333333333334 0.3
1 0.8385416666666666 0.921875 0.28958333333333336 0.15625
1 0.340625 0.86953125 0.3375 0.2390625
1 0.215625 0.64921875 0.3375 0.24375
1 0.11875 0.41171875 0.2375 0.2578125
1 0.21145833333333333 0.2125 0.30833333333333335 0.2203125
1 0.36770833333333336 0.33671875 0.15208333333333332 0.0921875