1 0.49375 0.265625 0.3 0.1953125
1 0.6354166666666666 0.4 0.2916666666666667 0.1625
1 0.8958333333333334 0.4375 0.20625 0.1953125
1 0.725 0.5984375 0.40208333333333335 0.278125
1 0.48125 0.728125 0.29583333333333334 0.228125
1 0.20833333333333334 0.8328125 0.32916666666666666 0.2390625
1 0.50625 0.9265625 0.35208333333333336 0.1453125
1 0.8291666666666667 0.8625 0.3416666666666667 0.275
1 0.25 0.596875 0.3 0.1703125
1 0.06458333333333334 0.6875 0.12708333333333333 0.20625
1 0.2833333333333333 0.425 0.22083333333333333 0.1703125
1 0.5375 0.1203125 0.22083333333333333 0.1453125
1 0.3375 0.1828125 0.15625 0.11875
1 0.07291666666666667 0.5015625 0.14583333333333334 0.1625
1 0.28958333333333336 0.2984375 0.12916666666666668 0.084375
1 0.19583333333333333 0.2859375 0.14375 0.0875