0 0.234375 0.66484375 0.46875 0.2921875
0 0.2625 0.371875 0.39791666666666664 0.28125
0 0.6010416666666667 0.37109375 0.32083333333333336 0.271875
0 0.8010416666666667 0.55546875 0.2916666666666667 0.2609375
1 0.8666666666666667 0.30078125 0.26666666666666666 0.2078125
1 0.671875 0.2125 0.2833333333333333 0.159375
1 0.6145833333333334 0.11328125 0.225 0.140625
1 0.7520833333333333 0.0515625 0.21875 0.0921875
1 0.40208333333333335 0.08046875 0.2625 0.1609375
1 0.21041666666666667 0.12890625 0.24375 0.16875
1 0.08125 0.1625 0.13125 0.20625
1 0.08854166666666667 0.884375 0.17708333333333334 0.2
1 0.4479166666666667 0.8859375 0.425 0.228125
1 0.6364583333333333 0.74921875 0.32708333333333334 0.203125
1 0.5864583333333333 0.5703125 0.18333333333333332 0.1421875
1 0.8666666666666667 0.71640625 0.2520833333333333 0.215625
1 0.9260416666666667 0.1765625 0.14791666666666667 0.121875
1 0.865625 0.1046875 0.16666666666666666 0.1359375