1 0.5927083333333333 0.49921875 0.36666666666666664 0.25625
1 0.85 0.6890625 0.3 0.33125
1 0.8458333333333333 0.8765625 0.30833333333333335 0.2125
1 0.5572916666666666 0.90625 0.34375 0.1875
1 0.621875 0.71875 0.29375 0.228125
1 0.3770833333333333 0.59296875 0.22916666666666666 0.16875
1 0.34479166666666666 0.78203125 0.26875 0.2296875
1 0.22083333333333333 0.92578125 0.30833333333333335 0.1484375
1 0.16770833333333332 0.76328125 0.30833333333333335 0.36875
1 0.13958333333333334 0.6453125 0.25625 0.14375
1 0.146875 0.50078125 0.29375 0.2515625
1 0.11041666666666666 0.3375 0.2125 0.1390625
1 0.353125 0.3453125 0.40625 0.2546875
1 0.5541666666666667 0.278125 0.24375 0.153125
1 0.7416666666666667 0.24296875 0.225 0.1484375
1 0.7072916666666667 0.36796875 0.24583333333333332 0.1578125
1 0.878125 0.325 0.20833333333333334 0.1453125
1 0.903125 0.434375 0.18125 0.125
1 0.8177083333333334 0.48984375 0.21458333333333332 0.1625
1 0.5041666666666667 0.04375 0.25833333333333336 0.0875
1 0.16458333333333333 0.08203125 0.29583333333333334 0.1328125