0 0.5125 0.75625 0.3 0.1859375
0 0.2625 0.6765625 0.28541666666666665 0.2078125
0 0.4666666666666667 0.428125 0.2375 0.1484375
0 0.6416666666666667 0.2203125 0.1 0.0765625
0 0.2625 0.24375 0.22083333333333333 0.1578125
0 0.325 0.871875 0.28541666666666665 0.15625
0 0.9125 0.66875 0.175 0.1453125
0 0.7354166666666667 0.68125 0.21666666666666667 0.1765625
0 0.6520833333333333 0.9 0.25833333333333336 0.18125
0 0.7333333333333333 0.5484375 0.08333333333333333 0.08125
0 0.425 0.090625 0.16041666666666668 0.0875
0 0.4041666666666667 0.1828125 0.13333333333333333 0.134375
1 0.54375 0.2328125 0.15625 0.125
1 0.6291666666666667 0.2953125 0.13541666666666666 0.0859375
1 0.55625 0.3421875 0.1875 0.075
1 0.74375 0.403125 0.17083333333333334 0.1109375
1 0.5916666666666667 0.40625 0.10625 0.0890625
1 0.775 0.309375 0.14791666666666667 0.090625
0 0.7645833333333333 0.240625 0.14791666666666667 0.0609375
1 0.675 0.165625 0.14583333333333334 0.078125
1 0.8145833333333333 0.175 0.10208333333333333 0.0734375
1 0.9208333333333333 0.2109375 0.15833333333333333 0.090625
1 0.9229166666666667 0.2859375 0.14791666666666667 0.103125
1 0.9166666666666666 0.409375 0.16458333333333333 0.1578125
1 0.8666666666666667 0.9125 0.26458333333333334 0.175
1 0.09791666666666667 0.7875 0.19583333333333333 0.2109375
1 0.12083333333333333 0.9484375 0.23958333333333334 0.103125
1 0.09375 0.4328125 0.18125 0.1328125
1 0.1 0.5625 0.18958333333333333 0.1640625
1 0.06041666666666667 0.209375 0.11875 0.15
1 0.06666666666666667 0.0703125 0.12083333333333333 0.0859375
1 0.13958333333333334 0.1484375 0.08125 0.0890625
1 0.2375 0.0796875 0.17083333333333334 0.153125