0 0.32083333333333336 0.34140625 0.36666666666666664 0.2546875
0 0.8020833333333334 0.2578125 0.35208333333333336 0.24375
0 0.8760416666666667 0.43984375 0.24791666666666667 0.1890625
0 0.784375 0.6078125 0.43125 0.28125
1 0.8270833333333333 0.85234375 0.3458333333333333 0.2671875
1 0.5322916666666667 0.93203125 0.38958333333333334 0.1359375
1 0.20729166666666668 0.909375 0.30625 0.18125
1 0.47604166666666664 0.76484375 0.47291666666666665 0.309375
1 0.403125 0.55 0.38958333333333334 0.2390625
1 0.634375 0.421875 0.3458333333333333 0.2296875
1 0.16458333333333333 0.71953125 0.29583333333333334 0.2515625
1 0.13333333333333333 0.52421875 0.26666666666666666 0.2046875
1 0.10208333333333333 0.36171875 0.20416666666666666 0.2015625
1 0.2916666666666667 0.11171875 0.17083333333333334 0.146875
1 0.33229166666666665 0.20859375 0.24375 0.121875
1 0.43645833333333334 0.1109375 0.19791666666666666 0.1421875
1 0.5708333333333333 0.165625 0.21666666666666667 0.1484375
1 0.7104166666666667 0.06796875 0.225 0.109375
0 0.7916666666666666 0.1390625 0.2708333333333333 0.1265625
1 0.55625 0.28203125 0.2125 0.134375