1 0.22083333333333333 0.54453125 0.41041666666666665 0.290625
1 0.6041666666666666 0.7609375 0.5729166666666666 0.4109375
0 0.709375 0.48828125 0.3854166666666667 0.23125
0 0.26145833333333335 0.2453125 0.21041666666666667 0.1515625
1 0.425 0.37421875 0.3 0.203125
1 0.11770833333333333 0.39296875 0.23125 0.16875
1 0.08125 0.2625 0.14791666666666667 0.121875
1 0.125 0.09921875 0.16666666666666666 0.1453125
1 0.309375 0.10703125 0.22291666666666668 0.134375
1 0.5041666666666667 0.1859375 0.22291666666666668 0.1671875
1 0.6791666666666667 0.2796875 0.2520833333333333 0.1859375
1 0.9385416666666667 0.48125 0.12291666666666666 0.203125
1 0.9229166666666667 0.684375 0.14375 0.19375
1 0.9208333333333333 0.9234375 0.125 0.153125
1 0.07083333333333333 0.846875 0.14166666666666666 0.2875
1 0.275 0.84453125 0.3416666666666667 0.2859375
1 0.47604166666666664 0.07734375 0.16666666666666666 0.10625
1 0.6479166666666667 0.10546875 0.14791666666666667 0.1375
1 0.8510416666666667 0.159375 0.17291666666666666 0.109375
1 0.8052083333333333 0.2234375 0.15833333333333333 0.1078125
1 0.9520833333333333 0.28984375 0.09583333333333334 0.1015625