1 0.3541666666666667 0.1 0.31666666666666665 0.2
1 0.4791666666666667 0.2265625 0.3 0.1984375
1 0.7302083333333333 0.259375 0.30625 0.221875
1 0.9520833333333333 0.1328125 0.09583333333333334 0.153125
1 0.9145833333333333 0.2328125 0.17083333333333334 0.1875
1 0.8822916666666667 0.43671875 0.23541666666666666 0.2296875
1 0.6697916666666667 0.41796875 0.30833333333333335 0.2140625
1 0.4427083333333333 0.36875 0.2833333333333333 0.2296875
1 0.23645833333333333 0.29609375 0.30625 0.2171875
1 0.16145833333333334 0.4890625 0.2833333333333333 0.2296875
1 0.39375 0.5421875 0.325 0.228125
1 0.6635416666666667 0.596875 0.31875 0.24375
1 0.8760416666666667 0.6234375 0.24375 0.2109375
1 0.8052083333333333 0.82109375 0.28958333333333336 0.253125
1 0.575 0.80078125 0.32083333333333336 0.2515625
1 0.33541666666666664 0.73359375 0.3020833333333333 0.2390625
1 0.11770833333333333 0.6859375 0.23541666666666666 0.2375