0 0.16458333333333333 0.7609375 0.32916666666666666 0.353125
0 0.49375 0.3265625 0.35833333333333334 0.2203125
0 0.7708333333333334 0.646875 0.21875 0.225
0 0.5166666666666667 0.0953125 0.23541666666666666 0.190625
0 0.7541666666666667 0.084375 0.19791666666666666 0.16875
1 0.9104166666666667 0.1921875 0.17916666666666667 0.1640625
1 0.9166666666666666 0.0515625 0.10208333333333333 0.103125
1 0.33125 0.0625 0.175 0.125
0 0.09375 0.1859375 0.1875 0.146875
1 0.18958333333333333 0.365625 0.3020833333333333 0.21875
0 0.075 0.46875 0.14791666666666667 0.2640625
1 0.2875 0.6390625 0.22708333333333333 0.209375
0 0.5833333333333334 0.84375 0.43125 0.3125
0 0.88125 0.9078125 0.23541666666666666 0.1828125
1 0.7645833333333333 0.4203125 0.20208333333333334 0.1984375
1 0.8708333333333333 0.346875 0.19583333333333333 0.14375
1 0.9458333333333333 0.4890625 0.10625 0.1875