0 0.37916666666666665 0.58203125 0.4875 0.290625
0 0.146875 0.55234375 0.29375 0.2265625
0 0.275 0.34140625 0.29583333333333334 0.24375
0 0.5583333333333333 0.3328125 0.375 0.290625
0 0.7479166666666667 0.51640625 0.325 0.2796875
0 0.07395833333333333 0.43203125 0.14791666666666667 0.1390625
1 0.165625 0.1515625 0.3145833333333333 0.21875
1 0.38958333333333334 0.14375 0.22083333333333333 0.178125
1 0.59375 0.1515625 0.26458333333333334 0.1609375
1 0.8270833333333333 0.090625 0.23958333333333334 0.178125
1 0.73125 0.221875 0.25625 0.146875
1 0.8458333333333333 0.28046875 0.26875 0.2125
1 0.83125 0.75078125 0.3375 0.3015625
1 0.5625 0.75234375 0.30833333333333335 0.215625
1 0.26666666666666666 0.7703125 0.43333333333333335 0.29375