0 0.3645833333333333 0.3375 0.4 0.296875
0 0.775 0.0703125 0.28125 0.140625
0 0.69375 0.428125 0.3729166666666667 0.20625
0 0.38958333333333334 0.5828125 0.37916666666666665 0.228125
1 0.7333333333333333 0.6984375 0.47291666666666665 0.41875
1 0.3458333333333333 0.8578125 0.5833333333333334 0.284375
1 0.9354166666666667 0.415625 0.12916666666666668 0.2359375
1 0.8354166666666667 0.2515625 0.32708333333333334 0.1765625
0 0.9416666666666667 0.115625 0.11666666666666667 0.2296875
1 0.6020833333333333 0.290625 0.2 0.128125
1 0.6395833333333333 0.134375 0.17291666666666666 0.1890625
0 0.4166666666666667 0.1078125 0.35208333333333336 0.2140625
0 0.08333333333333333 0.1015625 0.16666666666666666 0.084375
0 0.21875 0.065625 0.20625 0.1296875
1 0.12083333333333333 0.21875 0.24166666666666667 0.1828125
1 0.08958333333333333 0.3375 0.17916666666666667 0.1140625
0 0.09166666666666666 0.496875 0.18333333333333332 0.2109375