0 0.7072916666666667 0.25 0.5854166666666667 0.428125
1 0.5322916666666667 0.453125 0.40208333333333335 0.2359375
1 0.2520833333333333 0.31484375 0.41875 0.2640625
1 0.2125 0.13359375 0.31666666666666665 0.2671875
1 0.45416666666666666 0.18125 0.32083333333333336 0.290625
1 0.8541666666666666 0.46171875 0.2916666666666667 0.2859375
1 0.859375 0.6921875 0.25625 0.271875
1 0.6104166666666667 0.6703125 0.4395833333333333 0.3171875
1 0.7083333333333334 0.88125 0.45 0.2375
1 0.271875 0.5796875 0.4666666666666667 0.3234375
1 0.36666666666666664 0.8328125 0.38958333333333334 0.303125
1 0.16145833333333334 0.7984375 0.3229166666666667 0.35
1 0.10416666666666667 0.48046875 0.20833333333333334 0.2984375
1 0.9697916666666667 0.20234375 0.06041666666666667 0.2234375
1 0.6447916666666667 0.04765625 0.33958333333333335 0.0953125
1 0.915625 0.08984375 0.16875 0.1046875