1 0.26875 0.2125 0.3541666666666667 0.171875
1 0.6541666666666667 0.284375 0.375 0.2265625
1 0.34791666666666665 0.4046875 0.35 0.2125
1 0.7041666666666667 0.5109375 0.45208333333333334 0.2734375
1 0.33125 0.640625 0.37916666666666665 0.2828125
0 0.61875 0.8078125 0.4041666666666667 0.3296875
1 0.9020833333333333 0.73125 0.19583333333333333 0.375
0 0.125 0.5515625 0.25 0.2265625
1 0.1 0.8015625 0.19791666666666666 0.221875
1 0.34791666666666665 0.94375 0.3020833333333333 0.1109375
1 0.8729166666666667 0.946875 0.2520833333333333 0.10625
1 0.10416666666666667 0.9421875 0.20833333333333334 0.115625