1 0.5729166666666666 0.23515625 0.29375 0.19375
1 0.8177083333333334 0.20546875 0.2125 0.1390625
1 0.8208333333333333 0.290625 0.22083333333333333 0.1484375
1 0.9104166666666667 0.39921875 0.17916666666666667 0.1984375
1 0.7072916666666667 0.35546875 0.26666666666666666 0.1890625
1 0.8447916666666667 0.4765625 0.2916666666666667 0.1890625
1 0.796875 0.62578125 0.35208333333333336 0.2484375
1 0.5395833333333333 0.6328125 0.3458333333333333 0.271875
1 0.578125 0.440625 0.3458333333333333 0.246875
1 0.4197916666666667 0.303125 0.25 0.1515625
1 0.27708333333333335 0.3921875 0.36041666666666666 0.2453125
1 0.23854166666666668 0.565625 0.3729166666666667 0.2640625
1 0.0875 0.73671875 0.175 0.2703125
1 0.5854166666666667 0.9171875 0.35833333333333334 0.165625
1 0.31666666666666665 0.915625 0.3541666666666667 0.16875
1 0.10416666666666667 0.875 0.20833333333333334 0.165625