0 0.4479166666666667 0.15625 0.41041666666666665 0.296875
0 0.5479166666666667 0.4359375 0.53125 0.309375
0 0.40208333333333335 0.8421875 0.49583333333333335 0.3140625
1 0.15833333333333333 0.390625 0.31666666666666665 0.334375
1 0.32916666666666666 0.621875 0.3375 0.2
1 0.7208333333333333 0.6484375 0.38958333333333334 0.2640625
1 0.80625 0.890625 0.3854166666666667 0.21875
0 0.11041666666666666 0.8328125 0.22083333333333333 0.3328125
1 0.8604166666666667 0.490625 0.27708333333333335 0.1953125
1 0.75625 0.3 0.2708333333333333 0.21875
1 0.7291666666666666 0.1421875 0.1625 0.15625
1 0.9020833333333333 0.1796875 0.19583333333333333 0.15625
1 0.21041666666666667 0.0859375 0.25416666666666665 0.15