1 0.21666666666666667 0.7515625 0.3854166666666667 0.296875
1 0.5979166666666667 0.75 0.38958333333333334 0.321875
1 0.875 0.70625 0.24791666666666667 0.2890625
1 0.17916666666666667 0.5859375 0.19166666666666668 0.0984375
1 0.37916666666666665 0.58125 0.20208333333333334 0.1328125
1 0.625 0.5921875 0.25416666666666665 0.109375
1 0.825 0.478125 0.225 0.1546875
1 0.5854166666666667 0.465625 0.23958333333333334 0.140625
1 0.39166666666666666 0.453125 0.17916666666666667 0.1234375
1 0.17083333333333334 0.465625 0.2 0.125
1 0.225 0.3484375 0.18541666666666667 0.146875
1 0.4083333333333333 0.334375 0.19375 0.1296875
1 0.6 0.3375 0.1875 0.1234375
1 0.7979166666666667 0.3484375 0.23125 0.1328125
1 0.7916666666666666 0.246875 0.22083333333333333 0.1140625
1 0.5958333333333333 0.2296875 0.17708333333333334 0.1046875
1 0.425 0.2296875 0.19791666666666666 0.1125
1 0.25833333333333336 0.23125 0.17916666666666667 0.1109375
1 0.28125 0.1453125 0.16041666666666668 0.0890625
1 0.4375 0.1359375 0.15625 0.0765625
1 0.59375 0.134375 0.18333333333333332 0.10625
1 0.7708333333333334 0.1453125 0.20625 0.1078125