0 0.28125 0.3671875 0.425 0.2703125
1 0.6604166666666667 0.34375 0.39166666666666666 0.35
1 0.9083333333333333 0.3859375 0.18125 0.3453125
1 0.95 0.7203125 0.09791666666666667 0.3125
1 0.7791666666666667 0.9125 0.38958333333333334 0.1734375
1 0.31875 0.8578125 0.5291666666666667 0.284375
1 0.6708333333333333 0.65625 0.5833333333333334 0.371875
1 0.21041666666666667 0.6203125 0.42083333333333334 0.2984375
1 0.10416666666666667 0.178125 0.20625 0.2953125
1 0.07708333333333334 0.4390625 0.15416666666666667 0.2171875
1 0.07083333333333333 0.875 0.13958333333333334 0.2484375