1 0.325 0.5953125 0.35625 0.284375
1 0.6625 0.56640625 0.37083333333333335 0.3109375
1 0.896875 0.6765625 0.20625 0.31875
1 0.8958333333333334 0.89296875 0.20833333333333334 0.1828125
1 0.5875 0.840625 0.48333333333333334 0.31875
1 0.21354166666666666 0.8265625 0.3875 0.284375
1 0.15833333333333333 0.3984375 0.31666666666666665 0.259375
1 0.45416666666666666 0.36640625 0.32708333333333334 0.253125
1 0.6885416666666667 0.26171875 0.3020833333333333 0.234375
1 0.875 0.415625 0.25 0.2375
1 0.903125 0.228125 0.15833333333333333 0.1640625
1 0.7875 0.09140625 0.2916666666666667 0.1828125
1 0.43333333333333335 0.13046875 0.375 0.2609375
1 0.159375 0.16796875 0.31875 0.2546875