0 0.7635416666666667 0.3703125 0.3458333333333333 0.234375
0 0.46875 0.31875 0.3229166666666667 0.25625
0 0.29791666666666666 0.43515625 0.3104166666666667 0.221875
0 0.659375 0.559375 0.275 0.225
0 0.7229166666666667 0.790625 0.525 0.4078125
0 0.346875 0.7421875 0.3416666666666667 0.3078125
0 0.128125 0.61015625 0.25625 0.2640625
1 0.8958333333333334 0.5453125 0.20833333333333334 0.203125
0 0.534375 0.9296875 0.41458333333333336 0.140625
1 0.17395833333333333 0.87578125 0.34791666666666665 0.2234375
1 0.44895833333333335 0.58203125 0.2 0.1625
1 0.6072916666666667 0.15625 0.19166666666666668 0.15
1 0.7864583333333334 0.21796875 0.22291666666666668 0.1578125
1 0.9395833333333333 0.34921875 0.12083333333333333 0.1828125
1 0.9489583333333333 0.09453125 0.10208333333333333 0.1234375
1 0.8229166666666666 0.096875 0.22291666666666668 0.1390625
1 0.6270833333333333 0.0578125 0.2125 0.1140625
1 0.43854166666666666 0.06875 0.23958333333333334 0.1375
1 0.39375 0.16796875 0.225 0.11875
1 0.31145833333333334 0.27734375 0.1375 0.1390625