0 0.3416666666666667 0.503125 0.3145833333333333 0.203125
0 0.39375 0.6953125 0.3020833333333333 0.196875
0 0.58125 0.521875 0.20416666666666666 0.2
0 0.11041666666666666 0.4671875 0.18541666666666667 0.1390625
0 0.15208333333333332 0.3359375 0.13333333333333333 0.10625
0 0.46458333333333335 0.315625 0.23125 0.121875
1 0.83125 0.359375 0.32083333333333336 0.2
1 0.83125 0.5546875 0.30625 0.203125
1 0.6979166666666666 0.74375 0.32916666666666666 0.265625
1 0.4979166666666667 0.90625 0.3770833333333333 0.1859375
1 0.21041666666666667 0.8953125 0.25416666666666665 0.2078125
1 0.13125 0.6953125 0.2625 0.25625
1 0.2791666666666667 0.371875 0.15833333333333333 0.11875
1 0.29375 0.2484375 0.22083333333333333 0.1078125
1 0.035416666666666666 0.5359375 0.06875 0.140625
0 0.04791666666666667 0.871875 0.09375 0.140625