1 0.2708333333333333 0.16875 0.32708333333333334 0.190625
1 0.6 0.2140625 0.31875 0.1765625
1 0.6083333333333333 0.4 0.32083333333333336 0.28125
1 0.3125 0.3640625 0.3333333333333333 0.2359375
1 0.08958333333333333 0.328125 0.17708333333333334 0.19375
1 0.04375 0.178125 0.0875 0.115625
1 0.15 0.5421875 0.3 0.25625
1 0.46041666666666664 0.628125 0.3625 0.321875
1 0.8270833333333333 0.5578125 0.30625 0.234375
1 0.8770833333333333 0.753125 0.24583333333333332 0.3140625
0 0.6979166666666666 0.8625 0.45 0.275
1 0.1875 0.825 0.375 0.3234375