0 0.18541666666666667 0.74140625 0.37083333333333335 0.2953125
0 0.09791666666666667 0.21328125 0.18333333333333332 0.1015625
0 0.09166666666666666 0.33515625 0.16041666666666668 0.20625
0 0.4197916666666667 0.35390625 0.14166666666666666 0.090625
1 0.28020833333333334 0.3828125 0.23125 0.1625
1 0.40520833333333334 0.4453125 0.16666666666666666 0.096875
1 0.371875 0.528125 0.2708333333333333 0.10625
1 0.3729166666666667 0.6625 0.23958333333333334 0.215625
1 0.5895833333333333 0.5890625 0.24166666666666667 0.16875
1 0.6177083333333333 0.4515625 0.24166666666666667 0.109375
1 0.8375 0.575 0.2625 0.2171875
0 0.5739583333333333 0.36171875 0.17291666666666666 0.096875
0 0.8020833333333334 0.41171875 0.19583333333333333 0.1609375
0 0.8552083333333333 0.2765625 0.15 0.090625
0 0.7270833333333333 0.3140625 0.17916666666666667 0.121875
1 0.428125 0.29296875 0.15208333333333332 0.096875
1 0.609375 0.2875 0.12291666666666666 0.0953125
1 0.9104166666666667 0.34609375 0.15208333333333332 0.0796875
1 0.9520833333333333 0.44453125 0.09583333333333334 0.1234375
0 0.590625 0.825 0.2833333333333333 0.15625
1 0.43125 0.90546875 0.4875 0.1890625