0 0.48125 0.6765625 0.4479166666666667 0.315625
0 0.6833333333333333 0.4546875 0.3 0.2140625
0 0.5354166666666667 0.334375 0.22916666666666666 0.1890625
0 0.5229166666666667 0.1984375 0.20208333333333334 0.0875
0 0.3020833333333333 0.2359375 0.14791666666666667 0.109375
0 0.32708333333333334 0.3515625 0.19791666666666666 0.165625
0 0.30833333333333335 0.1203125 0.21875 0.1453125
0 0.14375 0.1953125 0.20208333333333334 0.1125
0 0.09166666666666666 0.29375 0.18125 0.1109375
0 0.14166666666666666 0.41875 0.2604166666666667 0.15625
0 0.12083333333333333 0.5875 0.23958333333333334 0.215625