1 0.6322916666666667 0.315625 0.23125 0.1359375
1 0.6875 0.4421875 0.31875 0.1828125
1 0.7677083333333333 0.5875 0.33541666666666664 0.190625
1 0.7104166666666667 0.72890625 0.31666666666666665 0.2
1 0.48541666666666666 0.7421875 0.25625 0.19375
1 0.3385416666666667 0.59296875 0.27291666666666664 0.1859375
1 0.46458333333333335 0.45703125 0.2625 0.1609375
1 0.425 0.321875 0.2625 0.165625
1 0.2635416666666667 0.23359375 0.2125 0.128125
1 0.11041666666666666 0.23984375 0.18125 0.1109375
1 0.23645833333333333 0.3421875 0.23333333333333334 0.14375
1 0.203125 0.4578125 0.25 0.14375
1 0.12395833333333334 0.6078125 0.24791666666666667 0.175
1 0.24479166666666666 0.7703125 0.29791666666666666 0.234375
1 0.08020833333333334 0.77734375 0.16041666666666668 0.2140625
1 0.08125 0.35703125 0.15208333333333332 0.175
1 0.06041666666666667 0.49453125 0.12083333333333333 0.1171875