1 0.48333333333333334 0.634375 0.38333333333333336 0.3015625
1 0.8010416666666667 0.6109375 0.33541666666666664 0.265625
1 0.6 0.40390625 0.30833333333333335 0.19375
1 0.27708333333333335 0.44296875 0.26666666666666666 0.2171875
1 0.31875 0.2390625 0.3645833333333333 0.2171875
1 0.671875 0.265625 0.27708333333333335 0.1546875
1 0.8520833333333333 0.41171875 0.29583333333333334 0.2109375
1 0.90625 0.27109375 0.1875 0.1578125
1 0.8020833333333334 0.1515625 0.18541666666666667 0.13125
1 0.48020833333333335 0.12421875 0.33541666666666664 0.2296875
1 0.834375 0.06796875 0.225 0.125