0 0.7520833333333333 0.4296875 0.4 0.2796875
0 0.7854166666666667 0.64453125 0.3729166666666667 0.2546875
0 0.521875 0.79921875 0.5166666666666667 0.3875
0 0.21666666666666667 0.39453125 0.39375 0.275
1 0.49166666666666664 0.5609375 0.3645833333333333 0.2484375
1 0.20520833333333333 0.61875 0.41041666666666665 0.275
1 0.16875 0.8234375 0.3375 0.3
1 0.7989583333333333 0.88125 0.2520833333333333 0.2375
1 0.484375 0.384375 0.2604166666666667 0.18125
1 0.315625 0.27109375 0.25833333333333336 0.146875
1 0.3614583333333333 0.17578125 0.23125 0.1703125
1 0.5083333333333333 0.19140625 0.24166666666666667 0.1953125
1 0.60625 0.28359375 0.24166666666666667 0.159375
1 0.8041666666666667 0.23203125 0.22083333333333333 0.1234375
0 0.840625 0.32890625 0.2875 0.1734375
0 0.04583333333333333 0.5359375 0.09166666666666666 0.175