1 0.42083333333333334 0.375 0.24166666666666667 0.15625
1 0.6875 0.4703125 0.26875 0.1875
1 0.88125 0.55 0.23541666666666666 0.2421875
1 0.5416666666666666 0.6296875 0.3104166666666667 0.234375
1 0.7458333333333333 0.690625 0.23541666666666666 0.1984375
1 0.9291666666666667 0.7578125 0.14166666666666666 0.1828125
1 0.8229166666666666 0.8890625 0.22916666666666666 0.221875
0 0.58125 0.88125 0.32083333333333336 0.2375
1 0.3333333333333333 0.715625 0.16875 0.1671875
1 0.3125 0.5203125 0.24583333333333332 0.16875
1 0.12916666666666668 0.6375 0.25833333333333336 0.2125
1 0.09583333333333334 0.5171875 0.18958333333333333 0.059375
1 0.20208333333333334 0.434375 0.1625 0.090625
1 0.09375 0.44375 0.11875 0.0640625
1 0.11458333333333333 0.340625 0.16875 0.1109375
1 0.53125 0.3046875 0.15625 0.1
1 0.6916666666666667 0.325 0.22916666666666666 0.1390625
1 0.89375 0.3734375 0.21041666666666667 0.146875
1 0.8625 0.24375 0.23333333333333334 0.1453125
1 0.6520833333333333 0.21875 0.18541666666666667 0.1046875
1 0.5833333333333334 0.0671875 0.18541666666666667 0.13125
1 0.4979166666666667 0.1640625 0.08333333333333333 0.08125
1 0.5708333333333333 0.1828125 0.125 0.0734375
1 0.47291666666666665 0.25 0.15 0.0640625
1 0.4375 0.203125 0.13333333333333333 0.05625
1 0.25 0.3609375 0.11666666666666667 0.0546875