1 0.4479166666666667 0.140625 0.2625 0.15
0 0.39791666666666664 0.29453125 0.29583333333333334 0.1828125
1 0.584375 0.28046875 0.15833333333333333 0.1484375
1 0.32916666666666666 0.4390625 0.23958333333333334 0.153125
1 0.5166666666666667 0.43671875 0.18541666666666667 0.153125
1 0.6520833333333333 0.4046875 0.1625 0.1359375
1 0.3416666666666667 0.68125 0.225 0.140625
1 0.5739583333333333 0.63515625 0.21458333333333332 0.146875
1 0.809375 0.62890625 0.20208333333333334 0.13125
1 0.7927083333333333 0.725 0.19166666666666668 0.1328125
1 0.940625 0.63125 0.11875 0.109375
1 0.9354166666666667 0.7296875 0.12916666666666668 0.121875
0 0.921875 0.859375 0.15625 0.184375
0 0.6052083333333333 0.78515625 0.23958333333333334 0.1734375
0 0.8 0.9078125 0.25416666666666665 0.171875
0 0.7385416666666667 0.95546875 0.2625 0.0796875
1 0.43645833333333334 0.84375 0.25833333333333336 0.16875
1 0.33541666666666664 0.9421875 0.21666666666666667 0.115625