1 0.20208333333333334 0.1546875 0.4041666666666667 0.2875
1 0.5895833333333333 0.11328125 0.30416666666666664 0.2265625
1 0.48333333333333334 0.26640625 0.375 0.234375
1 0.8072916666666666 0.20859375 0.25416666666666665 0.20625
1 0.22604166666666667 0.35390625 0.32916666666666666 0.1953125
1 0.13333333333333333 0.4625 0.26666666666666666 0.2625
1 0.39166666666666666 0.51484375 0.325 0.196875
1 0.6354166666666666 0.42734375 0.2916666666666667 0.2078125
1 0.8572916666666667 0.37734375 0.2791666666666667 0.2234375
1 0.19791666666666666 0.68671875 0.30833333333333335 0.21875
1 0.47291666666666665 0.7171875 0.3770833333333333 0.2640625
1 0.7635416666666667 0.6234375 0.35 0.2546875
1 0.915625 0.5734375 0.16875 0.24375
1 0.93125 0.78984375 0.1375 0.2921875
1 0.7875 0.84375 0.41458333333333336 0.29375
1 0.47604166666666664 0.8984375 0.40625 0.203125
1 0.196875 0.884375 0.29375 0.23125