0 0.5010416666666667 0.6171875 0.32916666666666666 0.23125
0 0.8614583333333333 0.29921875 0.27708333333333335 0.2296875
0 0.60625 0.23828125 0.2520833333333333 0.2359375
0 0.31979166666666664 0.465625 0.3104166666666667 0.275
0 0.240625 0.21171875 0.2125 0.159375
0 0.13125 0.08125 0.22083333333333333 0.1625
0 0.078125 0.2125 0.13333333333333333 0.128125
0 0.11354166666666667 0.37421875 0.22083333333333333 0.21875
0 0.83125 0.525 0.3375 0.28125
0 0.390625 0.3046875 0.2875 0.1578125
1 0.42083333333333334 0.15078125 0.21666666666666667 0.1640625