1 0.4010416666666667 0.33984375 0.37083333333333335 0.2359375
1 0.5635416666666667 0.2609375 0.25 0.184375
1 0.7239583333333334 0.35859375 0.32083333333333336 0.21875
1 0.9177083333333333 0.36171875 0.16458333333333333 0.1828125
1 0.9052083333333333 0.615625 0.18958333333333333 0.265625
1 0.6583333333333333 0.56015625 0.41041666666666665 0.2578125
1 0.39479166666666665 0.53046875 0.2708333333333333 0.2140625
1 0.60625 0.8171875 0.525 0.365625
1 0.22395833333333334 0.7296875 0.39791666666666664 0.2765625
1 0.11041666666666666 0.55859375 0.22083333333333333 0.2640625
1 0.15729166666666666 0.37421875 0.3 0.196875
1 0.28020833333333334 0.5828125 0.18958333333333333 0.1140625
1 0.18541666666666667 0.91015625 0.3333333333333333 0.1515625
1 0.058333333333333334 0.7703125 0.11666666666666667 0.21875
1 0.46041666666666664 0.14609375 0.20833333333333334 0.1484375
1 0.6895833333333333 0.16953125 0.225 0.1703125
1 0.8229166666666666 0.95 0.1875 0.1
1 0.171875 0.26796875 0.15208333333333332 0.1
1 0.309375 0.22265625 0.1625 0.096875
1 0.3416666666666667 0.1328125 0.12916666666666668 0.103125
1 0.20833333333333334 0.18203125 0.16041666666666668 0.0953125