0 0.4875 0.69921875 0.5208333333333334 0.4015625
0 0.3572916666666667 0.31796875 0.4 0.303125
1 0.6822916666666666 0.5046875 0.45208333333333334 0.3046875
1 0.9229166666666667 0.584375 0.15416666666666667 0.284375
1 0.7729166666666667 0.8328125 0.3875 0.334375
1 0.33541666666666664 0.853125 0.41041666666666665 0.271875
1 0.146875 0.85234375 0.29375 0.2515625
1 0.1375 0.6046875 0.275 0.290625
1 0.109375 0.30703125 0.17083333333333334 0.15625
1 0.128125 0.1703125 0.1625 0.1421875
1 0.371875 0.09765625 0.36041666666666666 0.1953125
1 0.7395833333333334 0.11015625 0.3333333333333333 0.1859375
1 0.85 0.284375 0.3 0.31875
1 0.615625 0.29765625 0.22083333333333333 0.2078125
1 0.13541666666666666 0.0546875 0.12916666666666668 0.103125