0 0.18125 0.678125 0.3229166666666667 0.209375
0 0.18125 0.8859375 0.27291666666666664 0.228125
0 0.42083333333333334 0.5296875 0.30416666666666664 0.1828125
0 0.5645833333333333 0.0765625 0.21041666666666667 0.153125
0 0.925 0.1609375 0.15 0.11875
1 0.5125 0.7265625 0.32916666666666666 0.271875
1 0.4666666666666667 0.9140625 0.33958333333333335 0.1703125
1 0.8104166666666667 0.91875 0.36875 0.1625
0 0.8291666666666667 0.75625 0.3 0.2328125
1 0.6958333333333333 0.5359375 0.2625 0.2
1 0.40208333333333335 0.3921875 0.22291666666666668 0.1328125
1 0.6229166666666667 0.390625 0.20416666666666666 0.128125
1 0.89375 0.3703125 0.21041666666666667 0.21875
1 0.9083333333333333 0.55625 0.18125 0.221875
1 0.7979166666666667 0.26875 0.19166666666666668 0.14375
1 0.5541666666666667 0.246875 0.24583333333333332 0.1984375
1 0.7479166666666667 0.1609375 0.15833333333333333 0.09375
1 0.8083333333333333 0.053125 0.14166666666666666 0.1046875
1 0.9354166666666667 0.0640625 0.12916666666666668 0.128125
1 0.6833333333333333 0.075 0.11458333333333333 0.1484375
1 0.44166666666666665 0.0765625 0.10416666666666667 0.1359375
1 0.4 0.290625 0.0875 0.078125