1 0.29583333333333334 0.30703125 0.18333333333333332 0.11875
1 0.42916666666666664 0.28828125 0.16875 0.10625
1 0.565625 0.2765625 0.18125 0.1203125
1 0.73125 0.2625 0.21041666666666667 0.1296875
1 0.26458333333333334 0.3875 0.16875 0.128125
1 0.440625 0.3734375 0.21041666666666667 0.1359375
1 0.6145833333333334 0.36953125 0.21875 0.1421875
1 0.7916666666666666 0.35859375 0.20833333333333334 0.1375
1 0.2520833333333333 0.50234375 0.225 0.15
1 0.44895833333333335 0.47421875 0.20625 0.121875
1 0.6375 0.46796875 0.22291666666666668 0.1375
1 0.8239583333333333 0.45625 0.2375 0.140625
0 0.23958333333333334 0.63515625 0.28125 0.1859375
1 0.45416666666666666 0.60390625 0.23333333333333334 0.1765625
1 0.6552083333333333 0.5984375 0.2708333333333333 0.1828125
1 0.88125 0.5953125 0.2375 0.19375
1 0.20208333333333334 0.78671875 0.2375 0.165625
1 0.46145833333333336 0.7671875 0.28541666666666665 0.1796875
1 0.6989583333333333 0.75234375 0.2520833333333333 0.146875
1 0.9072916666666667 0.7375 0.18541666666666667 0.140625
1 0.365625 0.89921875 0.41875 0.2015625
1 0.7541666666666667 0.87890625 0.48125 0.240625