0 0.390625 0.109375 0.2708333333333333 0.18125
0 0.3 0.42109375 0.26875 0.1828125
0 0.228125 0.5625 0.3229166666666667 0.1859375
0 0.05 0.5484375 0.1 0.140625
1 0.165625 0.13515625 0.22708333333333333 0.184375
1 0.11770833333333333 0.28359375 0.23541666666666666 0.1921875
1 0.096875 0.43125 0.19375 0.153125
1 0.546875 0.44453125 0.24791666666666667 0.175
1 0.5510416666666667 0.60078125 0.31666666666666665 0.15625
0 0.5927083333333333 0.28046875 0.27708333333333335 0.209375
1 0.35520833333333335 0.26796875 0.2791666666666667 0.1796875
1 0.6135416666666667 0.0953125 0.26875 0.190625