0 0.371875 0.63828125 0.40208333333333335 0.2703125
0 0.390625 0.8765625 0.46458333333333335 0.246875
0 0.6802083333333333 0.77734375 0.41875 0.284375
1 0.7447916666666666 0.92578125 0.33958333333333335 0.1484375
1 0.584375 0.55703125 0.3 0.2015625
1 0.6552083333333333 0.43515625 0.3 0.23125
1 0.5354166666666667 0.296875 0.24583333333333332 0.1953125
1 0.47291666666666665 0.18203125 0.21458333333333332 0.1203125
1 0.40520833333333334 0.0703125 0.25625 0.140625
1 0.2677083333333333 0.128125 0.21666666666666667 0.1375
1 0.284375 0.2640625 0.3125 0.2296875
1 0.11145833333333334 0.18984375 0.12083333333333333 0.1484375
1 0.18541666666666667 0.3921875 0.37083333333333335 0.296875
1 0.12916666666666668 0.66796875 0.25833333333333336 0.3703125
1 0.15520833333333334 0.0453125 0.12708333333333333 0.090625
1 0.24895833333333334 0.025 0.13958333333333334 0.05
1 0.184375 0.0953125 0.15833333333333333 0.10625