0 0.80625 0.49375 0.3875 0.259375
0 0.5010416666666667 0.4796875 0.3020833333333333 0.2453125
0 0.328125 0.3546875 0.2708333333333333 0.21875
0 0.4635416666666667 0.1640625 0.31666666666666665 0.265625
0 0.6614583333333334 0.2015625 0.2125 0.15625
0 0.13333333333333333 0.42578125 0.26666666666666666 0.1640625
0 0.184375 0.5828125 0.36875 0.221875
0 0.19479166666666667 0.8203125 0.38958333333333334 0.29375
0 0.48541666666666666 0.90859375 0.38333333333333336 0.1828125
1 0.621875 0.703125 0.39375 0.3375
1 0.8583333333333333 0.89375 0.2 0.2125
1 0.871875 0.71328125 0.22291666666666668 0.1953125
1 0.809375 0.29375 0.26875 0.1859375
1 0.5708333333333333 0.3375 0.24791666666666667 0.1421875
1 0.9625 0.32265625 0.075 0.2296875
1 0.9010416666666666 0.140625 0.19791666666666666 0.196875
1 0.75 0.0875 0.22916666666666666 0.1453125
1 0.051041666666666666 0.696875 0.10208333333333333 0.175