0 0.4822916666666667 0.69296875 0.4354166666666667 0.390625
0 0.19791666666666666 0.50078125 0.3958333333333333 0.2609375
0 0.46458333333333335 0.21328125 0.24583333333333332 0.1921875
0 0.14583333333333334 0.29375 0.26875 0.165625
1 0.6552083333333333 0.4734375 0.3541666666666667 0.240625
1 0.8166666666666667 0.8046875 0.33958333333333335 0.3296875
1 0.8927083333333333 0.565625 0.21458333333333332 0.228125
1 0.9229166666666667 0.3890625 0.15416666666666667 0.16875
1 0.75625 0.30078125 0.30625 0.184375
1 0.8833333333333333 0.21953125 0.225 0.1828125
1 0.6697916666666667 0.1375 0.24166666666666667 0.18125
1 0.3729166666666667 0.07109375 0.2791666666666667 0.1421875
1 0.209375 0.165625 0.2791666666666667 0.15
1 0.090625 0.12421875 0.12708333333333333 0.18125
1 0.14479166666666668 0.04140625 0.21041666666666667 0.0828125
1 0.5354166666666667 0.07734375 0.125 0.1