0 0.45 0.2265625 0.3125 0.2484375
0 0.7364583333333333 0.246875 0.31666666666666665 0.234375
0 0.7 0.4125 0.2875 0.1765625
0 0.8572916666666667 0.540625 0.28541666666666665 0.25625
0 0.8333333333333334 0.8203125 0.3333333333333333 0.33125
0 0.5614583333333333 0.63671875 0.35 0.2765625
0 0.296875 0.403125 0.32916666666666666 0.221875
0 0.21666666666666667 0.5703125 0.33958333333333335 0.240625
1 0.434375 0.859375 0.36041666666666666 0.28125
1 0.9072916666666667 0.36015625 0.17708333333333334 0.1671875
1 0.8979166666666667 0.08671875 0.15833333333333333 0.1734375
1 0.5885416666666666 0.04765625 0.17708333333333334 0.0953125
1 0.7541666666666667 0.0234375 0.175 0.046875
0 0.7739583333333333 0.096875 0.10625 0.09375
1 0.42083333333333334 0.08828125 0.18958333333333333 0.0828125
1 0.4083333333333333 0.028125 0.18958333333333333 0.05625
1 0.23229166666666667 0.04921875 0.21041666666666667 0.084375
1 0.25 0.1453125 0.22916666666666666 0.1515625
1 0.246875 0.246875 0.20208333333333334 0.109375