1 0.434375 0.15390625 0.26458333333333334 0.221875
1 0.6604166666666667 0.2265625 0.32916666666666666 0.2484375
1 0.8791666666666667 0.24609375 0.24166666666666667 0.2546875
1 0.7854166666666667 0.440625 0.42916666666666664 0.3
1 0.4354166666666667 0.3234375 0.30625 0.2453125
1 0.21666666666666667 0.2984375 0.29375 0.2171875
1 0.12395833333333334 0.46171875 0.24791666666666667 0.2046875
1 0.34791666666666665 0.48203125 0.275 0.2125
1 0.55625 0.5875 0.3104166666666667 0.2578125
1 0.7260416666666667 0.7609375 0.425 0.3265625
1 0.47708333333333336 0.86328125 0.43333333333333335 0.2734375
1 0.32395833333333335 0.6859375 0.31875 0.228125
1 0.121875 0.6296875 0.24375 0.19375
1 0.084375 0.7953125 0.16875 0.290625
1 0.21041666666666667 0.9046875 0.3729166666666667 0.1703125