1 0.19375 0.153125 0.3875 0.271875
1 0.528125 0.10625 0.34375 0.2125
1 0.6385416666666667 0.25625 0.425 0.271875
1 0.33645833333333336 0.3375 0.3625 0.26875
1 0.15729166666666666 0.409375 0.3145833333333333 0.28125
1 0.17291666666666666 0.621875 0.3458333333333333 0.28125
1 0.434375 0.53046875 0.4395833333333333 0.275
1 0.7291666666666666 0.425 0.4354166666666667 0.290625
1 0.76875 0.70078125 0.4625 0.4609375
1 0.47604166666666664 0.79609375 0.4979166666666667 0.3828125
1 0.20104166666666667 0.8578125 0.27708333333333335 0.284375