1 0.60625 0.34375 0.31666666666666665 0.2421875
1 0.5760416666666667 0.525 0.29375 0.203125
1 0.3125 0.5796875 0.4083333333333333 0.2359375
0 0.2989583333333333 0.784375 0.39375 0.2265625
0 0.09895833333333333 0.69609375 0.19791666666666666 0.2453125
0 0.115625 0.87890625 0.23125 0.2015625
0 0.7239583333333334 0.28046875 0.20416666666666666 0.175
0 0.5854166666666667 0.1140625 0.20416666666666666 0.175
1 0.7604166666666666 0.134375 0.20625 0.1734375
1 0.39791666666666664 0.10703125 0.22708333333333333 0.1734375
0 0.315625 0.228125 0.23333333333333334 0.14375
1 0.3770833333333333 0.34609375 0.2708333333333333 0.196875
1 0.24791666666666667 0.4265625 0.28541666666666665 0.1625
1 0.07916666666666666 0.4734375 0.15833333333333333 0.240625
1 0.340625 0.9375 0.32708333333333334 0.125
1 0.5177083333333333 0.2125 0.25 0.1390625