0 0.503125 0.825 0.39791666666666664 0.296875
0 0.3416666666666667 0.57578125 0.27708333333333335 0.1546875
0 0.13541666666666666 0.3921875 0.20833333333333334 0.1609375
1 0.375 0.3171875 0.27291666666666664 0.1890625
1 0.3260416666666667 0.19296875 0.20625 0.1546875
1 0.46875 0.1609375 0.14791666666666667 0.09375
1 0.6479166666666667 0.14296875 0.24583333333333332 0.1
1 0.6604166666666667 0.24296875 0.2125 0.109375
1 0.5020833333333333 0.2453125 0.1125 0.0828125
1 0.6895833333333333 0.30546875 0.2604166666666667 0.165625
1 0.8010416666666667 0.45859375 0.30833333333333335 0.2265625
1 0.546875 0.47109375 0.18958333333333333 0.1609375
1 0.353125 0.4609375 0.24791666666666667 0.1171875
1 0.14479166666666668 0.525 0.20833333333333334 0.1125
1 0.134375 0.3 0.15208333333333332 0.059375
1 0.16666666666666666 0.7609375 0.28541666666666665 0.234375
1 0.6510416666666666 0.63046875 0.35 0.25
1 0.8989583333333333 0.7 0.20208333333333334 0.28125
1 0.8177083333333334 0.89296875 0.3541666666666667 0.209375
1 0.35520833333333335 0.9296875 0.2604166666666667 0.140625
1 0.15520833333333334 0.940625 0.2604166666666667 0.11875