0 0.5125 0.56015625 0.24791666666666667 0.1859375
0 0.5208333333333334 0.88671875 0.3375 0.2265625
0 0.3458333333333333 0.76171875 0.22708333333333333 0.1265625
0 0.08125 0.71953125 0.1625 0.1046875
0 0.07395833333333333 0.8359375 0.14791666666666667 0.2
0 0.7041666666666667 0.3796875 0.1375 0.1046875
0 0.8208333333333333 0.4484375 0.21041666666666667 0.13125
1 0.728125 0.5453125 0.19166666666666668 0.153125
1 0.3416666666666667 0.4640625 0.20625 0.1125
1 0.4041666666666667 0.37890625 0.125 0.08125
1 0.434375 0.3015625 0.10416666666666667 0.0609375
1 0.5010416666666667 0.340625 0.09583333333333334 0.059375
1 0.5833333333333334 0.2921875 0.14166666666666666 0.0734375
1 0.5958333333333333 0.41484375 0.22083333333333333 0.1625
1 0.85625 0.6203125 0.18333333333333332 0.1328125
1 0.915625 0.73046875 0.14583333333333334 0.1140625
1 0.815625 0.784375 0.25625 0.175
1 0.9114583333333334 0.9296875 0.12708333333333333 0.140625
1 0.740625 0.896875 0.20208333333333334 0.20625
1 0.23958333333333334 0.8796875 0.275 0.2296875
1 0.26875 0.67890625 0.16041666666666668 0.1328125
1 0.11354166666666667 0.615625 0.22708333333333333 0.14375
1 0.09166666666666666 0.52421875 0.18333333333333332 0.0984375