0 0.6447916666666667 0.6953125 0.36041666666666666 0.2359375
0 0.11770833333333333 0.67578125 0.23541666666666666 0.2265625
1 0.21770833333333334 0.32265625 0.3229166666666667 0.2890625
1 0.49895833333333334 0.4234375 0.3229166666666667 0.2875
1 0.765625 0.5171875 0.325 0.2375
1 0.790625 0.29609375 0.36041666666666666 0.290625
1 0.5104166666666666 0.1875 0.34375 0.2453125
1 0.18229166666666666 0.1203125 0.30416666666666664 0.2109375
1 0.403125 0.04765625 0.29791666666666666 0.0953125
1 0.06875 0.51484375 0.1375 0.1640625
1 0.321875 0.596875 0.32708333333333334 0.2359375
1 0.41354166666666664 0.82421875 0.3416666666666667 0.296875
1 0.7020833333333333 0.8953125 0.35 0.209375
1 0.16770833333333332 0.88125 0.33541666666666664 0.21875