0 0.45 0.2109375 0.34375 0.2140625
0 0.5083333333333333 0.4078125 0.3125 0.1875
1 0.7020833333333333 0.19375 0.2375 0.1734375
1 0.8875 0.1109375 0.20208333333333334 0.1609375
1 0.15625 0.2640625 0.30833333333333335 0.20625
0 0.17291666666666666 0.13125 0.23333333333333334 0.1265625
1 0.125 0.05 0.225 0.0984375
1 0.29791666666666666 0.034375 0.20208333333333334 0.06875
1 0.51875 0.09375 0.17916666666666667 0.1171875
1 0.7541666666666667 0.3484375 0.275 0.2046875
1 0.9104166666666667 0.271875 0.17916666666666667 0.184375
1 0.76875 0.53125 0.3145833333333333 0.178125
1 0.46458333333333335 0.6125 0.30833333333333335 0.25
1 0.2125 0.4796875 0.31666666666666665 0.2140625
1 0.8041666666666667 0.7734375 0.38958333333333334 0.296875
1 0.4875 0.8765625 0.4041666666666667 0.2453125