1 0.44166666666666665 0.55 0.3854166666666667 0.3015625
0 0.3697916666666667 0.78203125 0.43125 0.278125
1 0.7166666666666667 0.8171875 0.3875 0.346875
1 0.871875 0.91953125 0.14791666666666667 0.1609375
0 0.8125 0.603125 0.26458333333333334 0.178125
0 0.60625 0.37890625 0.28958333333333336 0.21875
0 0.8041666666666667 0.090625 0.2 0.1453125
1 0.8947916666666667 0.46328125 0.21041666666666667 0.1703125
1 0.090625 0.8328125 0.18125 0.275
1 0.24895833333333334 0.37890625 0.36041666666666666 0.225
1 0.23229166666666667 0.58359375 0.28125 0.2265625
1 0.06666666666666667 0.584375 0.13333333333333333 0.23125
1 0.0625 0.40625 0.11875 0.1453125
1 0.16354166666666667 0.25 0.2708333333333333 0.165625
0 0.37083333333333335 0.1609375 0.19583333333333333 0.140625
1 0.18125 0.15390625 0.21875 0.1234375
1 0.4270833333333333 0.27578125 0.26458333333333334 0.175
1 0.6770833333333334 0.2390625 0.20625 0.1578125
1 0.7614583333333333 0.40625 0.11875 0.1359375
1 0.8145833333333333 0.2203125 0.175 0.1453125
1 0.90625 0.1703125 0.16875 0.121875
1 0.9791666666666666 0.19375 0.041666666666666664 0.115625
1 0.9520833333333333 0.29296875 0.09583333333333334 0.1015625
1 0.8552083333333333 0.3203125 0.15625 0.0953125
1 0.571875 0.16328125 0.24583333333333332 0.1515625
1 0.440625 0.0640625 0.22708333333333333 0.128125
1 0.2833333333333333 0.04765625 0.17083333333333334 0.0953125
1 0.140625 0.053125 0.15625 0.10625
1 0.5947916666666667 0.04453125 0.15208333333333332 0.0890625
1 0.9135416666666667 0.73203125 0.13333333333333333 0.2