0 0.6333333333333333 0.284375 0.29791666666666666 0.2
0 0.39791666666666664 0.26875 0.22291666666666668 0.2203125
0 0.30416666666666664 0.403125 0.25416666666666665 0.15625
0 0.5375 0.4375 0.24791666666666667 0.1453125
0 0.5 0.5984375 0.37083333333333335 0.275
0 0.3770833333333333 0.8390625 0.3770833333333333 0.2609375
0 0.1125 0.5140625 0.19583333333333333 0.1640625
0 0.2375 0.6046875 0.18125 0.2171875
1 0.10208333333333333 0.746875 0.19791666666666666 0.2140625
1 0.7 0.871875 0.3 0.2546875
1 0.9375 0.9296875 0.12291666666666666 0.134375
1 0.89375 0.7921875 0.125 0.175
1 0.7708333333333334 0.625 0.21666666666666667 0.2421875
0 0.81875 0.428125 0.25416666666666665 0.175
1 0.9229166666666667 0.596875 0.15416666666666667 0.1390625
1 0.90625 0.265625 0.18541666666666667 0.18125
1 0.9166666666666666 0.0890625 0.16458333333333333 0.178125
1 0.7666666666666667 0.1546875 0.15208333333333332 0.1078125
1 0.775 0.053125 0.15625 0.1
1 0.6166666666666667 0.046875 0.1625 0.0921875
1 0.5854166666666667 0.134375 0.17916666666666667 0.1125
1 0.46041666666666664 0.0765625 0.13333333333333333 0.134375