0 0.3625 0.60234375 0.325 0.24375
0 0.6364583333333333 0.796875 0.43125 0.2640625
1 0.6177083333333333 0.4875 0.40208333333333335 0.278125
1 0.9114583333333334 0.4609375 0.17708333333333334 0.20625
1 0.859375 0.33984375 0.23541666666666666 0.15625
1 0.8635416666666667 0.66171875 0.27291666666666664 0.2765625
1 0.925 0.8265625 0.15 0.23125
1 0.821875 0.90625 0.33958333333333335 0.15
1 0.4708333333333333 0.315625 0.2875 0.1890625
1 0.6052083333333333 0.25234375 0.17708333333333334 0.1375
1 0.8 0.2171875 0.28125 0.1796875
1 0.6739583333333333 0.3484375 0.21666666666666667 0.134375
1 0.26979166666666665 0.47578125 0.21041666666666667 0.13125
1 0.3802083333333333 0.7359375 0.28541666666666665 0.1703125
1 0.3770833333333333 0.41875 0.1625 0.13125
1 0.59375 0.65234375 0.31666666666666665 0.1828125