1 0.7041666666666667 0.35859375 0.43333333333333335 0.346875
0 0.23854166666666668 0.29296875 0.4666666666666667 0.29375
0 0.3177083333333333 0.6015625 0.45208333333333334 0.29375
0 0.7822916666666667 0.6984375 0.43125 0.3625
1 0.29791666666666666 0.87421875 0.4791666666666667 0.2515625
1 0.6885416666666667 0.89609375 0.3770833333333333 0.2078125
1 0.5395833333333333 0.059375 0.325 0.11875
1 0.859375 0.10078125 0.28125 0.1921875
1 0.9395833333333333 0.309375 0.12083333333333333 0.26875
1 0.6552083333333333 0.16640625 0.28541666666666665 0.1296875
1 0.09270833333333334 0.115625 0.16041666666666668 0.21875
1 0.20104166666666667 0.08125 0.27708333333333335 0.15625