0 0.5375 0.6640625 0.26666666666666666 0.259375
0 0.5979166666666667 0.37265625 0.24583333333333332 0.2234375
0 0.815625 0.37265625 0.2375 0.2125
0 0.2635416666666667 0.459375 0.23541666666666666 0.1546875
0 0.09270833333333334 0.3859375 0.18541666666666667 0.184375
0 0.48541666666666666 0.48671875 0.22916666666666666 0.121875
0 0.9385416666666667 0.534375 0.12291666666666666 0.2125
0 0.10208333333333333 0.56875 0.20416666666666666 0.196875
0 0.28125 0.65078125 0.29791666666666666 0.23125
0 0.39895833333333336 0.3515625 0.2125 0.15625
0 0.7989583333333333 0.734375 0.35625 0.2671875