1 0.34791666666666665 0.2671875 0.32916666666666666 0.2125
1 0.20416666666666666 0.4171875 0.29375 0.2109375
1 0.38333333333333336 0.5625 0.2708333333333333 0.2171875
1 0.6604166666666667 0.4609375 0.3541666666666667 0.2671875
1 0.9041666666666667 0.546875 0.19166666666666668 0.25
1 0.6020833333333333 0.746875 0.30833333333333335 0.2859375
1 0.825 0.8859375 0.35 0.228125
1 0.35 0.946875 0.36666666666666664 0.1046875
1 0.27291666666666664 0.7859375 0.3229166666666667 0.240625
1 0.1125 0.6234375 0.225 0.228125
1 0.06666666666666667 0.8609375 0.13333333333333333 0.24375