1 0.7541666666666667 0.51875 0.27291666666666664 0.2125
1 0.94375 0.459375 0.1125 0.2140625
1 0.8729166666666667 0.6625 0.2520833333333333 0.1828125
1 0.8916666666666667 0.8875 0.21458333333333332 0.225
1 0.6458333333333334 0.875 0.3020833333333333 0.2484375
1 0.5541666666666667 0.696875 0.3020833333333333 0.209375
1 0.5125 0.5109375 0.2125 0.15
1 0.6416666666666667 0.3625 0.25625 0.1453125
1 0.64375 0.2765625 0.22291666666666668 0.0828125
1 0.78125 0.2015625 0.23958333333333334 0.1546875
1 0.3375 0.4984375 0.21041666666666667 0.10625
1 0.30416666666666664 0.6484375 0.23333333333333334 0.2046875
1 0.3333333333333333 0.884375 0.3458333333333333 0.23125
1 0.1375 0.821875 0.19583333333333333 0.1546875
1 0.07916666666666666 0.65 0.15833333333333333 0.2390625
1 0.10208333333333333 0.41875 0.20208333333333334 0.1359375
1 0.17708333333333334 0.5171875 0.13333333333333333 0.096875
1 0.4041666666666667 0.3515625 0.21458333333333332 0.1703125
1 0.36875 0.159375 0.18541666666666667 0.11875
1 0.23333333333333334 0.3046875 0.19375 0.134375
1 0.10208333333333333 0.253125 0.12708333333333333 0.1296875
1 0.225 0.209375 0.15 0.0765625
1 0.5791666666666667 0.203125 0.11458333333333333 0.071875
1 0.7041666666666667 0.1046875 0.15416666666666667 0.0671875
1 0.8020833333333334 0.0359375 0.12708333333333333 0.071875
1 0.5479166666666667 0.153125 0.1375 0.0515625