0 0.3145833333333333 0.3515625 0.41458333333333336 0.2640625
0 0.3229166666666667 0.1703125 0.3020833333333333 0.18125
0 0.83125 0.1171875 0.3375 0.1765625
0 0.9375 0.4453125 0.125 0.1953125
0 0.3125 0.5875 0.3875 0.2203125
0 0.73125 0.5390625 0.39791666666666664 0.2515625
1 0.8916666666666667 0.725 0.21458333333333332 0.2625
1 0.79375 0.91875 0.4125 0.1609375
1 0.35833333333333334 0.840625 0.51875 0.31875
1 0.10833333333333334 0.809375 0.21666666666666667 0.328125
1 0.075 0.5578125 0.15 0.21875
1 0.0625 0.39375 0.12291666666666666 0.1546875
1 0.125 0.26875 0.13125 0.1140625
1 0.04583333333333333 0.203125 0.09166666666666666 0.146875
1 0.13958333333333334 0.1296875 0.11458333333333333 0.103125
1 0.5625 0.146875 0.19166666666666668 0.146875