1 0.6375 0.1625 0.27291666666666664 0.1796875
1 0.675 0.3296875 0.29583333333333334 0.1921875
1 0.25625 0.309375 0.375 0.1796875
0 0.24166666666666667 0.553125 0.45416666666666666 0.325
1 0.7416666666666667 0.6671875 0.49166666666666664 0.321875
1 0.5270833333333333 0.459375 0.24166666666666667 0.1921875
1 0.84375 0.4875 0.3104166666666667 0.178125
1 0.9291666666666667 0.334375 0.14166666666666666 0.175
1 0.88125 0.1375 0.22083333333333333 0.2234375
0 0.6625 0.046875 0.275 0.0921875
1 0.075 0.278125 0.14791666666666667 0.24375
1 0.16666666666666666 0.853125 0.33125 0.25
1 0.7 0.909375 0.41875 0.18125
1 0.42291666666666666 0.7625 0.30833333333333335 0.1546875