1 0.07395833333333333 0.1625 0.14791666666666667 0.296875
1 0.2677083333333333 0.25234375 0.3541666666666667 0.2046875
1 0.4239583333333333 0.07890625 0.33541666666666664 0.1578125
1 0.721875 0.06484375 0.26875 0.1296875
1 0.7989583333333333 0.1875 0.32083333333333336 0.196875
1 0.5333333333333333 0.2 0.2708333333333333 0.19375
1 0.33125 0.45 0.3875 0.2453125
1 0.6302083333333334 0.39453125 0.31666666666666665 0.2203125
1 0.8666666666666667 0.34140625 0.25625 0.184375
1 0.871875 0.5625 0.25625 0.303125
1 0.6375 0.61484375 0.3541666666666667 0.2640625
1 0.278125 0.69765625 0.4270833333333333 0.2859375