1 0.5041666666666667 0.35625 0.23125 0.159375
1 0.3458333333333333 0.41953125 0.2625 0.1734375
1 0.6541666666666667 0.5296875 0.34791666666666665 0.2734375
1 0.8447916666666667 0.66015625 0.28958333333333336 0.234375
1 0.40625 0.54921875 0.275 0.1671875
1 0.16354166666666667 0.525 0.28125 0.18125
1 0.071875 0.68671875 0.14375 0.2234375
1 0.23645833333333333 0.67734375 0.29583333333333334 0.221875
1 0.4875 0.7140625 0.3104166666666667 0.25625
1 0.19166666666666668 0.8671875 0.38333333333333336 0.2375
1 0.61875 0.9 0.3541666666666667 0.2
1 0.8260416666666667 0.91875 0.19375 0.1625
1 0.7 0.0984375 0.24375 0.175
1 0.8854166666666666 0.16328125 0.22916666666666666 0.2328125