0 0.40208333333333335 0.58125 0.39166666666666666 0.24375
0 0.178125 0.48046875 0.3145833333333333 0.2703125
0 0.43854166666666666 0.29375 0.25 0.15625
0 0.20833333333333334 0.7234375 0.35625 0.215625
0 0.275 0.15546875 0.24791666666666667 0.1859375
0 0.5364583333333334 0.76171875 0.34375 0.240625
1 0.7822916666666667 0.85 0.32916666666666666 0.29375
1 0.24166666666666667 0.8921875 0.42083333333333334 0.209375
1 0.5916666666666667 0.92578125 0.375 0.1484375
1 0.06354166666666666 0.8296875 0.12708333333333333 0.23125
1 0.053125 0.6203125 0.10625 0.228125
1 0.5302083333333333 0.425 0.30833333333333335 0.1859375
1 0.6645833333333333 0.5765625 0.2375 0.203125
1 0.8635416666666667 0.5796875 0.27291666666666664 0.1890625
1 0.7229166666666667 0.3625 0.18541666666666667 0.13125
1 0.896875 0.37734375 0.20625 0.1640625
1 0.9229166666666667 0.2703125 0.15416666666666667 0.125
1 0.7791666666666667 0.28125 0.16666666666666666 0.0921875
1 0.5864583333333333 0.31171875 0.15 0.1125
1 0.434375 0.12265625 0.19791666666666666 0.165625
1 0.46875 0.04921875 0.16666666666666666 0.0984375
1 0.290625 0.03984375 0.21875 0.0796875
1 0.15 0.04296875 0.1 0.0859375
1 0.12395833333333334 0.1265625 0.1 0.1265625
1 0.5520833333333334 0.1828125 0.16458333333333333 0.1203125
1 0.64375 0.26328125 0.14375 0.0875
1 0.778125 0.221875 0.15416666666666667 0.08125
1 0.928125 0.19453125 0.14375 0.0921875