1 0.30625 0.69375 0.4895833333333333 0.3671875
1 0.7270833333333333 0.6578125 0.45 0.29375
1 0.6270833333333333 0.4234375 0.3854166666666667 0.1984375
1 0.24791666666666667 0.375 0.41458333333333336 0.290625
1 0.5458333333333333 0.228125 0.325 0.19375
0 0.19583333333333333 0.1921875 0.3125 0.1421875
1 0.5625 0.0734375 0.26875 0.146875
1 0.3125 0.078125 0.22916666666666666 0.15625
1 0.11041666666666666 0.0796875 0.22083333333333333 0.159375
1 0.0625 0.553125 0.12291666666666666 0.1984375
1 0.25416666666666665 0.946875 0.325 0.1046875
1 0.8083333333333333 0.95625 0.38125 0.0875