1 0.35625 0.65390625 0.5708333333333333 0.4484375
1 0.26875 0.8953125 0.3958333333333333 0.209375
1 0.6864583333333333 0.72734375 0.28541666666666665 0.3
1 0.8791666666666667 0.7421875 0.24166666666666667 0.40625
1 0.8229166666666666 0.48515625 0.3541666666666667 0.2484375
1 0.8427083333333333 0.30390625 0.26666666666666666 0.1984375
1 0.578125 0.31171875 0.34791666666666665 0.25625
1 0.6197916666666666 0.12890625 0.2875 0.2203125
1 0.8447916666666667 0.12265625 0.19791666666666666 0.2453125
1 0.30520833333333336 0.21328125 0.40208333333333335 0.2765625
1 0.10416666666666667 0.253125 0.20833333333333334 0.25
1 0.07708333333333334 0.509375 0.15416666666666667 0.35