0 0.475 0.4875 0.29375 0.2140625
0 0.73125 0.403125 0.24791666666666667 0.2078125
0 0.5354166666666667 0.71875 0.3416666666666667 0.265625
0 0.22083333333333333 0.6640625 0.32916666666666666 0.1765625
0 0.13125 0.30625 0.2604166666666667 0.165625
0 0.175 0.471875 0.33541666666666664 0.19375
1 0.5770833333333333 0.2375 0.28541666666666665 0.175
0 0.8 0.6078125 0.3125 0.2375
1 0.8333333333333334 0.8609375 0.3333333333333333 0.278125
1 0.22708333333333333 0.8765625 0.44166666666666665 0.2453125
1 0.5770833333333333 0.946875 0.29583333333333334 0.10625