1 0.30625 0.5609375 0.25833333333333336 0.1984375
1 0.6708333333333333 0.53359375 0.30833333333333335 0.190625
1 0.4375 0.44765625 0.21666666666666667 0.1484375
1 0.5822916666666667 0.3609375 0.24583333333333332 0.1796875
1 0.16145833333333334 0.49140625 0.25416666666666665 0.1796875
1 0.24583333333333332 0.38671875 0.21666666666666667 0.1359375
1 0.06145833333333333 0.3796875 0.12291666666666666 0.128125
1 0.13958333333333334 0.3046875 0.18333333333333332 0.0890625
1 0.40208333333333335 0.32734375 0.16041666666666668 0.1078125
1 0.08229166666666667 0.8828125 0.12708333333333333 0.2046875
1 0.22708333333333333 0.8328125 0.21041666666666667 0.1796875
1 0.3541666666666667 0.878125 0.35 0.24375
1 0.5166666666666667 0.8328125 0.21666666666666667 0.2203125
0 0.7447916666666666 0.8125 0.29375 0.2015625
1 0.8875 0.89375 0.225 0.190625
1 0.6927083333333334 0.95546875 0.23333333333333334 0.084375
1 0.9666666666666667 0.6625 0.06666666666666667 0.140625
1 0.9395833333333333 0.759375 0.12083333333333333 0.08125
1 0.909375 0.578125 0.18125 0.128125
1 0.7520833333333333 0.40234375 0.15625 0.1515625
1 0.8552083333333333 0.4453125 0.10416666666666667 0.1109375
1 0.9364583333333333 0.4796875 0.07916666666666666 0.08125
1 0.9447916666666667 0.4203125 0.10416666666666667 0.0890625
1 0.93125 0.34375 0.11875 0.08125
1 0.8166666666666667 0.3453125 0.14166666666666666 0.075