0 0.22916666666666666 0.53671875 0.3020833333333333 0.175
0 0.08229166666666667 0.41875 0.16458333333333333 0.1578125
0 0.121875 0.7015625 0.24375 0.203125
0 0.4 0.75703125 0.29375 0.240625
0 0.6645833333333333 0.31796875 0.18125 0.153125
0 0.8072916666666666 0.25625 0.17291666666666666 0.1171875
0 0.821875 0.43984375 0.26458333333333334 0.1703125
0 0.7125 0.76796875 0.3375 0.21875
0 0.20520833333333333 0.90390625 0.41041666666666665 0.1859375
1 0.259375 0.39375 0.25 0.16875
1 0.1 0.275 0.18333333333333332 0.15
0 0.33125 0.2375 0.22083333333333333 0.1453125
0 0.47708333333333336 0.33046875 0.2125 0.159375
0 0.534375 0.47421875 0.25833333333333336 0.1546875
1 0.6864583333333333 0.5640625 0.28958333333333336 0.2125
1 0.8854166666666666 0.64765625 0.225 0.2265625
1 0.8958333333333334 0.36328125 0.18958333333333333 0.109375
0 0.665625 0.17109375 0.18541666666666667 0.1265625