1 0.36041666666666666 0.2015625 0.20208333333333334 0.1171875
1 0.6916666666666667 0.1875 0.18958333333333333 0.14375
1 0.8166666666666667 0.3203125 0.17291666666666666 0.115625
1 0.88125 0.425 0.20416666666666666 0.1515625
1 0.5479166666666667 0.36875 0.19375 0.134375
1 0.6979166666666666 0.434375 0.13958333333333334 0.1046875
1 0.7145833333333333 0.575 0.22708333333333333 0.1578125
1 0.9125 0.5875 0.175 0.2015625
1 0.9041666666666667 0.78125 0.18958333333333333 0.1921875
1 0.7708333333333334 0.8875 0.21666666666666667 0.2234375
1 0.5541666666666667 0.6765625 0.23958333333333334 0.221875
1 0.37083333333333335 0.6234375 0.17083333333333334 0.1828125
1 0.5166666666666667 0.5 0.17708333333333334 0.11875
1 0.3458333333333333 0.4671875 0.17083333333333334 0.121875
1 0.35625 0.3390625 0.18333333333333332 0.13125
1 0.18333333333333332 0.428125 0.21875 0.125
1 0.09583333333333334 0.5265625 0.18958333333333333 0.1265625
1 0.2125 0.5625 0.18541666666666667 0.1453125
1 0.10208333333333333 0.6671875 0.16875 0.1265625
1 0.23958333333333334 0.70625 0.19375 0.125
1 0.3958333333333333 0.7640625 0.15833333333333333 0.1125
1 0.5375 0.821875 0.22291666666666668 0.1421875
1 0.12708333333333333 0.79375 0.12291666666666666 0.1515625
1 0.26458333333333334 0.846875 0.17291666666666666 0.184375
1 0.42916666666666664 0.90625 0.16666666666666666 0.1671875
1 0.07083333333333333 0.3078125 0.13541666666666666 0.1296875
1 0.24791666666666667 0.2984375 0.11458333333333333 0.1125
1 0.5375 0.184375 0.14375 0.08125
1 0.5291666666666667 0.259375 0.16041666666666668 0.0734375
1 0.7916666666666666 0.134375 0.15 0.1390625
1 0.8625 0.05625 0.14791666666666667 0.1109375
1 0.70625 0.040625 0.1625 0.0796875