0 0.6104166666666667 0.83828125 0.5708333333333333 0.3234375
0 0.24479166666666666 0.26328125 0.2708333333333333 0.196875
0 0.415625 0.53359375 0.31666666666666665 0.1671875
1 0.70625 0.4609375 0.26666666666666666 0.21875
1 0.7635416666666667 0.66640625 0.4666666666666667 0.353125
1 0.4625 0.66640625 0.27708333333333335 0.16875
1 0.19583333333333333 0.7203125 0.39166666666666666 0.334375
1 0.12604166666666666 0.9078125 0.2520833333333333 0.125
1 0.22395833333333334 0.415625 0.27291666666666664 0.165625
1 0.4635416666666667 0.3875 0.2791666666666667 0.1578125
1 0.8875 0.28828125 0.225 0.2046875
1 0.9010416666666666 0.49609375 0.19791666666666666 0.2515625
1 0.8739583333333333 0.2078125 0.2520833333333333 0.175
1 0.8791666666666667 0.09765625 0.24166666666666667 0.1359375
1 0.7041666666666667 0.0625 0.15833333333333333 0.1
1 0.7072916666666667 0.15625 0.17708333333333334 0.1296875
1 0.5708333333333333 0.215625 0.3854166666666667 0.290625
1 0.5145833333333333 0.071875 0.2375 0.14375
1 0.390625 0.13984375 0.12916666666666668 0.1140625
1 0.25833333333333336 0.15859375 0.18541666666666667 0.096875