0 0.359375 0.45078125 0.3875 0.240625
0 0.409375 0.6578125 0.4125 0.30625
0 0.7364583333333333 0.6359375 0.4166666666666667 0.31875
0 0.678125 0.86484375 0.4895833333333333 0.2703125
0 0.12395833333333334 0.3984375 0.24791666666666667 0.246875
0 0.71875 0.09921875 0.2625 0.1984375
0 0.8760416666666667 0.1890625 0.12708333333333333 0.11875
0 0.6927083333333334 0.2875 0.28541666666666665 0.178125
1 0.8864583333333333 0.3515625 0.21458333333333332 0.2234375
0 0.5302083333333333 0.15 0.33125 0.225
1 0.315625 0.2734375 0.33125 0.209375
0 0.2864583333333333 0.1015625 0.28541666666666665 0.1765625
1 0.08020833333333334 0.19921875 0.16041666666666668 0.2140625
1 0.9333333333333333 0.55703125 0.13333333333333333 0.2078125