0 0.6020833333333333 0.65078125 0.4270833333333333 0.265625
0 0.9 0.73046875 0.2 0.2828125
1 0.37604166666666666 0.059375 0.26875 0.11875
1 0.5427083333333333 0.11171875 0.3645833333333333 0.2234375
1 0.7239583333333334 0.04921875 0.3020833333333333 0.0984375
1 0.815625 0.1484375 0.23125 0.2265625
1 0.6572916666666667 0.28828125 0.375 0.290625
1 0.875 0.3421875 0.23541666666666666 0.2375
1 0.38125 0.29609375 0.31666666666666665 0.2671875
1 0.4354166666666667 0.4921875 0.4354166666666667 0.29375
1 0.81875 0.51328125 0.3625 0.2921875
1 0.45 0.8453125 0.39166666666666666 0.309375
1 0.7708333333333334 0.83671875 0.37916666666666665 0.2984375