1 0.45 0.146875 0.37083333333333335 0.29375
1 0.765625 0.11171875 0.26875 0.2234375
1 0.8760416666666667 0.2796875 0.22916666666666666 0.2515625
1 0.6520833333333333 0.34453125 0.33125 0.2234375
0 0.8354166666666667 0.50546875 0.32916666666666666 0.2390625
1 0.759375 0.68671875 0.3104166666666667 0.2171875
0 0.5177083333333333 0.7296875 0.22708333333333333 0.225
1 0.3072916666666667 0.63203125 0.37083333333333335 0.2515625
1 0.25729166666666664 0.82578125 0.32083333333333336 0.1828125
0 0.09166666666666666 0.7609375 0.15625 0.2390625
1 0.096875 0.534375 0.19375 0.225
1 0.08125 0.31015625 0.1625 0.2421875
1 0.2677083333333333 0.42421875 0.29375 0.1796875
1 0.22395833333333334 0.2078125 0.27708333333333335 0.253125
0 0.10416666666666667 0.13359375 0.17083333333333334 0.19375