1 0.371875 0.715625 0.46875 0.3125
0 0.20625 0.88125 0.3416666666666667 0.2109375
0 0.5604166666666667 0.9234375 0.4583333333333333 0.153125
1 0.7041666666666667 0.79140625 0.40208333333333335 0.3265625
1 0.7260416666666667 0.54921875 0.3125 0.2375
1 0.8875 0.70234375 0.1875 0.215625
1 0.9145833333333333 0.5484375 0.17083333333333334 0.140625
1 0.5385416666666667 0.56796875 0.19583333333333333 0.14375
1 0.44375 0.46484375 0.20625 0.15625
1 0.29375 0.50703125 0.25 0.140625
1 0.27291666666666664 0.3953125 0.18541666666666667 0.1140625
1 0.42916666666666664 0.36328125 0.2 0.10625
1 0.042708333333333334 0.8609375 0.08541666666666667 0.18125
1 0.6302083333333334 0.45390625 0.20416666666666666 0.1109375