1 0.4270833333333333 0.34765625 0.3416666666666667 0.2546875
1 0.7 0.3359375 0.3645833333333333 0.253125
1 0.8208333333333333 0.515625 0.35833333333333334 0.275
1 0.89375 0.76953125 0.2125 0.3453125
1 0.43020833333333336 0.8375 0.4479166666666667 0.325
1 0.34479166666666666 0.59921875 0.4166666666666667 0.2890625
1 0.20833333333333334 0.4546875 0.32708333333333334 0.1984375
1 0.15520833333333334 0.3140625 0.3104166666666667 0.203125
1 0.609375 0.1734375 0.33125 0.2578125
1 0.42604166666666665 0.1484375 0.24791666666666667 0.2125
1 0.196875 0.1546875 0.33958333333333335 0.2234375
1 0.07708333333333334 0.2015625 0.15416666666666667 0.1375
1 0.18333333333333332 0.76953125 0.29375 0.290625
1 0.115625 0.58203125 0.23125 0.1953125
1 0.0625 0.434375 0.125 0.165625