1 0.6958333333333333 0.590625 0.3729166666666667 0.3015625
1 0.3458333333333333 0.4640625 0.4 0.271875
0 0.19166666666666668 0.7625 0.3458333333333333 0.3515625
1 0.5520833333333334 0.840625 0.46458333333333335 0.3171875
1 0.8583333333333333 0.73125 0.275 0.2421875
1 0.825 0.3296875 0.35 0.3390625
0 0.5020833333333333 0.225 0.35625 0.2515625
0 0.17916666666666667 0.159375 0.35208333333333336 0.2828125
1 0.39375 0.0640625 0.25 0.1265625
1 0.80625 0.0921875 0.3875 0.1828125
1 0.5875 0.0640625 0.19791666666666666 0.1265625
1 0.08958333333333333 0.415625 0.17916666666666667 0.2578125