0 0.4708333333333333 0.484375 0.31875 0.2453125
0 0.6479166666666667 0.8546875 0.5208333333333334 0.290625
1 0.7895833333333333 0.678125 0.42083333333333334 0.2734375
1 0.6916666666666667 0.4625 0.19791666666666666 0.19375
1 0.8958333333333334 0.475 0.20625 0.271875
1 0.8520833333333333 0.2734375 0.29583333333333334 0.1875
1 0.5104166666666666 0.2421875 0.29583333333333334 0.2296875
1 0.1875 0.4453125 0.25416666666666665 0.1390625
1 0.20416666666666666 0.315625 0.21875 0.125
1 0.18958333333333333 0.2078125 0.19166666666666668 0.109375
1 0.325 0.1640625 0.10416666666666667 0.1046875
1 0.43333333333333335 0.0796875 0.25 0.159375
1 0.6125 0.065625 0.15 0.1203125
1 0.8166666666666667 0.06875 0.2625 0.1375
1 0.6416666666666667 0.16875 0.14583333333333334 0.0984375
1 0.17291666666666666 0.7671875 0.3104166666666667 0.2671875
1 0.45 0.684375 0.21666666666666667 0.1484375
1 0.13333333333333333 0.953125 0.23125 0.0921875