0 0.375 0.57890625 0.47708333333333336 0.2796875
0 0.14375 0.54296875 0.2875 0.2203125
0 0.28229166666666666 0.33515625 0.2875 0.2375
0 0.5666666666666667 0.334375 0.3645833333333333 0.2828125
0 0.746875 0.52265625 0.3145833333333333 0.2734375
0 0.075 0.42109375 0.15 0.1359375
1 0.18229166666666666 0.14296875 0.30625 0.2109375
1 0.40625 0.140625 0.21458333333333332 0.1734375
1 0.6104166666666667 0.15390625 0.25833333333333336 0.1546875
1 0.846875 0.09921875 0.23125 0.1734375
1 0.7447916666666666 0.228125 0.2520833333333333 0.1421875
1 0.85625 0.28984375 0.2604166666666667 0.2078125
1 0.8270833333333333 0.7609375 0.3458333333333333 0.29375
1 0.5510416666666667 0.75390625 0.3 0.209375
1 0.2552083333333333 0.7640625 0.42291666666666666 0.284375