1 0.23125 0.48125 0.32708333333333334 0.2640625
1 0.44583333333333336 0.5109375 0.14166666666666666 0.1515625
1 0.6354166666666666 0.4484375 0.32708333333333334 0.2234375
1 0.7875 0.6640625 0.41458333333333336 0.3109375
1 0.6875 0.896875 0.5229166666666667 0.20625
1 0.9479166666666666 0.9125 0.10208333333333333 0.1734375
0 0.2125 0.8671875 0.425 0.2640625
1 0.49166666666666664 0.6921875 0.26666666666666666 0.228125
1 0.19166666666666668 0.6640625 0.3020833333333333 0.15
1 0.03958333333333333 0.74375 0.07916666666666666 0.1390625
1 0.029166666666666667 0.5796875 0.058333333333333334 0.1546875
1 0.12083333333333333 0.2921875 0.23958333333333334 0.1828125
1 0.29375 0.2375 0.18125 0.1140625
1 0.4666666666666667 0.2140625 0.18333333333333332 0.1453125
1 0.5666666666666667 0.2046875 0.18541666666666667 0.178125
1 0.35208333333333336 0.3609375 0.18958333333333333 0.134375
1 0.5541666666666667 0.35625 0.22708333333333333 0.1484375