0 0.5 0.69375 0.40208333333333335 0.3703125
0 0.19375 0.5171875 0.3875 0.240625
0 0.4375 0.215625 0.22916666666666666 0.18125
0 0.12708333333333333 0.3125 0.25416666666666665 0.153125
1 0.6520833333333333 0.465625 0.3333333333333333 0.2234375
1 0.84375 0.7875 0.3104166666666667 0.3140625
1 0.9 0.5453125 0.19791666666666666 0.21875
1 0.9208333333333333 0.3671875 0.15833333333333333 0.1609375
1 0.7375 0.2875 0.2916666666666667 0.16875
1 0.85625 0.2 0.21041666666666667 0.171875
1 0.6354166666666666 0.1296875 0.22708333333333333 0.1703125
1 0.3333333333333333 0.071875 0.26666666666666666 0.1421875
1 0.17916666666666667 0.18125 0.26666666666666666 0.1359375
1 0.05625 0.146875 0.11041666666666666 0.1765625
1 0.10208333333333333 0.0484375 0.20208333333333334 0.096875
1 0.49583333333333335 0.0765625 0.11666666666666667 0.09375