1 0.5291666666666667 0.23125 0.2833333333333333 0.23125
1 0.7916666666666666 0.215625 0.24375 0.2
1 0.8708333333333333 0.446875 0.25625 0.340625
1 0.6208333333333333 0.421875 0.23333333333333334 0.184375
1 0.3625 0.3875 0.24583333333333332 0.2109375
1 0.12291666666666666 0.328125 0.24375 0.165625
1 0.15833333333333333 0.4890625 0.28958333333333336 0.178125
1 0.36666666666666664 0.5921875 0.29375 0.20625
1 0.6708333333333333 0.603125 0.32083333333333336 0.2421875
1 0.9125 0.7796875 0.17291666666666666 0.23125
1 0.71875 0.8546875 0.35625 0.2375
1 0.41875 0.8125 0.2875 0.2375
1 0.14583333333333334 0.7046875 0.28958333333333336 0.2328125
1 0.18958333333333333 0.9109375 0.275 0.1765625
1 0.475 0.9609375 0.3125 0.078125
1 0.8395833333333333 0.965625 0.31875 0.0671875
1 0.0625 0.89375 0.12291666666666666 0.2125
1 0.05625 0.1359375 0.1125 0.1484375
1 0.9604166666666667 0.24375 0.07708333333333334 0.10625