0 0.5270833333333333 0.27890625 0.5291666666666667 0.34375
0 0.325 0.11796875 0.42916666666666664 0.2359375
0 0.3145833333333333 0.4125 0.36875 0.2796875
0 0.646875 0.5546875 0.4666666666666667 0.303125
1 0.7802083333333333 0.1328125 0.28541666666666665 0.265625
1 0.8791666666666667 0.38984375 0.24166666666666667 0.2890625
1 0.8260416666666667 0.76875 0.34791666666666665 0.396875
1 0.47708333333333336 0.8421875 0.5666666666666667 0.315625
1 0.23125 0.59765625 0.4625 0.3265625
1 0.11041666666666666 0.43671875 0.22083333333333333 0.2140625
1 0.140625 0.246875 0.28125 0.234375
1 0.023958333333333335 0.134375 0.04791666666666667 0.11875
1 0.10520833333333333 0.11953125 0.17083333333333334 0.0765625
1 0.578125 0.06484375 0.28125 0.1296875