0 0.6291666666666667 0.45859375 0.2833333333333333 0.221875
0 0.85 0.46796875 0.24791666666666667 0.215625
0 0.44479166666666664 0.5140625 0.20208333333333334 0.103125
0 0.215625 0.65703125 0.28125 0.20625
0 0.7322916666666667 0.6484375 0.3125 0.159375
0 0.08541666666666667 0.53984375 0.17083333333333334 0.1734375
0 0.559375 0.26171875 0.18125 0.13125
0 0.925 0.2484375 0.15 0.1125
0 0.9364583333333333 0.309375 0.12708333333333333 0.09375
0 0.25 0.49453125 0.25833333333333336 0.1421875
0 0.23645833333333333 0.17265625 0.23541666666666666 0.165625
1 0.40625 0.38046875 0.25625 0.146875
1 0.47604166666666664 0.66328125 0.2916666666666667 0.2421875
1 0.6666666666666666 0.8375 0.3729166666666667 0.23125
1 0.8864583333333333 0.76953125 0.19791666666666666 0.2171875
1 0.7270833333333333 0.33046875 0.20625 0.13125
1 0.9395833333333333 0.571875 0.12083333333333333 0.153125
1 0.05520833333333333 0.75859375 0.11041666666666666 0.2359375
0 0.051041666666666666 0.3890625 0.09583333333333334 0.15
0 0.125 0.39609375 0.13958333333333334 0.11875
0 0.08229166666666667 0.12421875 0.10625 0.1515625
1 0.15104166666666666 0.04453125 0.21458333333333332 0.0890625
1 0.32395833333333335 0.10703125 0.16875 0.153125
1 0.4270833333333333 0.1609375 0.13125 0.1125
1 0.7864583333333334 0.2515625 0.14166666666666666 0.09375
1 0.8395833333333333 0.19375 0.13541666666666666 0.06875
1 0.6697916666666667 0.1140625 0.1375 0.0890625
1 0.725 0.171875 0.12291666666666666 0.084375
1 0.6395833333333333 0.2078125 0.14375 0.059375
1 0.56875 0.1625 0.13958333333333334 0.059375
1 0.575 0.11875 0.125 0.059375