0 0.1 0.4890625 0.2 0.175
0 0.2875 0.5796875 0.28541666666666665 0.1734375
0 0.21041666666666667 0.7515625 0.25833333333333336 0.1875
0 0.4625 0.78125 0.22708333333333333 0.1984375
0 0.76875 0.7953125 0.25625 0.1953125
0 0.5958333333333333 0.496875 0.21041666666666667 0.1359375
0 0.8333333333333334 0.484375 0.22916666666666666 0.134375
0 0.6895833333333333 0.3515625 0.17916666666666667 0.1375
0 0.8125 0.2890625 0.18125 0.1234375
0 0.3458333333333333 0.2734375 0.21666666666666667 0.1234375
0 0.5083333333333333 0.3734375 0.20833333333333334 0.128125
0 0.3020833333333333 0.9328125 0.3020833333333333 0.134375
1 0.10833333333333334 0.3296875 0.21458333333333332 0.140625
1 0.3020833333333333 0.4203125 0.21666666666666667 0.140625
1 0.7354166666666667 0.5953125 0.24166666666666667 0.1640625
1 0.9291666666666667 0.6640625 0.14166666666666666 0.178125
0 0.9125 0.39375 0.17291666666666666 0.125
1 0.6666666666666666 0.20625 0.1875 0.13125
1 0.9708333333333333 0.5265625 0.058333333333333334 0.1203125