0 0.4125 0.1890625 0.3104166666666667 0.2703125
0 0.6979166666666666 0.2234375 0.3416666666666667 0.240625
0 0.5666666666666667 0.5953125 0.41875 0.3203125
0 0.4041666666666667 0.8515625 0.40625 0.296875
0 0.7708333333333334 0.875 0.33958333333333335 0.2484375
0 0.25 0.5859375 0.24166666666666667 0.2578125
0 0.1125 0.4609375 0.225 0.2203125
0 0.28125 0.3390625 0.26458333333333334 0.215625
0 0.8854166666666666 0.403125 0.22916666666666666 0.196875
1 0.8854166666666666 0.621875 0.22916666666666666 0.2578125
1 0.1125 0.759375 0.22291666666666668 0.2875
1 0.6 0.059375 0.18541666666666667 0.11875
1 0.7958333333333333 0.090625 0.2125 0.175
1 0.9125 0.2265625 0.17291666666666666 0.165625