0 0.08958333333333333 0.3265625 0.17916666666666667 0.1859375
0 0.28541666666666665 0.409375 0.2791666666666667 0.1578125
0 0.09583333333333334 0.521875 0.18958333333333333 0.234375
0 0.6375 0.621875 0.27708333333333335 0.2953125
0 0.6416666666666667 0.33125 0.24166666666666667 0.19375
0 0.8604166666666667 0.3296875 0.20208333333333334 0.21875
0 0.525 0.453125 0.24375 0.14375
1 0.33125 0.6015625 0.30833333333333335 0.2390625
1 0.4166666666666667 0.296875 0.23541666666666666 0.15625
1 0.9625 0.4734375 0.07291666666666667 0.1796875
1 0.8770833333333333 0.6765625 0.24583333333333332 0.25