0 0.31354166666666666 0.278125 0.38333333333333336 0.2796875
0 0.23125 0.62578125 0.45625 0.2875
0 0.38229166666666664 0.81796875 0.6229166666666667 0.3640625
0 0.696875 0.43828125 0.28958333333333336 0.2203125
0 0.22395833333333334 0.09375 0.3145833333333333 0.1671875
0 0.8677083333333333 0.33984375 0.24791666666666667 0.23125
0 0.6135416666666667 0.296875 0.26875 0.1609375
1 0.565625 0.19921875 0.23958333333333334 0.128125
1 0.45625 0.12109375 0.1375 0.13125
1 0.7416666666666667 0.184375 0.16875 0.1375
1 0.8947916666666667 0.19140625 0.11875 0.1078125
1 0.8385416666666666 0.08125 0.19791666666666666 0.1625
0 0.6177083333333333 0.07421875 0.28958333333333336 0.1484375
1 0.059375 0.13984375 0.11875 0.2046875
1 0.1 0.2640625 0.14583333333333334 0.1140625
1 0.04791666666666667 0.3296875 0.09583333333333334 0.1125
1 0.14166666666666666 0.43984375 0.2833333333333333 0.1953125
1 0.42291666666666666 0.471875 0.28541666666666665 0.1765625
1 0.6875 0.69140625 0.375 0.303125
1 0.8739583333333333 0.60234375 0.2520833333333333 0.2609375
1 0.378125 0.05234375 0.16666666666666666 0.1015625