0 0.7479166666666667 0.6984375 0.25416666666666665 0.1859375
0 0.7604166666666666 0.8484375 0.30625 0.1984375
1 0.9135416666666667 0.69765625 0.17291666666666666 0.2015625
1 0.9479166666666666 0.86015625 0.10416666666666667 0.1609375
1 0.528125 0.89453125 0.27708333333333335 0.2109375
1 0.5270833333333333 0.6109375 0.2375 0.16875
1 0.5770833333333333 0.73984375 0.19583333333333333 0.1515625
1 0.4041666666666667 0.7421875 0.24791666666666667 0.175
1 0.3125 0.90703125 0.2520833333333333 0.184375
0 0.215625 0.7515625 0.24583333333333332 0.14375
0 0.184375 0.63515625 0.22708333333333333 0.125
1 0.16145833333333334 0.5296875 0.16041666666666668 0.13125
0 0.28125 0.48671875 0.17708333333333334 0.1515625
1 0.4166666666666667 0.49765625 0.22916666666666666 0.1671875
1 0.6270833333333333 0.45234375 0.24166666666666667 0.1625
1 0.38333333333333336 0.36015625 0.21666666666666667 0.1515625
0 0.5020833333333333 0.3859375 0.11666666666666667 0.090625
0 0.6458333333333334 0.36015625 0.2125 0.1328125
1 0.5666666666666667 0.29921875 0.14166666666666666 0.0890625
1 0.6052083333333333 0.2546875 0.10833333333333334 0.0609375
1 0.7302083333333333 0.275 0.15416666666666667 0.1140625
1 0.215625 0.3828125 0.15833333333333333 0.115625
1 0.1375 0.8578125 0.13125 0.1578125
0 0.07604166666666666 0.5359375 0.10625 0.09375
1 0.052083333333333336 0.47734375 0.10416666666666667 0.0671875