1 0.5166666666666667 0.303125 0.2625 0.175
1 0.7291666666666666 0.2515625 0.21458333333333332 0.1390625
1 0.7395833333333334 0.371875 0.2604166666666667 0.134375
1 0.53125 0.4859375 0.29375 0.20625
1 0.8125 0.5359375 0.31666666666666665 0.253125
1 0.5270833333333333 0.6765625 0.275 0.1953125
1 0.8020833333333334 0.75 0.3125 0.234375
1 0.3625 0.8421875 0.24375 0.228125
1 0.6104166666666667 0.89375 0.3541666666666667 0.2125
1 0.26875 0.603125 0.30416666666666664 0.2046875
1 0.13333333333333333 0.778125 0.26666666666666666 0.196875
1 0.09583333333333334 0.446875 0.19166666666666668 0.20625
0 0.17083333333333334 0.340625 0.175 0.0921875
0 0.49375 0.1203125 0.19791666666666666 0.121875
0 0.26875 0.1671875 0.21458333333333332 0.15625
1 0.91875 0.271875 0.16041666666666668 0.1671875
1 0.35208333333333336 0.4390625 0.26666666666666666 0.146875
0 0.26875 0.2890625 0.18958333333333333 0.090625
0 0.4041666666666667 0.2296875 0.15208333333333332 0.0703125
0 0.58125 0.1578125 0.16458333333333333 0.0703125
0 0.6333333333333333 0.2046875 0.13333333333333333 0.065625
0 0.7791666666666667 0.128125 0.15833333333333333 0.1078125
1 0.9104166666666667 0.0671875 0.17916666666666667 0.1328125