0 0.34791666666666665 0.3265625 0.3333333333333333 0.2265625
0 0.8395833333333333 0.2875 0.31875 0.215625
0 0.8854166666666666 0.475 0.22708333333333333 0.1703125
0 0.7729166666666667 0.634375 0.41041666666666665 0.2453125
1 0.80625 0.8828125 0.3875 0.2328125
1 0.46041666666666664 0.940625 0.3729166666666667 0.11875
1 0.13958333333333334 0.9 0.27708333333333335 0.1984375
1 0.43333333333333335 0.7609375 0.43125 0.271875
1 0.3958333333333333 0.540625 0.35833333333333334 0.2078125
1 0.6458333333333334 0.434375 0.3145833333333333 0.203125
1 0.13125 0.6875 0.2604166666666667 0.2296875
1 0.12708333333333333 0.490625 0.2520833333333333 0.1828125
1 0.11458333333333333 0.325 0.20208333333333334 0.184375
1 0.35625 0.0953125 0.15 0.134375
1 0.38125 0.1953125 0.22916666666666666 0.1015625
1 0.5 0.1078125 0.17916666666666667 0.1265625
1 0.625 0.175 0.19583333333333333 0.13125
1 0.7791666666666667 0.090625 0.2125 0.090625
0 0.8479166666666667 0.16875 0.25625 0.1046875
1 0.5916666666666667 0.2890625 0.19583333333333333 0.1171875