1 0.6947916666666667 0.27578125 0.4479166666666667 0.3234375
0 0.240625 0.23671875 0.4479166666666667 0.3484375
0 0.3229166666666667 0.55078125 0.46875 0.315625
0 0.7958333333333333 0.5921875 0.4083333333333333 0.346875
1 0.35625 0.81953125 0.42916666666666664 0.2859375
1 0.6927083333333334 0.8515625 0.36875 0.2875
1 0.11770833333333333 0.68828125 0.23541666666666666 0.2671875
1 0.06770833333333333 0.471875 0.13541666666666666 0.171875
1 0.16145833333333334 0.07265625 0.27291666666666664 0.1453125
1 0.6479166666666667 0.11953125 0.36041666666666666 0.190625
1 0.9229166666666667 0.2390625 0.15416666666666667 0.30625
1 0.909375 0.90234375 0.13958333333333334 0.1953125
1 0.7354166666666667 0.05390625 0.28541666666666665 0.1015625