1 0.08125 0.1453125 0.16041666666666668 0.290625
1 0.28541666666666665 0.24375 0.3416666666666667 0.1921875
1 0.45416666666666666 0.075 0.325 0.15
1 0.7520833333333333 0.0671875 0.2604166666666667 0.134375
1 0.8208333333333333 0.2 0.30833333333333335 0.184375
1 0.5541666666666667 0.2015625 0.25833333333333336 0.184375
1 0.33541666666666664 0.44375 0.37083333333333335 0.23125
1 0.6375 0.4 0.3020833333333333 0.209375
1 0.8770833333333333 0.35625 0.24375 0.175
1 0.875 0.578125 0.25 0.29375
1 0.6291666666666667 0.6203125 0.3375 0.2515625
1 0.26458333333333334 0.6890625 0.4083333333333333 0.2703125