1 0.8125 0.54453125 0.36875 0.275
1 0.48125 0.56015625 0.3458333333333333 0.2578125
1 0.446875 0.36640625 0.32708333333333334 0.2125
1 0.73125 0.375 0.3104166666666667 0.2234375
1 0.8166666666666667 0.2578125 0.19583333333333333 0.1453125
1 0.9145833333333333 0.3953125 0.17083333333333334 0.234375
0 0.925 0.77578125 0.15 0.2890625
1 0.765625 0.759375 0.29375 0.2328125
1 0.5666666666666667 0.7421875 0.225 0.21875
1 0.35104166666666664 0.7796875 0.49166666666666664 0.3625
1 0.165625 0.5453125 0.29375 0.178125
1 0.13645833333333332 0.696875 0.225 0.2
1 0.25104166666666666 0.41640625 0.20416666666666666 0.140625
1 0.27708333333333335 0.28359375 0.17083333333333334 0.1359375
1 0.4635416666666667 0.16875 0.19791666666666666 0.1515625
1 0.69375 0.1625 0.275 0.1875
1 0.6302083333333334 0.2671875 0.25416666666666665 0.175
1 0.2947916666666667 0.07734375 0.225 0.1375
1 0.3375 0.17421875 0.17708333333333334 0.125
1 0.2375 0.17578125 0.15208333333333332 0.1125
1 0.17083333333333334 0.25546875 0.20208333333333334 0.1328125
1 0.134375 0.34453125 0.18333333333333332 0.1078125
1 0.04375 0.38046875 0.0875 0.1046875
1 0.090625 0.44765625 0.18125 0.1078125
1 0.04375 0.56953125 0.0875 0.1359375