1 0.30833333333333335 0.14375 0.19375 0.125
1 0.5802083333333333 0.2203125 0.28125 0.2015625
1 0.85 0.1734375 0.25833333333333336 0.2171875
1 0.74375 0.33515625 0.25416666666666665 0.1984375
1 0.8791666666666667 0.45703125 0.24166666666666667 0.1359375
1 0.8354166666666667 0.60546875 0.32916666666666666 0.2359375
1 0.6270833333333333 0.49140625 0.1875 0.18125
1 0.6041666666666666 0.68125 0.24791666666666667 0.1875
1 0.8354166666666667 0.80078125 0.2625 0.1859375
1 0.4125 0.596875 0.25833333333333336 0.1453125
1 0.31354166666666666 0.74140625 0.27708333333333335 0.215625
0 0.440625 0.4421875 0.2604166666666667 0.1890625
1 0.42604166666666665 0.3390625 0.22916666666666666 0.1125
1 0.25 0.48671875 0.21875 0.1625
1 0.146875 0.6140625 0.26875 0.1203125
1 0.08541666666666667 0.5078125 0.17083333333333334 0.13125
1 0.04791666666666667 0.41875 0.09583333333333334 0.0875
1 0.07291666666666667 0.34375 0.14583333333333334 0.14375
1 0.2 0.346875 0.21875 0.128125
1 0.18229166666666666 0.2328125 0.15416666666666667 0.103125
1 0.33229166666666665 0.2484375 0.21666666666666667 0.1265625