0 0.6958333333333333 0.66875 0.37916666666666665 0.2515625
0 0.16354166666666667 0.734375 0.28125 0.2375
1 0.175 0.3703125 0.3458333333333333 0.3015625
1 0.47708333333333336 0.425 0.3458333333333333 0.3
1 0.7645833333333333 0.475 0.3416666666666667 0.2515625
1 0.728125 0.25546875 0.38333333333333336 0.30625
1 0.4239583333333333 0.1921875 0.3625 0.2609375
1 0.121875 0.178125 0.24375 0.225
1 0.278125 0.065625 0.30416666666666664 0.1234375
1 0.078125 0.58203125 0.15625 0.1703125
1 0.353125 0.62265625 0.3458333333333333 0.25
1 0.5052083333333334 0.83046875 0.36666666666666664 0.3109375
1 0.8104166666666667 0.86484375 0.36666666666666664 0.24375
1 0.265625 0.9046875 0.38125 0.190625