0 0.425 0.59375 0.34791666666666665 0.196875
0 0.17916666666666667 0.5265625 0.25833333333333336 0.2375
0 0.3875 0.30625 0.22083333333333333 0.1265625
0 0.2708333333333333 0.7609375 0.31875 0.1734375
0 0.19166666666666668 0.19375 0.2125 0.1578125
0 0.6020833333333333 0.7515625 0.29791666666666666 0.2015625
1 0.8666666666666667 0.803125 0.26666666666666666 0.2609375
1 0.3458333333333333 0.921875 0.3875 0.15625
1 0.7041666666666667 0.9265625 0.34375 0.1453125
1 0.09791666666666667 0.8953125 0.19583333333333333 0.2078125
1 0.06041666666666667 0.6875 0.11875 0.215625
1 0.5104166666666666 0.421875 0.275 0.15
1 0.68125 0.5515625 0.19583333333333333 0.178125
1 0.8770833333333333 0.5265625 0.2375 0.1578125
1 0.6833333333333333 0.3328125 0.16041666666666668 0.1109375
1 0.8666666666666667 0.321875 0.18958333333333333 0.1390625
1 0.8666666666666667 0.2125 0.15 0.1046875
1 0.71875 0.2453125 0.15208333333333332 0.071875
1 0.5375 0.303125 0.12708333333333333 0.0953125
1 0.33958333333333335 0.1390625 0.16458333333333333 0.1453125
1 0.3541666666666667 0.0609375 0.15 0.0796875
1 0.17083333333333334 0.053125 0.19583333333333333 0.1046875
1 0.0375 0.0875 0.075 0.10625
1 0.035416666666666666 0.1875 0.07083333333333333 0.11875
1 0.4708333333333333 0.18125 0.14166666666666666 0.1015625
1 0.58125 0.246875 0.12916666666666668 0.0703125
1 0.7020833333333333 0.1875 0.14166666666666666 0.0625
1 0.8479166666666667 0.1390625 0.13541666666666666 0.0734375