0 0.66875 0.83984375 0.44583333333333336 0.3203125
0 0.6833333333333333 0.5796875 0.53125 0.3265625
0 0.9270833333333334 0.7640625 0.14583333333333334 0.290625
0 0.4979166666666667 0.2484375 0.27291666666666664 0.153125
1 0.29583333333333334 0.334375 0.27291666666666664 0.19375
1 0.11458333333333333 0.23828125 0.22916666666666666 0.1328125
1 0.075 0.35 0.15 0.175
1 0.20520833333333333 0.43984375 0.33125 0.203125
1 0.42604166666666665 0.5765625 0.2875 0.259375
1 0.5708333333333333 0.3875 0.3020833333333333 0.1765625
1 0.7854166666666667 0.26484375 0.38125 0.275
1 0.9083333333333333 0.49921875 0.18333333333333332 0.2328125
1 0.38958333333333334 0.91484375 0.3416666666666667 0.1703125
1 0.175 0.9421875 0.19166666666666668 0.115625