1 0.32708333333333334 0.24140625 0.4083333333333333 0.2703125
1 0.3625 0.42890625 0.29375 0.175
1 0.46145833333333336 0.55859375 0.31875 0.215625
0 0.19166666666666668 0.6515625 0.36875 0.26875
0 0.134375 0.4140625 0.26875 0.28125
1 0.6072916666666667 0.39140625 0.2833333333333333 0.23125
1 0.8125 0.5359375 0.375 0.325
1 0.6677083333333333 0.67109375 0.32916666666666666 0.24375
1 0.4479166666666667 0.828125 0.39375 0.309375
1 0.7927083333333333 0.8484375 0.41458333333333336 0.278125
1 0.5375 0.9609375 0.24583333333333332 0.078125
1 0.66875 0.17890625 0.26875 0.1875
1 0.8458333333333333 0.29296875 0.26458333333333334 0.246875
1 0.5520833333333334 0.096875 0.24166666666666667 0.171875
1 0.14479166666666668 0.125 0.23958333333333334 0.1765625
1 0.28229166666666666 0.06171875 0.18541666666666667 0.1
1 0.375 0.13359375 0.20833333333333334 0.11875
1 0.0875 0.25 0.175 0.14375