1 0.56875 0.7328125 0.4625 0.3765625
1 0.21041666666666667 0.6546875 0.35 0.275
1 0.4479166666666667 0.4265625 0.4666666666666667 0.24375
1 0.6625 0.2515625 0.3020833333333333 0.2734375
1 0.3375 0.2453125 0.3 0.20625
1 0.11666666666666667 0.4296875 0.23333333333333334 0.2078125
1 0.08333333333333333 0.2703125 0.16458333333333333 0.178125
1 0.18541666666666667 0.1328125 0.275 0.2359375
1 0.525 0.0828125 0.2875 0.1640625
1 0.71875 0.0609375 0.24166666666666667 0.1203125
1 0.175 0.034375 0.25416666666666665 0.0671875