1 0.38125 0.2125 0.3770833333333333 0.3140625
1 0.73125 0.2 0.4166666666666667 0.3375
1 0.9145833333333333 0.3265625 0.17083333333333334 0.309375
0 0.5666666666666667 0.496875 0.40625 0.215625
1 0.19166666666666668 0.4578125 0.38125 0.278125
1 0.31875 0.728125 0.46041666666666664 0.3
1 0.75 0.76875 0.5 0.3953125
1 0.9291666666666667 0.5765625 0.14166666666666666 0.2015625
1 0.47708333333333336 0.903125 0.5 0.19375
1 0.125 0.8703125 0.24791666666666667 0.259375
1 0.10416666666666667 0.2265625 0.20833333333333334 0.23125
1 0.2708333333333333 0.0421875 0.4 0.0828125
1 0.6479166666666667 0.0328125 0.3229166666666667 0.0640625