0 0.28541666666666665 0.5875 0.2520833333333333 0.203125
1 0.6354166666666666 0.078125 0.24791666666666667 0.1546875
1 0.5229166666666667 0.1890625 0.15833333333333333 0.1234375
1 0.6875 0.20625 0.2 0.14375
1 0.8833333333333333 0.215625 0.23125 0.1828125
1 0.45 0.2828125 0.22916666666666666 0.1484375
1 0.6416666666666667 0.34375 0.19791666666666666 0.1796875
1 0.8354166666666667 0.3796875 0.24166666666666667 0.1859375
1 0.9208333333333333 0.4984375 0.15833333333333333 0.1296875
1 0.88125 0.678125 0.2375 0.2625
1 0.6333333333333333 0.6484375 0.32083333333333336 0.2640625
1 0.8604166666666667 0.890625 0.27708333333333335 0.21875
1 0.60625 0.875 0.26666666666666666 0.24375
1 0.3770833333333333 0.74375 0.29583333333333334 0.2015625
1 0.13125 0.5828125 0.18125 0.221875
1 0.28125 0.4421875 0.22291666666666668 0.11875
1 0.4666666666666667 0.5375 0.18333333333333332 0.1359375
1 0.4708333333333333 0.4109375 0.23958333333333334 0.1828125