0 0.6520833333333333 0.5546875 0.36875 0.225
1 0.30833333333333335 0.596875 0.3729166666666667 0.246875
1 0.4895833333333333 0.7203125 0.29791666666666666 0.146875
1 0.16458333333333333 0.7046875 0.28958333333333336 0.2078125
1 0.15208333333333332 0.4703125 0.27708333333333335 0.165625
1 0.40625 0.43125 0.24166666666666667 0.1078125
1 0.58125 0.3453125 0.22291666666666668 0.1125
1 0.7979166666666667 0.4359375 0.20416666666666666 0.125
1 0.8708333333333333 0.2984375 0.22708333333333333 0.15625
1 0.6416666666666667 0.2 0.32916666666666666 0.18125
0 0.6166666666666667 0.0546875 0.2375 0.109375
1 0.7895833333333333 0.0578125 0.14375 0.1140625
1 0.39375 0.0578125 0.25 0.1140625
1 0.11666666666666667 0.0796875 0.23125 0.1578125
1 0.30625 0.1609375 0.22083333333333333 0.1421875
1 0.1125 0.265625 0.21875 0.2
1 0.3416666666666667 0.3046875 0.2604166666666667 0.15625
1 0.9083333333333333 0.178125 0.18125 0.0984375
1 0.9125 0.0578125 0.17291666666666666 0.10625