0 0.44375 0.77578125 0.50625 0.3671875
0 0.8177083333333334 0.6328125 0.3645833333333333 0.365625
0 0.7364583333333333 0.1375 0.4125 0.2625
0 0.453125 0.09375 0.31875 0.1875
0 0.375 0.31171875 0.39791666666666664 0.2765625
0 0.17083333333333334 0.85390625 0.25 0.2921875
1 0.11354166666666667 0.540625 0.22708333333333333 0.290625
1 0.16354166666666667 0.15234375 0.32708333333333334 0.2453125
1 0.7729166666666667 0.04609375 0.2625 0.0921875
1 0.7510416666666667 0.35234375 0.48125 0.3671875
1 0.052083333333333336 0.3046875 0.10416666666666667 0.221875