0 0.3333333333333333 0.109375 0.22708333333333333 0.1546875
0 0.5729166666666666 0.1171875 0.24375 0.1296875
0 0.42291666666666666 0.2359375 0.2 0.159375
0 0.2708333333333333 0.515625 0.26458333333333334 0.1703125
0 0.17291666666666666 0.6515625 0.3125 0.178125
1 0.6375 0.240625 0.24791666666666667 0.165625
1 0.55625 0.4 0.20833333333333334 0.221875
1 0.36875 0.359375 0.24583333333333332 0.1953125
1 0.21041666666666667 0.234375 0.21458333333333332 0.165625
1 0.13333333333333333 0.36875 0.25416666666666665 0.14375
1 0.08125 0.51875 0.16041666666666668 0.159375
1 0.5041666666666667 0.5625 0.27708333333333335 0.1890625
1 0.48333333333333334 0.715625 0.35208333333333336 0.21875