1 0.7895833333333333 0.6 0.3229166666666667 0.2390625
1 0.4625 0.55546875 0.3020833333333333 0.225
1 0.49166666666666664 0.3609375 0.29375 0.1796875
1 0.7645833333333333 0.42109375 0.27291666666666664 0.1921875
1 0.8854166666666666 0.32265625 0.17291666666666666 0.1265625
1 0.9375 0.47578125 0.125 0.2234375
0 0.88125 0.85546875 0.21458333333333332 0.26875
1 0.6739583333333333 0.8 0.2520833333333333 0.2046875
1 0.4864583333333333 0.746875 0.18333333333333332 0.2
1 0.265625 0.74375 0.43125 0.315625
1 0.16145833333333334 0.48359375 0.26666666666666666 0.146875
1 0.08854166666666667 0.625 0.17708333333333334 0.18125
1 0.28541666666666665 0.37421875 0.18125 0.1203125
1 0.353125 0.24921875 0.14791666666666667 0.1203125
1 0.571875 0.171875 0.17291666666666666 0.1328125
1 0.796875 0.2078125 0.24375 0.159375
1 0.7010416666666667 0.29765625 0.225 0.15
1 0.4375 0.0546875 0.20416666666666666 0.109375
1 0.446875 0.1546875 0.15625 0.1078125
1 0.35 0.13828125 0.13333333333333333 0.096875
1 0.259375 0.203125 0.17916666666666667 0.1125
1 0.19583333333333333 0.2828125 0.16666666666666666 0.0890625
1 0.06979166666666667 0.29609375 0.125 0.090625
1 0.11354166666666667 0.37421875 0.18125 0.0859375
1 0.03229166666666667 0.484375 0.06458333333333334 0.13125