0 0.24583333333333332 0.34609375 0.28541666666666665 0.1734375
0 0.190625 0.5 0.275 0.178125
0 0.43020833333333336 0.53125 0.21458333333333332 0.1921875
0 0.684375 0.54140625 0.25 0.1515625
0 0.6072916666666667 0.196875 0.13333333333333333 0.128125
0 0.7135416666666666 0.28359375 0.18958333333333333 0.1109375
1 0.675 0.37265625 0.21875 0.18125
0 0.7958333333333333 0.45078125 0.09791666666666667 0.1375
1 0.91875 0.4796875 0.1625 0.128125
1 0.871875 0.35625 0.1625 0.1390625
0 0.684375 0.16015625 0.1375 0.1
1 0.7583333333333333 0.24140625 0.13333333333333333 0.0921875
1 0.5583333333333333 0.08203125 0.17083333333333334 0.1078125
1 0.4375 0.1984375 0.18958333333333333 0.13125
1 0.4979166666666667 0.32265625 0.16875 0.1125
1 0.3020833333333333 0.64765625 0.2875 0.1734375
0 0.084375 0.246875 0.16875 0.171875
1 0.2520833333333333 0.21796875 0.22916666666666666 0.146875
1 0.28854166666666664 0.1015625 0.2125 0.1328125
1 0.07083333333333333 0.11015625 0.14166666666666666 0.1265625