0 0.4739583333333333 0.51484375 0.16875 0.16875
0 0.6479166666666667 0.41640625 0.275 0.1671875
0 0.565625 0.29375 0.19375 0.1375
0 0.6322916666666667 0.64765625 0.25416666666666665 0.2171875
0 0.88125 0.82109375 0.21666666666666667 0.25
0 0.3854166666666667 0.6734375 0.25416666666666665 0.2109375
1 0.9510416666666667 0.61640625 0.09375 0.1609375
0 0.9260416666666667 0.46640625 0.14791666666666667 0.1546875
1 0.9395833333333333 0.3328125 0.12083333333333333 0.146875
1 0.76875 0.31484375 0.21875 0.15625
1 0.665625 0.17421875 0.20625 0.1125
1 0.9041666666666667 0.19921875 0.19166666666666668 0.1171875