1 0.33958333333333335 0.09375 0.4875 0.1875
0 0.7145833333333333 0.315625 0.4625 0.3625
0 0.22395833333333334 0.53203125 0.42291666666666666 0.359375
0 0.63125 0.625 0.5583333333333333 0.359375
0 0.9552083333333333 0.1765625 0.08958333333333333 0.159375
1 0.9072916666666667 0.346875 0.18541666666666667 0.28125
1 0.7572916666666667 0.86875 0.3645833333333333 0.2625
1 0.2947916666666667 0.8421875 0.42916666666666664 0.315625
1 0.08125 0.8140625 0.1625 0.278125
1 0.24270833333333333 0.2359375 0.32916666666666666 0.246875
1 0.4270833333333333 0.3765625 0.27291666666666664 0.2296875
1 0.5291666666666667 0.21484375 0.29791666666666666 0.1953125