0 0.35625 0.2078125 0.2875 0.15625
0 0.6125 0.19375 0.2791666666666667 0.1515625
0 0.45 0.3328125 0.23958333333333334 0.1875
0 0.16458333333333333 0.840625 0.32708333333333334 0.2640625
0 0.2875 0.65625 0.26875 0.2015625
1 0.6770833333333334 0.3328125 0.25 0.1796875
1 0.24375 0.340625 0.2 0.165625
1 0.33958333333333335 0.0765625 0.21875 0.1515625
1 0.5916666666666667 0.06875 0.2916666666666667 0.1375
1 0.16875 0.490625 0.2604166666666667 0.1625
1 0.36666666666666664 0.4796875 0.23541666666666666 0.175
1 0.5979166666666667 0.5125 0.30625 0.2328125
1 0.5333333333333333 0.7046875 0.27708333333333335 0.2375
1 0.5270833333333333 0.8984375 0.35833333333333334 0.2015625
1 0.09166666666666666 0.6375 0.18125 0.165625