0 0.5302083333333333 0.55625 0.27291666666666664 0.2046875
0 0.6364583333333333 0.8734375 0.36875 0.253125
0 0.428125 0.78046875 0.24375 0.1453125
0 0.14791666666666667 0.7859375 0.19583333333333333 0.1203125
0 0.17916666666666667 0.89765625 0.19166666666666668 0.2046875
0 0.6635416666666667 0.3484375 0.15208333333333332 0.115625
0 0.796875 0.3953125 0.22708333333333333 0.1484375
1 0.7364583333333333 0.50546875 0.2125 0.16875
1 0.33541666666666664 0.49140625 0.22083333333333333 0.1296875
1 0.3697916666666667 0.3984375 0.1375 0.090625
1 0.3770833333333333 0.31796875 0.1125 0.0703125
1 0.453125 0.34453125 0.10416666666666667 0.0671875
1 0.51875 0.28359375 0.15208333333333332 0.0859375
1 0.5677083333333334 0.40078125 0.24375 0.1796875
1 0.8833333333333333 0.55703125 0.20208333333333334 0.146875
1 0.946875 0.6546875 0.10625 0.125
1 0.8760416666666667 0.72421875 0.24791666666666667 0.1953125
1 0.978125 0.8578125 0.04375 0.165625
1 0.85625 0.853125 0.23333333333333334 0.2328125
1 0.36041666666666666 0.89375 0.30833333333333335 0.2125
1 0.328125 0.71328125 0.17916666666666667 0.14375
1 0.153125 0.67890625 0.25625 0.1625
1 0.10729166666666666 0.59296875 0.20208333333333334 0.1125