0 0.4479166666666667 0.36875 0.275 0.2546875
0 0.63125 0.3703125 0.16041666666666668 0.1921875
0 0.5958333333333333 0.5734375 0.2708333333333333 0.2296875
0 0.09583333333333334 0.4375 0.19166666666666668 0.1609375
0 0.16666666666666666 0.85 0.29583333333333334 0.2171875
1 0.29375 0.646875 0.35208333333333336 0.2359375
1 0.475 0.8203125 0.26875 0.221875
1 0.81875 0.7515625 0.33958333333333335 0.28125
1 0.7208333333333333 0.934375 0.32708333333333334 0.1296875
1 0.86875 0.528125 0.2625 0.1953125
0 0.88125 0.3515625 0.2375 0.128125
1 0.7979166666666667 0.1984375 0.26875 0.1515625
1 0.36666666666666664 0.2 0.27708333333333335 0.1203125
1 0.11666666666666667 0.1703125 0.23125 0.1078125
0 0.05 0.29375 0.1 0.1171875
1 0.18333333333333332 0.3234375 0.19791666666666666 0.1578125