0 0.5145833333333333 0.528125 0.32083333333333336 0.2171875
0 0.9135416666666667 0.5484375 0.17291666666666666 0.171875
1 0.790625 0.6015625 0.2604166666666667 0.190625
1 0.5802083333333333 0.66875 0.2708333333333333 0.134375
1 0.39375 0.69765625 0.19583333333333333 0.1734375
1 0.46770833333333334 0.8765625 0.24375 0.246875
1 0.7020833333333333 0.83671875 0.4583333333333333 0.3140625
1 0.9125 0.76015625 0.175 0.2671875
1 0.8395833333333333 0.39765625 0.20625 0.153125
1 0.6604166666666667 0.38046875 0.16458333333333333 0.134375
1 0.534375 0.42265625 0.21041666666666667 0.08125
1 0.3416666666666667 0.51171875 0.19791666666666666 0.190625
1 0.31354166666666666 0.40703125 0.17291666666666666 0.090625
1 0.5364583333333334 0.3234375 0.12916666666666668 0.0890625
1 0.48333333333333334 0.2328125 0.18333333333333332 0.125
1 0.325 0.259375 0.19791666666666666 0.128125
1 0.2791666666666667 0.34375 0.13333333333333333 0.0703125
1 0.42916666666666664 0.36015625 0.13958333333333334 0.1125
1 0.7125 0.31328125 0.13958333333333334 0.0875
1 0.6541666666666667 0.2671875 0.10416666666666667 0.05625
1 0.78125 0.27421875 0.10625 0.0796875
1 0.9083333333333333 0.32734375 0.13333333333333333 0.090625