0 0.7385416666666667 0.58984375 0.5229166666666667 0.4015625
0 0.2833333333333333 0.6140625 0.47291666666666665 0.403125
0 0.7114583333333333 0.2578125 0.5104166666666666 0.3890625
1 0.209375 0.12265625 0.41875 0.2296875
1 0.17083333333333334 0.3109375 0.3416666666666667 0.240625
1 0.428125 0.2046875 0.3020833333333333 0.1796875
1 0.4166666666666667 0.415625 0.3 0.2453125
1 0.171875 0.7703125 0.26666666666666666 0.209375
1 0.19583333333333333 0.9171875 0.2375 0.165625
1 0.471875 0.85703125 0.49375 0.2859375
1 0.9020833333333333 0.82734375 0.19583333333333333 0.2640625
1 0.7885416666666667 0.86328125 0.26458333333333334 0.1984375
1 0.5791666666666667 0.0390625 0.20833333333333334 0.078125
1 0.7947916666666667 0.0578125 0.23125 0.115625
1 0.12395833333333334 0.4890625 0.24791666666666667 0.16875