0 0.41354166666666664 0.65546875 0.3645833333333333 0.2375
0 0.49895833333333334 0.890625 0.43125 0.21875
0 0.753125 0.74375 0.37916666666666665 0.25
1 0.853125 0.90625 0.29375 0.175
1 0.5979166666666667 0.54296875 0.27291666666666664 0.1765625
1 0.6333333333333333 0.41171875 0.26458333333333334 0.2078125
1 0.478125 0.29609375 0.21875 0.175
1 0.3854166666666667 0.19375 0.2 0.1015625
1 0.284375 0.07890625 0.23333333333333334 0.1515625
1 0.16979166666666667 0.17265625 0.19791666666666666 0.11875
1 0.22395833333333334 0.30234375 0.2791666666666667 0.203125
1 0.040625 0.25625 0.08125 0.140625
1 0.16354166666666667 0.44375 0.32708333333333334 0.265625
1 0.14375 0.728125 0.28125 0.346875
1 0.04375 0.09609375 0.0875 0.1078125
1 0.11666666666666667 0.05234375 0.12708333333333333 0.0859375
1 0.07916666666666666 0.153125 0.14375 0.0921875