0 0.509375 0.5390625 0.30625 0.2296875
0 0.440625 0.75234375 0.3458333333333333 0.2203125
0 0.7552083333333334 0.8421875 0.3229166666666667 0.2515625
1 0.5395833333333333 0.946875 0.32083333333333336 0.10625
1 0.17708333333333334 0.84765625 0.32916666666666666 0.3046875
1 0.215625 0.5796875 0.3125 0.2265625
1 0.26979166666666665 0.40546875 0.27708333333333335 0.1734375
1 0.4947916666666667 0.36875 0.21458333333333332 0.1328125
1 0.7041666666666667 0.49375 0.2 0.190625
1 0.6729166666666667 0.6421875 0.16875 0.0984375
1 0.8229166666666666 0.73125 0.24375 0.165625
1 0.04791666666666667 0.5171875 0.09583333333333334 0.16875
1 0.075 0.38671875 0.15 0.1578125
1 0.21979166666666666 0.2875 0.18958333333333333 0.121875
1 0.40520833333333334 0.2828125 0.17083333333333334 0.103125
1 0.31666666666666665 0.17109375 0.21458333333333332 0.178125
1 0.165625 0.1390625 0.14375 0.146875
1 0.06145833333333333 0.21171875 0.12291666666666666 0.0984375
1 0.125 0.265625 0.11041666666666666 0.1015625
1 0.03333333333333333 0.29296875 0.06666666666666667 0.0640625
1 0.059375 0.7015625 0.09791666666666667 0.115625