0 0.48541666666666666 0.628125 0.4395833333333333 0.2578125
0 0.21354166666666666 0.559375 0.29375 0.2453125
0 0.7052083333333333 0.271875 0.37083333333333335 0.25
1 0.5166666666666667 0.159375 0.22708333333333333 0.16875
1 0.3 0.18203125 0.33958333333333335 0.234375
1 0.48020833333333335 0.2875 0.23125 0.1171875
1 0.540625 0.42109375 0.35 0.2140625
1 0.259375 0.3375 0.23958333333333334 0.1609375
1 0.365625 0.45078125 0.16458333333333333 0.14375
1 0.7177083333333333 0.48984375 0.20833333333333334 0.153125
1 0.88125 0.4484375 0.2375 0.203125
1 0.8552083333333333 0.59453125 0.28958333333333336 0.2109375
0 0.8260416666666667 0.77578125 0.32083333333333336 0.259375
1 0.6364583333333333 0.853125 0.39791666666666664 0.29375
1 0.25729166666666664 0.83125 0.3375 0.2671875
1 0.11458333333333333 0.7828125 0.15625 0.1953125
1 0.065625 0.4078125 0.13125 0.240625
1 0.11354166666666667 0.27890625 0.19583333333333333 0.128125
1 0.134375 0.15625 0.18125 0.1515625
1 0.85 0.1375 0.17916666666666667 0.121875
1 0.8895833333333333 0.259375 0.16458333333333333 0.2