0 0.47708333333333336 0.53671875 0.32083333333333336 0.2734375
1 0.7385416666666667 0.4796875 0.33541666666666664 0.2546875
1 0.8385416666666666 0.69140625 0.3229166666666667 0.2640625
1 0.5322916666666667 0.68125 0.3541666666666667 0.234375
1 0.190625 0.63515625 0.34375 0.2875
1 0.13958333333333334 0.42578125 0.27708333333333335 0.18125
1 0.33541666666666664 0.30234375 0.3145833333333333 0.2265625
1 0.446875 0.15234375 0.24791666666666667 0.240625
1 0.19479166666666667 0.1625 0.2916666666666667 0.215625
1 0.6885416666666667 0.140625 0.27708333333333335 0.21875
1 0.86875 0.2265625 0.20625 0.1890625
1 0.8947916666666667 0.41328125 0.21041666666666667 0.2171875
1 0.953125 0.6265625 0.09375 0.190625
1 0.840625 0.0671875 0.19791666666666666 0.134375
1 0.64375 0.034375 0.2625 0.06875
1 0.409375 0.03984375 0.21875 0.0796875
1 0.19270833333333334 0.059375 0.21041666666666667 0.0859375