1 0.60625 0.5171875 0.40625 0.271875
1 0.45208333333333334 0.8140625 0.41041666666666665 0.315625
1 0.825 0.8953125 0.35 0.209375
1 0.8791666666666667 0.6484375 0.24166666666666667 0.3125
1 0.8625 0.378125 0.27291666666666664 0.2875
1 0.6604166666666667 0.721875 0.26875 0.14375
1 0.15208333333333332 0.8640625 0.30416666666666664 0.271875
1 0.28125 0.721875 0.21666666666666667 0.140625
1 0.39166666666666666 0.559375 0.19791666666666666 0.2125
1 0.59375 0.225 0.24166666666666667 0.1546875
1 0.5458333333333333 0.346875 0.3 0.128125