0 0.49895833333333334 0.6046875 0.31875 0.29375
0 0.60625 0.43515625 0.16666666666666666 0.0953125
1 0.7125 0.5359375 0.28125 0.228125
1 0.63125 0.7375 0.2625 0.178125
1 0.8708333333333333 0.69921875 0.25833333333333336 0.2515625
1 0.15 0.69375 0.2875 0.265625
1 0.37083333333333335 0.73203125 0.22291666666666668 0.2234375
0 0.2635416666666667 0.490625 0.3416666666666667 0.2390625
1 0.171875 0.31953125 0.29375 0.1671875
1 0.057291666666666664 0.44609375 0.11458333333333333 0.2390625
1 0.3729166666666667 0.23125 0.17916666666666667 0.10625
1 0.4510416666666667 0.35546875 0.3145833333333333 0.21875
1 0.6322916666666667 0.33046875 0.15416666666666667 0.16875
1 0.8145833333333333 0.26875 0.26458333333333334 0.159375
1 0.8114583333333333 0.39140625 0.23958333333333334 0.146875
1 0.946875 0.46484375 0.10625 0.1640625