1 0.15625 0.09375 0.26875 0.1875
1 0.3333333333333333 0.240625 0.27291666666666664 0.1828125
1 0.49166666666666664 0.1625 0.23333333333333334 0.1765625
1 0.5875 0.3125 0.19791666666666666 0.1640625
1 0.7645833333333333 0.3890625 0.21041666666666667 0.1640625
1 0.18958333333333333 0.3953125 0.2791666666666667 0.2265625
1 0.43125 0.41875 0.22708333333333333 0.1953125
1 0.6458333333333334 0.4828125 0.225 0.18125
1 0.79375 0.5265625 0.16666666666666666 0.14375
0 0.7625 0.6609375 0.19166666666666668 0.1546875
0 0.37916666666666665 0.7421875 0.2791666666666667 0.209375
1 0.2125 0.5953125 0.31875 0.2046875
1 0.55625 0.6203125 0.20625 0.171875
1 0.6666666666666666 0.7765625 0.21041666666666667 0.175
1 0.8541666666666666 0.8296875 0.22916666666666666 0.1921875
1 0.5270833333333333 0.896875 0.24166666666666667 0.1765625
1 0.24375 0.9140625 0.33541666666666664 0.1703125