1 0.371875 0.2109375 0.27291666666666664 0.171875
1 0.5729166666666666 0.31796875 0.25 0.1890625
1 0.659375 0.46796875 0.33958333333333335 0.1890625
1 0.40520833333333334 0.51640625 0.27708333333333335 0.196875
1 0.7489583333333333 0.6484375 0.34375 0.209375
1 0.48125 0.71796875 0.33125 0.2171875
1 0.20416666666666666 0.809375 0.3645833333333333 0.225
1 0.14791666666666667 0.5921875 0.29583333333333334 0.19375
1 0.08333333333333333 0.428125 0.16666666666666666 0.19375
1 0.26458333333333334 0.3609375 0.3229166666666667 0.2140625
1 0.07916666666666666 0.24609375 0.15833333333333333 0.2234375
1 0.5041666666666667 0.90625 0.32083333333333336 0.1875
1 0.8135416666666667 0.86171875 0.3729166666666667 0.2671875