1 0.5145833333333333 0.29375 0.3645833333333333 0.275
1 0.8625 0.3421875 0.275 0.24375
0 0.30416666666666664 0.734375 0.46875 0.29375
1 0.7145833333333333 0.75 0.39166666666666666 0.3390625
1 0.6270833333333333 0.5078125 0.3145833333333333 0.175
1 0.3125 0.496875 0.36041666666666666 0.2015625
1 0.3104166666666667 0.3390625 0.125 0.134375
0 0.5416666666666666 0.0765625 0.28541666666666665 0.1515625
1 0.71875 0.0765625 0.09166666666666666 0.153125
1 0.85 0.0515625 0.175 0.1015625
1 0.9708333333333333 0.078125 0.058333333333333334 0.15625
1 0.78125 0.1828125 0.22291666666666668 0.1359375
1 0.9520833333333333 0.1859375 0.09375 0.0984375
1 0.8583333333333333 0.5625 0.1625 0.146875
0 0.425 0.95625 0.3645833333333333 0.0859375