0 0.121875 0.56796875 0.24375 0.2234375
0 0.6083333333333333 0.3234375 0.2520833333333333 0.19375
0 0.7260416666666667 0.48125 0.32083333333333336 0.221875
0 0.21875 0.82265625 0.325 0.271875
0 0.5635416666666667 0.87421875 0.39375 0.2515625
0 0.42291666666666666 0.48828125 0.30833333333333335 0.1703125
0 0.790625 0.234375 0.25416666666666665 0.1625
1 0.13958333333333334 0.4140625 0.26458333333333334 0.1828125
1 0.04375 0.284375 0.0875 0.15625
0 0.21458333333333332 0.23125 0.26875 0.1453125
0 0.36770833333333336 0.35078125 0.28958333333333336 0.2109375
0 0.8697916666666666 0.365625 0.23958333333333334 0.1734375
1 0.915625 0.57265625 0.16875 0.2546875
1 0.590625 0.64375 0.3958333333333333 0.2765625
1 0.8239583333333333 0.71875 0.29583333333333334 0.2984375
1 0.9635416666666666 0.8 0.07291666666666667 0.2375