0 0.4239583333333333 0.29296875 0.2875 0.18125
0 0.37916666666666665 0.4765625 0.3020833333333333 0.209375
0 0.6572916666666667 0.5875 0.4395833333333333 0.2734375
0 0.15208333333333332 0.3984375 0.3 0.2078125
1 0.6802083333333333 0.375 0.3375 0.2234375
0 0.684375 0.915625 0.43125 0.16875
0 0.3458333333333333 0.20625 0.26458333333333334 0.1609375
0 0.16875 0.22265625 0.16041666666666668 0.109375
1 0.471875 0.0671875 0.24375 0.134375
1 0.665625 0.0828125 0.20208333333333334 0.1578125
1 0.796875 0.16328125 0.26875 0.1625
1 0.9479166666666666 0.21328125 0.10416666666666667 0.1953125
1 0.803125 0.2875 0.24375 0.178125
1 0.9177083333333333 0.3953125 0.16458333333333333 0.225
1 0.9239583333333333 0.61796875 0.15208333333333332 0.2609375
1 0.7729166666666667 0.7453125 0.3 0.1875
1 0.528125 0.7953125 0.25 0.2375
1 0.29375 0.63359375 0.34791666666666665 0.28125
1 0.09166666666666666 0.4875 0.18333333333333332 0.178125
1 0.20416666666666666 0.11796875 0.19375 0.128125
1 0.5416666666666666 0.18125 0.2125 0.1140625