1 0.7385416666666667 0.85390625 0.46458333333333335 0.2921875
1 0.3541666666666667 0.82890625 0.3625 0.2984375
1 0.10729166666666666 0.8296875 0.21458333333333332 0.315625
1 0.5416666666666666 0.6203125 0.37916666666666665 0.2109375
1 0.203125 0.60546875 0.35833333333333334 0.228125
1 0.1125 0.44921875 0.225 0.1984375
1 0.41041666666666665 0.44140625 0.30833333333333335 0.1953125
1 0.7166666666666667 0.46953125 0.3541666666666667 0.2375
1 0.5864583333333333 0.3109375 0.28958333333333336 0.1578125
1 0.24479166666666666 0.33046875 0.31666666666666665 0.1953125
1 0.21979166666666666 0.17578125 0.28541666666666665 0.1875
1 0.45 0.23671875 0.225 0.15
1 0.696875 0.22734375 0.2625 0.1578125
1 0.5927083333333333 0.096875 0.2708333333333333 0.1734375
1 0.375 0.10859375 0.24166666666666667 0.140625