0 0.49375 0.8265625 0.325 0.203125
0 0.22916666666666666 0.87578125 0.3104166666666667 0.2390625
0 0.528125 0.6625 0.24583333333333332 0.175
0 0.534375 0.3625 0.2125 0.13125
0 0.39375 0.2625 0.22708333333333333 0.1734375
1 0.3375 0.40625 0.22083333333333333 0.1328125
1 0.31666666666666665 0.54921875 0.24166666666666667 0.153125
1 0.30625 0.70546875 0.24791666666666667 0.171875
1 0.7572916666666667 0.66328125 0.2604166666666667 0.184375
1 0.8208333333333333 0.83515625 0.3229166666666667 0.1953125
0 0.759375 0.51328125 0.25416666666666665 0.1859375
1 0.7520833333333333 0.3546875 0.23541666666666666 0.146875
1 0.640625 0.25390625 0.19791666666666666 0.1125
1 0.5354166666666667 0.4953125 0.25416666666666665 0.15625
0 0.6020833333333333 0.1109375 0.225 0.1609375
1 0.3229166666666667 0.1078125 0.25833333333333336 0.2015625
1 0.74375 0.0921875 0.17083333333333334 0.146875