1 0.5635416666666667 0.2359375 0.3 0.2140625
1 0.64375 0.08359375 0.3125 0.1671875
1 0.8510416666666667 0.06328125 0.17708333333333334 0.1265625
1 0.815625 0.2078125 0.29375 0.2015625
1 0.8927083333333333 0.38984375 0.21458333333333332 0.2421875
1 0.703125 0.4359375 0.28125 0.196875
1 0.8333333333333334 0.6125 0.3333333333333333 0.25625
1 0.9083333333333333 0.8109375 0.18333333333333332 0.290625
1 0.71875 0.80703125 0.26458333333333334 0.25
1 0.44375 0.8265625 0.5166666666666667 0.346875
1 0.5177083333333333 0.59765625 0.35625 0.2390625
1 0.40520833333333334 0.384375 0.3145833333333333 0.2078125
1 0.2520833333333333 0.23984375 0.32083333333333336 0.2125
1 0.06458333333333334 0.1 0.12916666666666668 0.13125
1 0.06770833333333333 0.20234375 0.13541666666666666 0.1296875
1 0.115625 0.3484375 0.23125 0.278125
1 0.20833333333333334 0.55234375 0.3333333333333333 0.209375
1 0.10416666666666667 0.7203125 0.175 0.240625
1 0.04895833333333333 0.54609375 0.09791666666666667 0.1140625
1 0.275 0.7140625 0.25625 0.18125