1 0.246875 0.27109375 0.46875 0.3484375
0 0.5729166666666666 0.4515625 0.45625 0.3859375
1 0.3885416666666667 0.83828125 0.47291666666666665 0.3234375
1 0.68125 0.7140625 0.3625 0.259375
1 0.9083333333333333 0.64765625 0.18333333333333332 0.3078125
1 0.39375 0.59453125 0.3458333333333333 0.2515625
1 0.15104166666666666 0.6375 0.3020833333333333 0.2734375
1 0.134375 0.425 0.26875 0.265625
1 0.075 0.19765625 0.15 0.2453125
1 0.11145833333333334 0.090625 0.22291666666666668 0.128125
1 0.4479166666666667 0.14375 0.3958333333333333 0.2875
1 0.721875 0.27109375 0.32916666666666666 0.2453125
1 0.753125 0.090625 0.28125 0.18125
1 0.8927083333333333 0.184375 0.13125 0.1578125
1 0.8958333333333334 0.38125 0.20625 0.23125
1 0.7885416666666667 0.49140625 0.22291666666666668 0.1953125
1 0.14375 0.8796875 0.19583333333333333 0.240625