0 0.21979166666666666 0.2828125 0.28958333333333336 0.2234375
0 0.43645833333333334 0.37265625 0.32083333333333336 0.225
0 0.4979166666666667 0.8515625 0.3875 0.296875
1 0.32395833333333335 0.58515625 0.35833333333333334 0.3140625
1 0.6489583333333333 0.59765625 0.31875 0.2859375
1 0.8854166666666666 0.559375 0.22916666666666666 0.28125
1 0.76875 0.36875 0.36041666666666666 0.265625
1 0.5489583333333333 0.23828125 0.27291666666666664 0.159375
0 0.3614583333333333 0.1578125 0.25416666666666665 0.184375
1 0.16875 0.1203125 0.25 0.16875
1 0.07291666666666667 0.34296875 0.14583333333333334 0.1640625
1 0.08229166666666667 0.51640625 0.16458333333333333 0.2140625
1 0.16041666666666668 0.9046875 0.2791666666666667 0.190625