0 0.20625 0.86953125 0.37083333333333335 0.2609375
0 0.24270833333333333 0.6078125 0.4041666666666667 0.3015625
0 0.625 0.35859375 0.275 0.228125
0 0.8552083333333333 0.278125 0.26875 0.234375
0 0.5020833333333333 0.16171875 0.23125 0.1578125
0 0.3854166666666667 0.071875 0.17708333333333334 0.1046875
0 0.08125 0.1734375 0.1625 0.171875
1 0.25416666666666665 0.16953125 0.225 0.1625
1 0.4125 0.25078125 0.21458333333333332 0.1625
0 0.11041666666666666 0.33125 0.21041666666666667 0.1546875
1 0.31145833333333334 0.3859375 0.29791666666666666 0.190625
1 0.07708333333333334 0.490625 0.15416666666666667 0.1625
0 0.5770833333333333 0.56640625 0.35 0.296875
1 0.61875 0.84765625 0.42083333333333334 0.3046875
1 0.859375 0.68828125 0.28125 0.3140625
1 0.7875 0.46640625 0.21458333333333332 0.153125
1 0.9385416666666667 0.44375 0.12291666666666666 0.134375
1 0.6833333333333333 0.11015625 0.21458333333333332 0.11875
1 0.6958333333333333 0.1796875 0.20416666666666666 0.0921875
0 0.21979166666666666 0.05234375 0.15833333333333333 0.0859375