1 0.56875 0.0875 0.29791666666666666 0.1734375
1 0.7666666666666667 0.1109375 0.1625 0.1234375
1 0.9229166666666667 0.134375 0.15208333333333332 0.1671875
1 0.8125 0.2546875 0.28541666666666665 0.184375
1 0.84375 0.4609375 0.3104166666666667 0.215625
1 0.9375 0.6765625 0.12291666666666666 0.24375
1 0.68125 0.6578125 0.3770833333333333 0.24375
1 0.51875 0.4875 0.32708333333333334 0.1828125
1 0.325 0.6484375 0.32916666666666666 0.23125
1 0.2125 0.4609375 0.25625 0.1609375
1 0.35625 0.33125 0.28541666666666665 0.1640625
1 0.6208333333333333 0.3421875 0.2791666666666667 0.1765625
1 0.5125 0.2140625 0.3104166666666667 0.1734375
1 0.34375 0.1265625 0.20208333333333334 0.128125
1 0.275 0.2609375 0.22708333333333333 0.109375
1 0.10833333333333334 0.3625 0.21458333333333332 0.1453125
1 0.10208333333333333 0.6375 0.20416666666666666 0.253125
1 0.5291666666666667 0.9171875 0.3458333333333333 0.1640625
1 0.84375 0.921875 0.3104166666666667 0.1546875