1 0.3625 0.23125 0.42083333333333334 0.303125
1 0.7208333333333333 0.31796875 0.45 0.3234375
1 0.790625 0.5859375 0.41875 0.38125
1 0.5708333333333333 0.75859375 0.575 0.421875
1 0.4125 0.48359375 0.4354166666666667 0.303125
1 0.70625 0.1046875 0.4125 0.209375
1 0.34791666666666665 0.07265625 0.3625 0.1453125
1 0.08020833333333334 0.1265625 0.16041666666666668 0.15625
1 0.11145833333333334 0.29921875 0.22291666666666668 0.3328125
1 0.128125 0.56484375 0.25625 0.2828125
1 0.225 0.79921875 0.36666666666666664 0.321875