0 0.6395833333333333 0.5296875 0.45208333333333334 0.2984375
1 0.25416666666666665 0.5953125 0.4041666666666667 0.2859375
1 0.8854166666666666 0.465625 0.22916666666666666 0.2234375
1 0.53125 0.321875 0.3020833333333333 0.18125
1 0.23125 0.3703125 0.34375 0.190625
1 0.32083333333333336 0.2265625 0.23541666666666666 0.1484375
1 0.4354166666666667 0.1640625 0.22291666666666668 0.15625
1 0.63125 0.1703125 0.16875 0.1515625
0 0.8125 0.234375 0.23333333333333334 0.175
1 0.9395833333333333 0.321875 0.11875 0.1265625
1 0.78125 0.071875 0.275 0.14375
1 0.9520833333333333 0.1203125 0.09583333333333334 0.240625
1 0.5375 0.0640625 0.2833333333333333 0.1265625
1 0.2375 0.1234375 0.23958333333333334 0.128125
1 0.15833333333333333 0.03125 0.2520833333333333 0.0625
1 0.10208333333333333 0.1640625 0.20416666666666666 0.171875
1 0.06041666666666667 0.3203125 0.11875 0.1484375
1 0.041666666666666664 0.575 0.08125 0.240625