0 0.7229166666666667 0.64921875 0.43125 0.2890625
0 0.4375 0.82890625 0.4583333333333333 0.3421875
0 0.08020833333333334 0.6 0.16041666666666668 0.165625
0 0.46041666666666664 0.2328125 0.1625 0.103125
0 0.5635416666666667 0.28203125 0.20208333333333334 0.1078125
1 0.7864583333333334 0.2484375 0.275 0.203125
1 0.6770833333333334 0.3734375 0.24375 0.190625
1 0.85 0.4890625 0.3 0.215625
1 0.49375 0.521875 0.3458333333333333 0.1859375
1 0.31979166666666664 0.471875 0.25833333333333336 0.1609375
1 0.46979166666666666 0.375 0.2 0.140625
1 0.3802083333333333 0.3109375 0.17291666666666666 0.096875
1 0.23645833333333333 0.37421875 0.21666666666666667 0.1359375
1 0.10520833333333333 0.44453125 0.21041666666666667 0.1953125
1 0.27291666666666664 0.234375 0.19791666666666666 0.1421875
1 0.24479166666666666 0.1015625 0.21875 0.1546875
1 0.10833333333333334 0.15546875 0.21666666666666667 0.1859375
1 0.017708333333333333 0.20078125 0.035416666666666666 0.1953125
1 0.5802083333333333 0.16875 0.19583333333333333 0.1453125
1 0.8833333333333333 0.35625 0.20416666666666666 0.1640625
0 0.15104166666666666 0.8390625 0.175 0.2265625