0 0.18541666666666667 0.68203125 0.32708333333333334 0.2140625
0 0.18958333333333333 0.88671875 0.2791666666666667 0.2265625
0 0.421875 0.53046875 0.30833333333333335 0.1875
0 0.5552083333333333 0.0765625 0.21458333333333332 0.153125
0 0.9166666666666666 0.15546875 0.15208333333333332 0.1203125
1 0.5177083333333333 0.7265625 0.33541666666666664 0.2765625
1 0.47604166666666664 0.91328125 0.34375 0.1734375
1 0.8166666666666667 0.91484375 0.36666666666666664 0.1671875
0 0.8354166666666667 0.7515625 0.30625 0.2359375
1 0.696875 0.53359375 0.26666666666666666 0.203125
1 0.4 0.39375 0.225 0.1359375
1 0.6208333333333333 0.3890625 0.20625 0.13125
1 0.890625 0.36484375 0.21458333333333332 0.221875
1 0.9083333333333333 0.55078125 0.18333333333333332 0.2234375
1 0.7927083333333333 0.26484375 0.19583333333333333 0.146875
1 0.5479166666666667 0.24609375 0.25 0.2015625
1 0.7395833333333334 0.1578125 0.16041666666666668 0.0953125
1 0.796875 0.05078125 0.14375 0.1015625
1 0.9239583333333333 0.06171875 0.13125 0.1234375
1 0.671875 0.0734375 0.11875 0.146875
1 0.4322916666666667 0.07734375 0.10833333333333334 0.1375
1 0.39479166666666665 0.2921875 0.08958333333333333 0.0796875