1 0.3854166666666667 0.2078125 0.26458333333333334 0.165625
1 0.58125 0.3203125 0.24166666666666667 0.1828125
1 0.6604166666666667 0.471875 0.33125 0.18125
1 0.4041666666666667 0.5140625 0.26875 0.190625
1 0.7416666666666667 0.6546875 0.33541666666666664 0.2
1 0.4708333333333333 0.7171875 0.32083333333333336 0.209375
1 0.18958333333333333 0.8015625 0.3541666666666667 0.215625
1 0.14375 0.5828125 0.2875 0.1859375
1 0.08333333333333333 0.4171875 0.16666666666666666 0.1890625
1 0.2708333333333333 0.3546875 0.3125 0.20625
1 0.08333333333333333 0.2359375 0.16666666666666666 0.21875
1 0.48541666666666666 0.9078125 0.3125 0.1828125
1 0.8083333333333333 0.8703125 0.38333333333333336 0.2578125