0 0.6302083333333334 0.6515625 0.58125 0.3953125
0 0.31666666666666665 0.3703125 0.45208333333333334 0.315625
1 0.30833333333333335 0.0921875 0.37916666666666665 0.184375
1 0.71875 0.0609375 0.30416666666666664 0.121875
1 0.8395833333333333 0.1703125 0.26875 0.2734375
1 0.7385416666666667 0.42578125 0.5229166666666667 0.3640625
1 0.19270833333333334 0.6703125 0.3729166666666667 0.3046875
1 0.271875 0.8859375 0.39791666666666664 0.228125
1 0.6083333333333333 0.86796875 0.48333333333333334 0.2640625
1 0.10833333333333334 0.22421875 0.21666666666666667 0.1734375
1 0.08125 0.36171875 0.1625 0.1546875
1 0.051041666666666666 0.121875 0.10208333333333333 0.096875
1 0.584375 0.2359375 0.29375 0.215625
1 0.525 0.08203125 0.2 0.1546875