1 0.7854166666666667 0.48515625 0.33125 0.26875
1 0.615625 0.58203125 0.2125 0.153125
1 0.7885416666666667 0.70078125 0.3125 0.19375
1 0.9270833333333334 0.39921875 0.14583333333333334 0.1609375
1 0.7854166666666667 0.334375 0.23333333333333334 0.175
1 0.6125 0.29921875 0.23125 0.134375
1 0.4895833333333333 0.38671875 0.21458333333333332 0.146875
1 0.5979166666666667 0.4390625 0.17916666666666667 0.1359375
0 0.4354166666666667 0.51875 0.2708333333333333 0.18125
1 0.43125 0.67421875 0.29583333333333334 0.1953125
1 0.5770833333333333 0.790625 0.28125 0.2140625
1 0.7614583333333333 0.88828125 0.31875 0.2234375
1 0.3802083333333333 0.87421875 0.40625 0.2515625
1 0.275 0.56484375 0.22083333333333333 0.1484375
1 0.14791666666666667 0.62109375 0.25625 0.159375
1 0.18229166666666666 0.45546875 0.21041666666666667 0.1140625
1 0.071875 0.51328125 0.14375 0.1203125
1 0.32083333333333336 0.3578125 0.21875 0.1390625
1 0.43854166666666666 0.27265625 0.19791666666666666 0.1109375
1 0.603125 0.21953125 0.20625 0.1125
1 0.16354166666666667 0.37265625 0.21041666666666667 0.10625
1 0.7166666666666667 0.07421875 0.18958333333333333 0.1234375
1 0.896875 0.10390625 0.20625 0.1234375