0 0.26458333333333334 0.275 0.30416666666666664 0.2109375
0 0.36041666666666666 0.471875 0.3416666666666667 0.2328125
1 0.17708333333333334 0.653125 0.3541666666666667 0.3265625
1 0.4395833333333333 0.746875 0.2916666666666667 0.2765625
1 0.7666666666666667 0.8265625 0.40625 0.3
1 0.6833333333333333 0.559375 0.38958333333333334 0.2734375
1 0.5729166666666666 0.3390625 0.30625 0.184375
1 0.47708333333333336 0.1703125 0.27291666666666664 0.1625
1 0.30833333333333335 0.071875 0.27291666666666664 0.14375
1 0.07916666666666666 0.2953125 0.15625 0.2109375
1 0.10625 0.4546875 0.2125 0.1328125
0 0.17083333333333334 0.909375 0.3416666666666667 0.18125