0 0.6375 0.60703125 0.56875 0.396875
1 0.89375 0.6265625 0.2125 0.396875
1 0.6020833333333333 0.8046875 0.43125 0.2515625
1 0.4010416666666667 0.89375 0.47291666666666665 0.2125
1 0.23125 0.73203125 0.4 0.3140625
0 0.21770833333333334 0.459375 0.37916666666666665 0.2671875
1 0.3645833333333333 0.52578125 0.23541666666666666 0.1640625
1 0.5989583333333334 0.35390625 0.5375 0.3546875
1 0.8791666666666667 0.29921875 0.22708333333333333 0.315625
1 0.6333333333333333 0.13359375 0.42916666666666664 0.2671875
1 0.3625 0.25234375 0.3020833333333333 0.2421875
1 0.15 0.3359375 0.3 0.1875
1 0.11666666666666667 0.159375 0.23333333333333334 0.221875
1 0.41770833333333335 0.08046875 0.3020833333333333 0.1609375
1 0.046875 0.465625 0.09375 0.159375