1 0.6791666666666667 0.26875 0.4270833333333333 0.3078125
0 0.22291666666666668 0.246875 0.425 0.3328125
0 0.32708333333333334 0.5578125 0.4479166666666667 0.2984375
0 0.8041666666666667 0.58125 0.38958333333333334 0.3328125
1 0.37916666666666665 0.825 0.41041666666666665 0.2703125
1 0.7166666666666667 0.84375 0.35 0.2734375
1 0.12291666666666666 0.703125 0.2375 0.2578125
1 0.06666666666666667 0.4890625 0.12291666666666666 0.1671875
1 0.13125 0.078125 0.2625 0.1546875
1 0.6208333333333333 0.1140625 0.34791666666666665 0.1765625
1 0.91875 0.221875 0.1625 0.3
1 0.9375 0.8953125 0.125 0.209375
1 0.7041666666666667 0.0453125 0.2791666666666667 0.090625