1 0.15416666666666667 0.1140625 0.3020833333333333 0.2265625
0 0.4 0.096875 0.23333333333333334 0.1859375
0 0.3375 0.265625 0.28541666666666665 0.1703125
0 0.7854166666666667 0.396875 0.20625 0.159375
0 0.88125 0.7078125 0.23541666666666666 0.1984375
0 0.84375 0.8578125 0.3104166666666667 0.2671875
0 0.5479166666666667 0.325 0.19375 0.134375
1 0.675 0.278125 0.20208333333333334 0.1375
1 0.5083333333333333 0.2 0.20416666666666666 0.1234375
1 0.40625 0.4203125 0.225 0.146875
1 0.6479166666666667 0.446875 0.2708333333333333 0.1234375
1 0.5479166666666667 0.5578125 0.29583333333333334 0.1703125
1 0.8958333333333334 0.5078125 0.20625 0.1421875
1 0.7666666666666667 0.559375 0.2520833333333333 0.15
1 0.6979166666666666 0.6765625 0.23333333333333334 0.1609375