1 0.7375 0.45546875 0.38333333333333336 0.284375
0 0.3854166666666667 0.53984375 0.35833333333333334 0.246875
0 0.396875 0.8375 0.38125 0.325
0 0.675 0.80078125 0.39791666666666664 0.265625
1 0.8145833333333333 0.9390625 0.22916666666666666 0.121875
1 0.8947916666666667 0.66015625 0.2 0.25
1 0.9375 0.3265625 0.125 0.153125
1 0.8947916666666667 0.18359375 0.21041666666666667 0.1953125
1 0.5552083333333333 0.25 0.27708333333333335 0.1953125
1 0.7791666666666667 0.30390625 0.21666666666666667 0.1375
1 0.7333333333333333 0.2078125 0.20625 0.1453125
1 0.4354166666666667 0.33671875 0.15833333333333333 0.1375
1 0.521875 0.440625 0.17083333333333334 0.15
1 0.28541666666666665 0.4015625 0.24791666666666667 0.159375
1 0.6427083333333333 0.62421875 0.3020833333333333 0.184375
1 0.9645833333333333 0.46484375 0.07083333333333333 0.1296875