0 0.2875 0.36171875 0.4375 0.28125
1 0.6677083333333333 0.34765625 0.4083333333333333 0.359375
1 0.9072916666666667 0.396875 0.18541666666666667 0.35
1 0.9395833333333333 0.73203125 0.1125 0.315625
1 0.759375 0.9140625 0.39791666666666664 0.171875
1 0.3020833333333333 0.8515625 0.5416666666666666 0.296875
1 0.6635416666666667 0.6609375 0.6 0.3875
1 0.21145833333333333 0.6125 0.42291666666666666 0.309375
1 0.11979166666666667 0.16796875 0.22083333333333333 0.3
1 0.08125 0.42734375 0.1625 0.2203125
1 0.06458333333333334 0.86328125 0.12916666666666668 0.2515625