0 0.56875 0.496875 0.36875 0.275
1 0.6270833333333333 0.321875 0.28541666666666665 0.1703125
1 0.8604166666666667 0.290625 0.20625 0.1515625
1 0.8958333333333334 0.43125 0.20625 0.259375
1 0.9083333333333333 0.71875 0.18125 0.33125
1 0.6625 0.7203125 0.36666666666666664 0.234375
1 0.26666666666666666 0.6203125 0.33125 0.21875
1 0.26458333333333334 0.871875 0.42083333333333334 0.25625
1 0.675 0.9328125 0.4270833333333333 0.1328125
1 0.49375 0.8046875 0.18958333333333333 0.1671875
1 0.0625 0.7515625 0.125 0.19375
1 0.0625 0.5640625 0.125 0.1296875
1 0.08541666666666667 0.425 0.16458333333333333 0.1296875
1 0.25625 0.440625 0.22708333333333333 0.13125
1 0.24166666666666667 0.3171875 0.24791666666666667 0.134375
1 0.38333333333333336 0.2140625 0.26875 0.203125
1 0.64375 0.140625 0.22916666666666666 0.1328125
1 0.575 0.053125 0.175 0.0734375
1 0.07916666666666666 0.2796875 0.15 0.1515625
1 0.20208333333333334 0.184375 0.20416666666666666 0.1328125