1 0.81875 0.11875 0.22291666666666668 0.2359375
1 0.6791666666666667 0.4375 0.38958333333333334 0.2890625
1 0.6458333333333334 0.7109375 0.3375 0.2609375
1 0.36875 0.7890625 0.32708333333333334 0.25
1 0.56875 0.95625 0.2708333333333333 0.0859375
1 0.25833333333333336 0.940625 0.33541666666666664 0.1171875
1 0.1 0.90625 0.2 0.1859375
1 0.12291666666666666 0.71875 0.24583333333333332 0.225
1 0.4270833333333333 0.546875 0.275 0.2140625
1 0.15208333333333332 0.53125 0.2520833333333333 0.1921875
1 0.25416666666666665 0.371875 0.41875 0.2546875
1 0.4895833333333333 0.325 0.17083333333333334 0.1578125
1 0.28541666666666665 0.21875 0.25833333333333336 0.0859375