0 0.2125 0.6640625 0.36041666666666666 0.2984375
1 0.51875 0.1921875 0.42916666666666664 0.33125
1 0.8395833333333333 0.190625 0.29791666666666666 0.3
1 0.7958333333333333 0.4625 0.38125 0.25625
1 0.6291666666666667 0.6796875 0.3958333333333333 0.24375
1 0.3875 0.8859375 0.4375 0.209375
1 0.5 0.4421875 0.33541666666666664 0.2015625
0 0.1875 0.4015625 0.375 0.196875
1 0.25833333333333336 0.1625 0.32916666666666666 0.2875
0 0.08333333333333333 0.165625 0.16458333333333333 0.20625
0 0.10208333333333333 0.55 0.20208333333333334 0.309375