1 0.29375 0.6234375 0.39375 0.26875
1 0.5979166666666667 0.425 0.3854166666666667 0.2984375
1 0.6208333333333333 0.6734375 0.32083333333333336 0.2484375
1 0.35 0.8796875 0.37916666666666665 0.240625
1 0.09166666666666666 0.878125 0.18125 0.2421875
1 0.06041666666666667 0.6453125 0.11875 0.259375
1 0.06666666666666667 0.4109375 0.13333333333333333 0.19375
1 0.25 0.4328125 0.29375 0.209375
1 0.15625 0.2578125 0.29375 0.1859375
1 0.4125 0.2546875 0.23958333333333334 0.178125
1 0.5958333333333333 0.175 0.2375 0.1515625
1 0.81875 0.246875 0.22083333333333333 0.1296875
1 0.8916666666666667 0.3984375 0.21458333333333332 0.1734375
1 0.80625 0.5328125 0.13541666666666666 0.196875
1 0.9416666666666667 0.1703125 0.11458333333333333 0.1234375
1 0.9604166666666667 0.2875 0.07708333333333334 0.115625
1 0.7875 0.125 0.18333333333333332 0.14375
1 0.59375 0.040625 0.17916666666666667 0.0796875
1 0.36875 0.0890625 0.25 0.178125
1 0.08333333333333333 0.090625 0.16666666666666666 0.171875
1 0.17291666666666666 0.0390625 0.16041666666666668 0.078125
1 0.7354166666666667 0.0203125 0.10208333333333333 0.040625
1 0.8770833333333333 0.04375 0.12291666666666666 0.071875