0 0.6697916666666667 0.28359375 0.4166666666666667 0.2671875
1 0.7395833333333334 0.50625 0.3729166666666667 0.2515625
1 0.440625 0.52578125 0.41041666666666665 0.328125
1 0.15104166666666666 0.5171875 0.3020833333333333 0.35625
1 0.08645833333333333 0.14609375 0.17291666666666666 0.2171875
1 0.29375 0.171875 0.35833333333333334 0.2828125
1 0.5354166666666667 0.11640625 0.2833333333333333 0.1765625
1 0.7458333333333333 0.13515625 0.16875 0.128125
1 0.9229166666666667 0.4640625 0.15416666666666667 0.278125
1 0.7354166666666667 0.784375 0.5291666666666667 0.40625
1 0.378125 0.79296875 0.3541666666666667 0.290625
1 0.16041666666666668 0.8203125 0.2520833333333333 0.3015625
1 0.421875 0.32890625 0.28541666666666665 0.21875
1 0.8979166666666667 0.26640625 0.15208333333333332 0.1953125
1 0.575 0.05703125 0.2875 0.1140625