0 0.37916666666666665 0.3078125 0.42083333333333334 0.259375
0 0.23958333333333334 0.540625 0.42083333333333334 0.28125
0 0.5916666666666667 0.63125 0.31666666666666665 0.2921875
0 0.8166666666666667 0.290625 0.32708333333333334 0.196875
1 0.15416666666666667 0.109375 0.30833333333333335 0.21875
1 0.45 0.1109375 0.34791666666666665 0.2203125
1 0.7770833333333333 0.096875 0.3020833333333333 0.19375
0 0.9541666666666667 0.1171875 0.09166666666666666 0.2078125
0 0.8875 0.678125 0.22291666666666668 0.246875
1 0.925 0.4515625 0.15 0.24375
0 0.33541666666666664 0.8375 0.475 0.3171875