0 0.5333333333333333 0.58984375 0.56875 0.3765625
1 0.5979166666666667 0.34296875 0.46875 0.3125
1 0.8822916666666667 0.321875 0.23125 0.334375
1 0.8604166666666667 0.6328125 0.2791666666666667 0.375
1 0.5197916666666667 0.784375 0.48333333333333334 0.228125
1 0.2635416666666667 0.87734375 0.4354166666666667 0.2453125
1 0.16875 0.65625 0.3375 0.3140625
0 0.1875 0.3984375 0.34375 0.2109375
1 0.37083333333333335 0.2078125 0.2875 0.221875
1 0.6864583333333333 0.128125 0.3770833333333333 0.25625
1 0.140625 0.096875 0.28125 0.15625
1 0.125 0.25625 0.25 0.2