0 0.2875 0.3828125 0.39791666666666664 0.278125
0 0.7875 0.4421875 0.3020833333333333 0.2078125
1 0.6604166666666667 0.26328125 0.31875 0.21875
1 0.5385416666666667 0.4296875 0.27291666666666664 0.234375
1 0.7791666666666667 0.66875 0.4166666666666667 0.2921875
1 0.5645833333333333 0.746875 0.26458333333333334 0.2171875
1 0.30625 0.615625 0.42916666666666664 0.2890625
1 0.3958333333333333 0.8484375 0.43333333333333335 0.303125
1 0.6864583333333333 0.92421875 0.33125 0.1515625
1 0.925 0.5453125 0.15 0.175
1 0.9572916666666667 0.28984375 0.08541666666666667 0.2109375
1 0.9177083333333333 0.1796875 0.16458333333333333 0.1875
1 0.7395833333333334 0.15859375 0.25625 0.1921875
1 0.5458333333333333 0.10234375 0.22916666666666666 0.1296875
1 0.41875 0.1796875 0.3229166666666667 0.203125
1 0.17395833333333333 0.275 0.25833333333333336 0.159375
1 0.16770833333333332 0.190625 0.18333333333333332 0.096875
1 0.17083333333333334 0.11875 0.14583333333333334 0.0859375
1 0.31875 0.065625 0.2125 0.13125
1 0.19270833333333334 0.04453125 0.14791666666666667 0.0890625
1 0.49375 0.03359375 0.13333333333333333 0.0671875
1 0.896875 0.0859375 0.16875 0.084375
1 0.10729166666666666 0.5078125 0.21458333333333332 0.234375
1 0.19166666666666668 0.834375 0.19166666666666668 0.1765625