0 0.35520833333333335 0.46640625 0.5145833333333333 0.34375
0 0.29583333333333334 0.14609375 0.275 0.1234375
0 0.309375 0.24296875 0.3458333333333333 0.1625
0 0.9541666666666667 0.56953125 0.09166666666666666 0.2453125
1 0.8854166666666666 0.86953125 0.20416666666666666 0.2609375
1 0.6760416666666667 0.90078125 0.26458333333333334 0.1984375
1 0.34375 0.81640625 0.5333333333333333 0.3265625
1 0.746875 0.5328125 0.3416666666666667 0.315625
1 0.878125 0.30078125 0.24375 0.3078125
1 0.6010416666666667 0.34140625 0.22916666666666666 0.13125
1 0.6229166666666667 0.1453125 0.38958333333333334 0.2359375
1 0.8125 0.0625 0.24166666666666667 0.115625
1 0.9635416666666666 0.10546875 0.07291666666666667 0.1421875
1 0.521875 0.02578125 0.21458333333333332 0.0515625
1 0.296875 0.06171875 0.21458333333333332 0.090625
1 0.08958333333333333 0.0953125 0.14791666666666667 0.146875
1 0.07708333333333334 0.365625 0.14375 0.1953125
1 0.08020833333333334 0.571875 0.15625 0.2421875