0 0.3541666666666667 0.4703125 0.5 0.33125
0 0.2791666666666667 0.1515625 0.26875 0.1171875
0 0.29791666666666666 0.2484375 0.33958333333333335 0.153125
0 0.9583333333333334 0.5578125 0.08333333333333333 0.24375
1 0.9041666666666667 0.865625 0.19166666666666668 0.2671875
1 0.6958333333333333 0.9 0.25625 0.1984375
1 0.35833333333333334 0.8203125 0.51875 0.3125
1 0.7479166666666667 0.5265625 0.32708333333333334 0.3078125
1 0.8770833333333333 0.290625 0.24583333333333332 0.3015625
1 0.59375 0.3390625 0.22291666666666668 0.125
1 0.60625 0.1421875 0.37916666666666665 0.2265625
1 0.7916666666666666 0.0546875 0.2375 0.109375
1 0.95625 0.09375 0.0875 0.140625
1 0.5 0.025 0.2125 0.0484375
1 0.27708333333333335 0.0671875 0.21041666666666667 0.0859375
1 0.07083333333333333 0.10625 0.14166666666666666 0.14375
1 0.07083333333333333 0.3765625 0.13541666666666666 0.1921875
1 0.08333333333333333 0.5828125 0.14583333333333334 0.2390625