0 0.22604166666666667 0.87109375 0.38125 0.2578125
0 0.24791666666666667 0.6140625 0.4166666666666667 0.3109375
0 0.6177083333333333 0.35546875 0.28541666666666665 0.234375
0 0.8447916666666667 0.26875 0.27708333333333335 0.240625
0 0.4864583333333333 0.16171875 0.2375 0.1625
0 0.3645833333333333 0.07578125 0.18125 0.1078125
0 0.075 0.18515625 0.15 0.1765625
1 0.23854166666666668 0.1765625 0.23125 0.1671875
1 0.4 0.253125 0.22083333333333333 0.1671875
0 0.10520833333333333 0.340625 0.21041666666666667 0.159375
1 0.30625 0.39140625 0.30416666666666664 0.196875
1 0.07916666666666666 0.5015625 0.15833333333333333 0.165625
0 0.5802083333333333 0.5640625 0.3625 0.3046875
1 0.6354166666666666 0.84375 0.43333333333333335 0.3125
1 0.8604166666666667 0.67890625 0.2791666666666667 0.3203125
1 0.7854166666666667 0.45859375 0.22083333333333333 0.1578125
1 0.9364583333333333 0.4328125 0.12708333333333333 0.1375
1 0.6645833333333333 0.10546875 0.21875 0.1234375
1 0.6802083333333333 0.175 0.20833333333333334 0.096875
0 0.2 0.06015625 0.1625 0.0890625