0 0.22916666666666666 0.68359375 0.4583333333333333 0.4328125
0 0.6760416666666667 0.7765625 0.6479166666666667 0.446875
0 0.9510416666666667 0.8296875 0.09791666666666667 0.225
0 0.7385416666666667 0.39296875 0.5229166666666667 0.4515625
1 0.2708333333333333 0.13125 0.5083333333333333 0.2625
1 0.5979166666666667 0.07265625 0.24583333333333332 0.1453125
1 0.546875 0.23203125 0.33541666666666664 0.19375
1 0.4354166666666667 0.48046875 0.29583333333333334 0.2875
1 0.21666666666666667 0.3140625 0.35625 0.2484375
1 0.06979166666666667 0.23125 0.13958333333333334 0.20625
1 0.04479166666666667 0.11328125 0.08958333333333333 0.1171875
1 0.046875 0.39140625 0.09375 0.1703125
1 0.15208333333333332 0.48515625 0.30416666666666664 0.1796875
1 0.284375 0.9203125 0.3729166666666667 0.159375
1 0.8020833333333334 0.10234375 0.24583333333333332 0.2046875