1 0.840625 0.546875 0.31875 0.275
1 0.8833333333333333 0.809375 0.23333333333333334 0.31875
1 0.5739583333333333 0.86171875 0.38958333333333334 0.2765625
1 0.5520833333333334 0.6015625 0.30625 0.2453125
1 0.6125 0.3390625 0.36875 0.2796875
1 0.5885416666666666 0.13046875 0.3458333333333333 0.2234375
1 0.2833333333333333 0.0984375 0.35625 0.19375
1 0.22916666666666666 0.278125 0.41875 0.2484375
1 0.278125 0.49609375 0.4125 0.2609375
1 0.24895833333333334 0.728125 0.3854166666666667 0.240625
1 0.2604166666666667 0.9078125 0.35833333333333334 0.184375
1 0.053125 0.3671875 0.10625 0.209375
1 0.06666666666666667 0.1609375 0.13333333333333333 0.2375