0 0.7625 0.6015625 0.34375 0.3203125
0 0.9583333333333334 0.73125 0.08333333333333333 0.215625
1 0.7375 0.878125 0.3958333333333333 0.2421875
1 0.43125 0.8828125 0.32708333333333334 0.234375
1 0.5 0.6828125 0.26458333333333334 0.2203125
1 0.3020833333333333 0.725 0.18958333333333333 0.2109375
1 0.30416666666666664 0.5375 0.3145833333333333 0.1515625
1 0.11875 0.66875 0.23541666666666666 0.3578125
1 0.125 0.4234375 0.22916666666666666 0.1578125
1 0.225 0.2453125 0.24791666666666667 0.1703125
1 0.3958333333333333 0.3765625 0.3729166666666667 0.275
1 0.6375 0.4765625 0.1875 0.19375
1 0.6875 0.3 0.2916666666666667 0.190625
1 0.8895833333333333 0.4640625 0.22083333333333333 0.19375
1 0.8604166666666667 0.1390625 0.2791666666666667 0.21875
1 0.9125 0.3125 0.17291666666666666 0.1265625
1 0.48541666666666666 0.20625 0.2375 0.1484375
1 0.5041666666666667 0.0578125 0.22291666666666668 0.115625
1 0.6666666666666666 0.125 0.19791666666666666 0.1546875