1 0.2875 0.35625 0.3458333333333333 0.2390625
1 0.6552083333333333 0.296875 0.3 0.225
1 0.8010416666666667 0.47890625 0.37083333333333335 0.2515625
1 0.7020833333333333 0.703125 0.4583333333333333 0.309375
1 0.9427083333333334 0.7203125 0.11458333333333333 0.2625
0 0.6197916666666666 0.8921875 0.45625 0.215625
1 0.409375 0.78671875 0.26875 0.1796875
0 0.29270833333333335 0.66171875 0.35625 0.171875
1 0.190625 0.8890625 0.34375 0.221875
0 0.0875 0.44140625 0.175 0.1953125
1 0.0875 0.60390625 0.17083333333333334 0.1453125
1 0.26458333333333334 0.509375 0.29583333333333334 0.153125
1 0.18854166666666666 0.18671875 0.28541666666666665 0.1625
1 0.35 0.13828125 0.18958333333333333 0.1296875
0 0.40729166666666666 0.24375 0.1875 0.121875
1 0.5364583333333334 0.10078125 0.26666666666666666 0.153125
1 0.58125 0.22265625 0.25416666666666665 0.15
1 0.546875 0.51875 0.2625 0.209375
1 0.48020833333333335 0.36328125 0.11041666666666666 0.134375