0 0.346875 0.26875 0.2875 0.2359375
0 0.13125 0.40234375 0.2604166666666667 0.209375
0 0.33125 0.521875 0.34791666666666665 0.240625
0 0.44375 0.7984375 0.44166666666666665 0.3484375
0 0.665625 0.421875 0.26875 0.23125
1 0.8333333333333334 0.6109375 0.3333333333333333 0.296875
0 0.8135416666666667 0.875 0.33541666666666664 0.25
1 0.13854166666666667 0.71328125 0.27708333333333335 0.2890625
1 0.6135416666666667 0.27890625 0.26458333333333334 0.1625
1 0.8583333333333333 0.2375 0.23125 0.2
1 0.9010416666666666 0.4 0.19791666666666666 0.2
1 0.8833333333333333 0.09375 0.23333333333333334 0.1625
1 0.7083333333333334 0.05625 0.21666666666666667 0.1046875
1 0.6427083333333333 0.15390625 0.225 0.1671875
1 0.5010416666666667 0.05546875 0.19375 0.1109375
1 0.4322916666666667 0.1625 0.18125 0.140625
1 0.9864583333333333 0.246875 0.027083333333333334 0.140625