1 0.39791666666666664 0.3046875 0.5083333333333333 0.3828125
1 0.6614583333333334 0.31484375 0.24375 0.2375
1 0.546875 0.1203125 0.3854166666666667 0.240625
1 0.8489583333333334 0.1328125 0.3020833333333333 0.221875
1 0.878125 0.3 0.24375 0.234375
1 0.9739583333333334 0.178125 0.052083333333333336 0.140625
1 0.8760416666666667 0.50546875 0.24791666666666667 0.2453125
1 0.8447916666666667 0.71484375 0.2833333333333333 0.3015625
1 0.7333333333333333 0.9234375 0.37916666666666665 0.153125
1 0.3645833333333333 0.9109375 0.42083333333333334 0.178125
1 0.6375 0.76953125 0.39166666666666666 0.290625
1 0.315625 0.7125 0.33541666666666664 0.2828125
1 0.640625 0.53125 0.36875 0.275
1 0.3020833333333333 0.496875 0.35625 0.19375
1 0.11145833333333334 0.57578125 0.22291666666666668 0.2734375
1 0.11979166666666667 0.8140625 0.23958333333333334 0.271875
1 0.11770833333333333 0.353125 0.22083333333333333 0.221875
1 0.14895833333333333 0.1640625 0.20208333333333334 0.1953125