0 0.6739583333333333 0.33359375 0.4479166666666667 0.2921875
1 0.4197916666666667 0.12421875 0.46875 0.2484375
1 0.91875 0.3390625 0.1625 0.2875
1 0.8666666666666667 0.64921875 0.26666666666666666 0.3546875
1 0.6447916666666667 0.828125 0.6145833333333334 0.34375
1 0.5229166666666667 0.565625 0.49166666666666664 0.3109375
1 0.21979166666666666 0.83203125 0.4395833333333333 0.3296875
1 0.12604166666666666 0.565625 0.2520833333333333 0.3125
1 0.28125 0.35546875 0.46458333333333335 0.3171875
1 0.12604166666666666 0.2296875 0.22708333333333333 0.26875
1 0.12916666666666668 0.059375 0.1875 0.11875