1 0.46458333333333335 0.26875 0.33541666666666664 0.2171875
1 0.5895833333333333 0.478125 0.35833333333333334 0.2390625
0 0.8916666666666667 0.5796875 0.21666666666666667 0.28125
0 0.65 0.7515625 0.32083333333333336 0.290625
1 0.3145833333333333 0.6671875 0.35833333333333334 0.284375
1 0.9041666666666667 0.840625 0.18958333333333333 0.271875
1 0.81875 0.95625 0.30416666666666664 0.0859375
1 0.4979166666666667 0.9140625 0.38333333333333336 0.1703125
1 0.14166666666666666 0.8765625 0.2833333333333333 0.2171875
1 0.24791666666666667 0.9734375 0.25416666666666665 0.053125
1 0.09166666666666666 0.634375 0.18333333333333332 0.25625
1 0.25416666666666665 0.421875 0.3458333333333333 0.2421875
1 0.13125 0.2671875 0.2604166666666667 0.21875