0 0.6020833333333333 0.39375 0.42291666666666666 0.3515625
0 0.5541666666666667 0.69921875 0.5708333333333333 0.4109375
0 0.17395833333333333 0.640625 0.34791666666666665 0.403125
1 0.2552083333333333 0.14375 0.39375 0.2875
1 0.6135416666666667 0.103125 0.28125 0.20625
1 0.803125 0.15703125 0.21458333333333332 0.16875
1 0.8833333333333333 0.23671875 0.23333333333333334 0.1515625
1 0.8625 0.4234375 0.275 0.303125
1 0.7322916666666667 0.89765625 0.3770833333333333 0.2046875
1 0.21770833333333334 0.87734375 0.4354166666666667 0.2296875
1 0.32708333333333334 0.46328125 0.3145833333333333 0.246875
1 0.15416666666666667 0.33515625 0.27708333333333335 0.20625
1 0.4125 0.28046875 0.28541666666666665 0.196875
1 0.44583333333333336 0.11796875 0.22708333333333333 0.190625
1 0.9072916666666667 0.10859375 0.18541666666666667 0.1359375
1 0.846875 0.6171875 0.21666666666666667 0.1640625