0 0.5572916666666666 0.2359375 0.3333333333333333 0.2578125
0 0.44375 0.44140625 0.3229166666666667 0.2421875
0 0.225 0.6 0.36666666666666664 0.240625
0 0.5114583333333333 0.74765625 0.43125 0.315625
0 0.8479166666666667 0.5640625 0.30416666666666664 0.309375
0 0.7072916666666667 0.9203125 0.47708333333333336 0.159375
0 0.7416666666666667 0.265625 0.1875 0.1859375
0 0.56875 0.06953125 0.20833333333333334 0.1390625
1 0.75625 0.0515625 0.21666666666666667 0.103125
1 0.746875 0.13671875 0.2 0.1421875
1 0.9052083333333333 0.3453125 0.175 0.19375
1 0.8864583333333333 0.19296875 0.16458333333333333 0.15625
1 0.29270833333333335 0.875 0.3645833333333333 0.25
1 0.9229166666666667 0.76171875 0.15416666666666667 0.3328125
1 0.7052083333333333 0.41015625 0.29791666666666666 0.1953125
1 0.5854166666666667 0.5734375 0.24583333333333332 0.1875