0 0.440625 0.4984375 0.42083333333333334 0.271875
0 0.5541666666666667 0.2625 0.4375 0.35625
0 0.7916666666666666 0.45703125 0.38125 0.2234375
0 0.953125 0.1578125 0.09375 0.190625
1 0.896875 0.32265625 0.20625 0.2171875
1 0.734375 0.69375 0.5270833333333333 0.428125
1 0.3145833333333333 0.7796875 0.6208333333333333 0.440625
0 0.15416666666666667 0.29296875 0.26875 0.2625
1 0.32708333333333334 0.3140625 0.21875 0.2046875
1 0.309375 0.1109375 0.36041666666666666 0.221875
1 0.6729166666666667 0.0875 0.39166666666666666 0.175
1 0.890625 0.159375 0.15416666666666667 0.19375
1 0.9614583333333333 0.51796875 0.07708333333333334 0.1828125