0 0.43645833333333334 0.640625 0.425 0.3859375
0 0.5427083333333333 0.36796875 0.44583333333333336 0.3046875
0 0.490625 0.13203125 0.3854166666666667 0.2640625
1 0.309375 0.0515625 0.27291666666666664 0.103125
1 0.6895833333333333 0.09453125 0.32083333333333336 0.1890625
1 0.9104166666666667 0.14140625 0.17916666666666667 0.1734375
1 0.9104166666666667 0.2734375 0.17916666666666667 0.303125
1 0.8635416666666667 0.45625 0.27291666666666664 0.20625
1 0.6927083333333334 0.559375 0.3020833333333333 0.2078125
1 0.8666666666666667 0.64453125 0.26666666666666666 0.2796875
1 0.6895833333333333 0.82109375 0.49583333333333335 0.3578125
1 0.178125 0.49453125 0.35625 0.3921875
1 0.11145833333333334 0.72109375 0.22291666666666668 0.2265625
1 0.23229166666666667 0.22421875 0.37083333333333335 0.315625