0 0.159375 0.38984375 0.31666666666666665 0.21875
0 0.2604166666666667 0.153125 0.24166666666666667 0.134375
0 0.9322916666666666 0.33671875 0.13541666666666666 0.1140625
0 0.8760416666666667 0.446875 0.24791666666666667 0.196875
1 0.33125 0.290625 0.3333333333333333 0.1875
1 0.4354166666666667 0.43671875 0.2791666666666667 0.196875
1 0.6260416666666667 0.4640625 0.22708333333333333 0.1640625
1 0.7604166666666666 0.61875 0.37916666666666665 0.25625
1 0.4895833333333333 0.68671875 0.4083333333333333 0.2953125
1 0.225 0.57734375 0.3125 0.225
1 0.17395833333333333 0.8171875 0.34791666666666665 0.31875
1 0.49166666666666664 0.89296875 0.4083333333333333 0.2140625
1 0.6 0.28515625 0.20208333333333334 0.1453125
1 0.7479166666666667 0.31328125 0.19166666666666668 0.1609375
0 0.81875 0.2125 0.16666666666666666 0.109375
1 0.9354166666666667 0.27265625 0.12916666666666668 0.0921875
1 0.9447916666666667 0.2171875 0.11041666666666666 0.071875
1 0.6697916666666667 0.22265625 0.17083333333333334 0.0921875
0 0.6833333333333333 0.1703125 0.13125 0.0640625
0 0.5833333333333334 0.14453125 0.12083333333333333 0.078125
1 0.5385416666666667 0.1890625 0.11875 0.0796875
1 0.484375 0.22421875 0.14375 0.125
1 0.4666666666666667 0.11328125 0.15416666666666667 0.1125
0 0.3489583333333333 0.05390625 0.22291666666666668 0.1078125
0 0.19583333333333333 0.0546875 0.19583333333333333 0.109375
0 0.11979166666666667 0.2328125 0.15 0.165625
1 0.03854166666666667 0.71796875 0.07708333333333334 0.2296875