0 0.5604166666666667 0.5875 0.3875 0.2140625
1 0.35208333333333336 0.7609375 0.32916666666666666 0.25
1 0.6875 0.8484375 0.3416666666666667 0.3015625
1 0.15833333333333333 0.8703125 0.3145833333333333 0.2484375
0 0.09166666666666666 0.665625 0.18125 0.209375
1 0.20208333333333334 0.5265625 0.3541666666666667 0.215625
1 0.6229166666666667 0.3984375 0.31875 0.2078125
0 0.325 0.3359375 0.35208333333333336 0.2140625
0 0.5916666666666667 0.178125 0.28541666666666665 0.25
1 0.29791666666666666 0.125 0.32083333333333336 0.19375
1 0.10416666666666667 0.290625 0.20625 0.2984375
1 0.06875 0.0890625 0.13541666666666666 0.1515625