0 0.7083333333333334 0.81875 0.42916666666666664 0.296875
0 0.4270833333333333 0.5203125 0.34791666666666665 0.29375
1 0.7729166666666667 0.5890625 0.3854166666666667 0.2421875
1 0.275 0.7796875 0.45416666666666666 0.3140625
1 0.1125 0.909375 0.22291666666666668 0.1796875
1 0.48333333333333334 0.95 0.30416666666666664 0.0984375
1 0.725 0.3375 0.39791666666666664 0.2734375
1 0.35625 0.2625 0.40208333333333335 0.2296875
1 0.14583333333333334 0.4515625 0.2916666666666667 0.3359375
1 0.075 0.19375 0.15 0.2046875
1 0.18541666666666667 0.078125 0.37083333333333335 0.15625