0 0.45 0.40703125 0.35208333333333336 0.303125
0 0.73125 0.50546875 0.375 0.2609375
0 0.2604166666666667 0.42734375 0.14375 0.1171875
0 0.60625 0.19609375 0.25625 0.190625
0 0.49166666666666664 0.65078125 0.38333333333333336 0.221875
0 0.059375 0.46640625 0.11875 0.1421875
1 0.31354166666666666 0.0625 0.2604166666666667 0.125
1 0.5885416666666666 0.07265625 0.15833333333333333 0.11875
1 0.8 0.23046875 0.15625 0.078125
1 0.9302083333333333 0.27109375 0.13958333333333334 0.1703125
1 0.7270833333333333 0.33203125 0.3125 0.16875
1 0.8197916666666667 0.66640625 0.33125 0.2046875
1 0.8583333333333333 0.8796875 0.17916666666666667 0.240625
1 0.621875 0.86640625 0.40208333333333335 0.2671875
1 0.25416666666666665 0.8265625 0.42083333333333334 0.2984375
1 0.18541666666666667 0.58046875 0.37083333333333335 0.2859375
0 0.13125 0.340625 0.2375 0.196875
1 0.33125 0.26171875 0.325 0.203125
1 0.121875 0.20546875 0.14583333333333334 0.109375
1 0.8041666666666667 0.1671875 0.15 0.0828125
1 0.9302083333333333 0.1625 0.13958333333333334 0.125
1 0.7770833333333333 0.10859375 0.14375 0.0703125
1 0.825 0.0609375 0.14166666666666666 0.0703125
1 0.903125 0.4765625 0.16458333333333333 0.1765625
1 0.9572916666666667 0.46953125 0.08541666666666667 0.1484375