0 0.584375 0.490625 0.32708333333333334 0.2453125
1 0.234375 0.496875 0.41041666666666665 0.25625
1 0.4239583333333333 0.67890625 0.39791666666666664 0.2765625
1 0.6927083333333334 0.85703125 0.5020833333333333 0.2859375
1 0.26458333333333334 0.8765625 0.49583333333333335 0.246875
1 0.13229166666666667 0.69375 0.26458333333333334 0.334375
1 0.8135416666666667 0.6671875 0.36875 0.3359375
1 0.8635416666666667 0.4578125 0.27291666666666664 0.190625
1 0.7885416666666667 0.31796875 0.24583333333333332 0.184375
1 0.6479166666666667 0.178125 0.2833333333333333 0.1734375
1 0.55625 0.28671875 0.32083333333333336 0.2265625
1 0.2947916666666667 0.3015625 0.3770833333333333 0.2578125
1 0.32916666666666666 0.1375 0.27708333333333335 0.16875
1 0.115625 0.35546875 0.225 0.246875