1 0.13541666666666666 0.58984375 0.26666666666666666 0.2015625
1 0.3333333333333333 0.6015625 0.41041666666666665 0.234375
1 0.3875 0.43984375 0.3375 0.1828125
1 0.5927083333333333 0.36640625 0.3 0.1953125
1 0.7520833333333333 0.2890625 0.3145833333333333 0.2625
1 0.8083333333333333 0.17265625 0.22708333333333333 0.184375
1 0.828125 0.46015625 0.3375 0.2359375
1 0.5875 0.52734375 0.31875 0.2203125
1 0.8229166666666666 0.665625 0.3541666666666667 0.3
1 0.5760416666666667 0.76796875 0.42916666666666664 0.315625
1 0.265625 0.82890625 0.35208333333333336 0.303125