0 0.38125 0.1109375 0.275 0.184375
0 0.2989583333333333 0.4234375 0.27291666666666664 0.1859375
0 0.22916666666666666 0.56640625 0.32708333333333334 0.1890625
0 0.051041666666666666 0.5546875 0.10208333333333333 0.140625
1 0.15729166666666666 0.13984375 0.23125 0.1859375
1 0.11666666666666667 0.28828125 0.23333333333333334 0.1953125
1 0.096875 0.4375 0.19375 0.15625
1 0.5458333333333333 0.44375 0.2520833333333333 0.1765625
1 0.553125 0.6 0.31875 0.159375
0 0.5875 0.2796875 0.2833333333333333 0.2125
1 0.35 0.26953125 0.2833333333333333 0.1828125
1 0.6052083333333333 0.0953125 0.27291666666666664 0.190625