1 0.8166666666666667 0.61796875 0.36666666666666664 0.2953125
1 0.7802083333333333 0.8578125 0.32708333333333334 0.284375
1 0.43645833333333334 0.85546875 0.41875 0.2890625
1 0.5125 0.60859375 0.3333333333333333 0.2640625
1 0.6677083333333333 0.36875 0.39791666666666664 0.3015625
1 0.7208333333333333 0.16328125 0.36875 0.2453125
1 0.4395833333333333 0.0890625 0.375 0.178125
1 0.321875 0.23046875 0.44375 0.275
1 0.2875 0.45 0.4395833333333333 0.2875
1 0.18958333333333333 0.6671875 0.37916666666666665 0.265625
1 0.15208333333333332 0.85546875 0.30416666666666664 0.2359375
1 0.10625 0.27734375 0.1625 0.215625
1 0.18125 0.1015625 0.21666666666666667 0.203125