1 0.696875 0.55625 0.44166666666666665 0.3125
1 0.4354166666666667 0.67578125 0.4666666666666667 0.3578125
1 0.6041666666666666 0.89921875 0.475 0.2015625
1 0.8822916666666667 0.72890625 0.21041666666666667 0.3109375
1 0.915625 0.459375 0.16875 0.296875
1 0.85 0.134375 0.3 0.225
1 0.5125 0.1515625 0.4166666666666667 0.303125
1 0.3489583333333333 0.4078125 0.3854166666666667 0.2796875
1 0.15729166666666666 0.59375 0.3145833333333333 0.315625
1 0.15729166666666666 0.840625 0.3145833333333333 0.275
1 0.10520833333333333 0.39375 0.21041666666666667 0.2125
1 0.2520833333333333 0.2171875 0.31875 0.25625
0 0.159375 0.1015625 0.19791666666666666 0.203125
1 0.359375 0.059375 0.32708333333333334 0.11875
1 0.8635416666666667 0.93515625 0.12291666666666666 0.1296875
1 0.7583333333333333 0.29375 0.42916666666666664 0.3453125