0 0.484375 0.31484375 0.2833333333333333 0.2359375
1 0.7197916666666667 0.3078125 0.2604166666666667 0.203125
1 0.7864583333333334 0.48984375 0.38125 0.275
1 0.49270833333333336 0.55625 0.41041666666666665 0.2890625
1 0.7645833333333333 0.72265625 0.42291666666666666 0.2625
1 0.17604166666666668 0.6078125 0.35208333333333336 0.271875
1 0.27708333333333335 0.42421875 0.2604166666666667 0.1875
1 0.20625 0.28125 0.28541666666666665 0.1796875
1 0.36875 0.16328125 0.24375 0.1671875
1 0.43333333333333335 0.07578125 0.23125 0.1125
1 0.6177083333333333 0.153125 0.2791666666666667 0.153125
1 0.20416666666666666 0.14375 0.19583333333333333 0.125