0 0.575 0.8171875 0.45416666666666666 0.365625
1 0.225 0.6015625 0.4395833333333333 0.328125
1 0.5708333333333333 0.4796875 0.36875 0.215625
1 0.8541666666666666 0.5796875 0.2916666666666667 0.3140625
1 0.9270833333333334 0.865625 0.14583333333333334 0.26875
1 0.7916666666666666 0.284375 0.3625 0.290625
1 0.8854166666666666 0.0828125 0.22916666666666666 0.1640625
1 0.6208333333333333 0.115625 0.32708333333333334 0.2296875
1 0.42916666666666664 0.28125 0.34375 0.225
1 0.20833333333333334 0.409375 0.3458333333333333 0.1515625
1 0.11041666666666666 0.28125 0.21875 0.1734375
1 0.29375 0.1453125 0.35 0.178125
0 0.44375 0.040625 0.20416666666666666 0.0796875