0 0.28541666666666665 0.66484375 0.5375 0.31875
0 0.5041666666666667 0.903125 0.55 0.19375
1 0.42604166666666665 0.2046875 0.43125 0.2921875
1 0.815625 0.2109375 0.33958333333333335 0.2875
1 0.871875 0.0578125 0.18541666666666667 0.115625
1 0.68125 0.08046875 0.22916666666666666 0.1609375
0 0.4125 0.0359375 0.26666666666666666 0.071875
1 0.2604166666666667 0.4359375 0.38333333333333336 0.2328125
1 0.5802083333333333 0.4234375 0.3375 0.2125
1 0.7489583333333333 0.634375 0.39375 0.34375
1 0.825 0.421875 0.18333333333333332 0.1625
1 0.9552083333333333 0.61953125 0.08958333333333333 0.3109375
1 0.875 0.88984375 0.25 0.1953125
1 0.12395833333333334 0.88984375 0.19375 0.2203125