1 0.15520833333333334 0.12734375 0.3104166666666667 0.1984375
1 0.0625 0.26640625 0.125 0.1578125
1 0.296875 0.31171875 0.31875 0.221875
1 0.5802083333333333 0.39453125 0.3333333333333333 0.253125
1 0.6041666666666666 0.59296875 0.3125 0.2109375
0 0.5416666666666666 0.77578125 0.35833333333333334 0.2078125
0 0.33541666666666664 0.5453125 0.28958333333333336 0.2515625
1 0.1125 0.48828125 0.225 0.2890625
1 0.20416666666666666 0.734375 0.36666666666666664 0.2265625
1 0.08541666666666667 0.853125 0.14791666666666667 0.2375
1 0.3489583333333333 0.90625 0.3229166666666667 0.1875
1 0.6416666666666667 0.93046875 0.30833333333333335 0.1390625