1 0.7989583333333333 0.415625 0.40208333333333335 0.321875
1 0.7739583333333333 0.70078125 0.45208333333333334 0.3484375
1 0.40520833333333334 0.84609375 0.47291666666666665 0.3078125
1 0.23333333333333334 0.64296875 0.32708333333333334 0.2109375
1 0.41875 0.45546875 0.4625 0.271875
1 0.10625 0.52734375 0.2125 0.1953125
1 0.11354166666666667 0.78515625 0.2125 0.290625
1 0.19895833333333332 0.309375 0.22708333333333333 0.1734375
1 0.48020833333333335 0.215625 0.2875 0.253125
1 0.25416666666666665 0.096875 0.32083333333333336 0.1875
1 0.06979166666666667 0.2171875 0.13958333333333334 0.1875
1 0.13541666666666666 0.059375 0.17916666666666667 0.103125
1 0.036458333333333336 0.07578125 0.07291666666666667 0.1171875