0 0.15625 0.853125 0.27708333333333335 0.234375
0 0.15625 0.63125 0.3020833333333333 0.196875
0 0.3958333333333333 0.4625 0.26666666666666666 0.165625
1 0.48541666666666666 0.6546875 0.32083333333333336 0.2375
1 0.8083333333333333 0.6796875 0.2833333333333333 0.23125
1 0.4625 0.8828125 0.3 0.234375
1 0.8 0.8859375 0.36875 0.2265625
1 0.66875 0.4546875 0.25 0.2078125
1 0.8979166666666667 0.471875 0.20208333333333334 0.203125
1 0.8916666666666667 0.284375 0.21458333333333332 0.2328125
1 0.6166666666666667 0.3265625 0.24166666666666667 0.13125
1 0.37083333333333335 0.328125 0.25 0.1359375
1 0.49583333333333335 0.1734375 0.26666666666666666 0.2
1 0.7645833333333333 0.1859375 0.20833333333333334 0.1703125
0 0.8895833333333333 0.0859375 0.16875 0.1109375
1 0.70625 0.09375 0.175 0.1015625
0 0.5020833333333333 0.040625 0.225 0.08125
1 0.3875 0.0515625 0.12291666666666666 0.1015625
1 0.64375 0.034375 0.07708333333333334 0.0671875
1 0.9041666666666667 0.0203125 0.18958333333333333 0.040625