0 0.3770833333333333 0.20234375 0.29791666666666666 0.1671875
0 0.6333333333333333 0.1984375 0.28958333333333336 0.1625
0 0.46145833333333336 0.33125 0.2520833333333333 0.196875
0 0.15729166666666666 0.82734375 0.3145833333333333 0.2765625
0 0.27708333333333335 0.64765625 0.2833333333333333 0.2125
1 0.6885416666666667 0.33984375 0.2625 0.1890625
1 0.2552083333333333 0.33046875 0.21041666666666667 0.1734375
1 0.36875 0.075 0.22916666666666666 0.15
1 0.6208333333333333 0.0734375 0.3 0.146875
1 0.16979166666666667 0.47734375 0.2708333333333333 0.171875
1 0.36875 0.47421875 0.24791666666666667 0.184375
1 0.596875 0.51640625 0.3229166666666667 0.24375
1 0.51875 0.70546875 0.29375 0.2484375
1 0.49895833333333334 0.8953125 0.3729166666666667 0.209375
1 0.08854166666666667 0.6203125 0.17708333333333334 0.171875