0 0.40208333333333335 0.5828125 0.60625 0.396875
1 0.56875 0.38046875 0.49166666666666664 0.328125
1 0.85625 0.4375 0.2875 0.359375
1 0.7645833333333333 0.715625 0.45 0.4
1 0.3104166666666667 0.78828125 0.44166666666666665 0.259375
1 0.13020833333333334 0.83125 0.2604166666666667 0.259375
1 0.103125 0.590625 0.20625 0.29375
0 0.20416666666666666 0.34140625 0.35625 0.2515625
1 0.43854166666666666 0.21328125 0.2708333333333333 0.203125
1 0.7489583333333333 0.18359375 0.42083333333333334 0.3078125
1 0.5979166666666667 0.07578125 0.30833333333333335 0.1515625
1 0.2520833333333333 0.0671875 0.2833333333333333 0.134375
1 0.18645833333333334 0.21953125 0.2604166666666667 0.1890625
1 0.403125 0.0671875 0.16458333333333333 0.134375