1 0.3927083333333333 0.1359375 0.38125 0.246875
1 0.6947916666666667 0.24296875 0.36875 0.2328125
1 0.6395833333333333 0.42421875 0.40625 0.334375
1 0.365625 0.33203125 0.4041666666666667 0.2921875
1 0.1625 0.2546875 0.2375 0.221875
1 0.17083333333333334 0.10078125 0.125 0.128125
1 0.16770833333333332 0.471875 0.33541666666666664 0.30625
1 0.41770833333333335 0.61640625 0.46041666666666664 0.38125
1 0.7958333333333333 0.61953125 0.3770833333333333 0.2859375
1 0.7770833333333333 0.81796875 0.3458333333333333 0.3515625
0 0.5645833333333333 0.85546875 0.5291666666666667 0.2890625
1 0.16145833333333334 0.75234375 0.3229166666666667 0.3859375