0 0.69375 0.84375 0.50625 0.3125
0 0.19375 0.3 0.23541666666666666 0.16875
0 0.425 0.54375 0.2916666666666667 0.13125
1 0.69375 0.434375 0.225 0.1921875
1 0.7979166666666667 0.6296875 0.40208333333333335 0.3046875
1 0.5020833333333333 0.66875 0.25 0.1375
1 0.24583333333333332 0.7578125 0.34375 0.29375
1 0.225 0.9515625 0.2375 0.0953125
1 0.20833333333333334 0.453125 0.24583333333333332 0.1359375
1 0.4375 0.39375 0.25416666666666665 0.1265625
1 0.86875 0.2359375 0.2625 0.1734375
1 0.9104166666666667 0.4421875 0.17708333333333334 0.2328125
1 0.8145833333333333 0.1625 0.24791666666666667 0.1453125
1 0.8 0.0515625 0.2604166666666667 0.103125
1 0.6 0.0421875 0.14166666666666666 0.0828125
1 0.625 0.134375 0.15416666666666667 0.1109375
1 0.5041666666666667 0.2109375 0.33125 0.2515625
1 0.41458333333333336 0.06875 0.20833333333333334 0.1359375
1 0.30833333333333335 0.159375 0.10625 0.1015625
1 0.18333333333333332 0.1953125 0.17083333333333334 0.075