1 0.6625 0.05546875 0.25 0.1109375
1 0.4947916666666667 0.096875 0.19166666666666668 0.1203125
1 0.3541666666666667 0.0703125 0.16041666666666668 0.09375
1 0.334375 0.209375 0.175 0.1375
1 0.5291666666666667 0.215625 0.24791666666666667 0.1765625
1 0.18958333333333333 0.28046875 0.24583333333333332 0.121875
1 0.25729166666666664 0.3921875 0.22083333333333333 0.1703125
0 0.4666666666666667 0.353125 0.25625 0.1890625
1 0.6322916666666667 0.46796875 0.22708333333333333 0.19375
1 0.8291666666666667 0.52578125 0.33125 0.234375
1 0.22395833333333334 0.51640625 0.20416666666666666 0.109375
1 0.44479166666666664 0.51015625 0.22916666666666666 0.1109375
1 0.221875 0.675 0.28958333333333336 0.184375
1 0.45208333333333334 0.62734375 0.3145833333333333 0.228125
1 0.396875 0.78125 0.2708333333333333 0.1640625
1 0.659375 0.740625 0.2791666666666667 0.234375
1 0.8885416666666667 0.72421875 0.22291666666666668 0.2265625
1 0.5958333333333333 0.92578125 0.30833333333333335 0.1484375
1 0.8729166666666667 0.90546875 0.25416666666666665 0.1546875