0 0.4552083333333333 0.6078125 0.3375 0.1890625
0 0.9302083333333333 0.60625 0.13958333333333334 0.203125
1 0.8197916666666667 0.74453125 0.3125 0.253125
1 0.5416666666666666 0.81640625 0.30625 0.2640625
1 0.24791666666666667 0.77109375 0.2875 0.2421875
1 0.30520833333333336 0.428125 0.3729166666666667 0.2140625
1 0.3416666666666667 0.24140625 0.2791666666666667 0.2375
1 0.590625 0.25703125 0.3229166666666667 0.2859375
1 0.8520833333333333 0.325 0.28958333333333336 0.28125
1 0.7052083333333333 0.50859375 0.33541666666666664 0.228125
1 0.9552083333333333 0.86328125 0.08958333333333333 0.2234375
1 0.8510416666666667 0.125 0.2708333333333333 0.21875
1 0.546875 0.07578125 0.33541666666666664 0.1515625