1 0.2833333333333333 0.815625 0.5333333333333333 0.3203125
1 0.7635416666666667 0.75703125 0.47291666666666665 0.3734375
0 0.2947916666666667 0.534375 0.5166666666666667 0.3171875
1 0.69375 0.49921875 0.35208333333333336 0.2515625
1 0.5666666666666667 0.33671875 0.25833333333333336 0.178125
0 0.25104166666666666 0.3140625 0.39791666666666664 0.2546875
0 0.7072916666666667 0.23984375 0.20833333333333334 0.1625
1 0.8177083333333334 0.3703125 0.23125 0.159375
1 0.9145833333333333 0.528125 0.17083333333333334 0.23125
1 0.39166666666666666 0.1875 0.26875 0.18125
1 0.175 0.10078125 0.25833333333333336 0.1796875
1 0.38333333333333336 0.0546875 0.18333333333333332 0.109375
1 0.540625 0.153125 0.16041666666666668 0.1875
1 0.8885416666666667 0.28203125 0.19583333333333333 0.1625
1 0.7375 0.18046875 0.175 0.1125