0 0.38333333333333336 0.5484375 0.42916666666666664 0.2609375
0 0.12708333333333333 0.45390625 0.25416666666666665 0.3015625
0 0.19375 0.7375 0.34791666666666665 0.2171875
0 0.58125 0.76640625 0.33125 0.253125
0 0.37604166666666666 0.2125 0.27291666666666664 0.140625
1 0.503125 0.346875 0.30416666666666664 0.178125
1 0.7114583333333333 0.51484375 0.26875 0.2203125
1 0.9052083333333333 0.53046875 0.18958333333333333 0.2140625
1 0.88125 0.81328125 0.2375 0.2859375
1 0.7083333333333334 0.94921875 0.3020833333333333 0.0984375
1 0.228125 0.92421875 0.42291666666666666 0.1515625
1 0.15520833333333334 0.31953125 0.3104166666666667 0.1671875
1 0.175 0.09765625 0.21666666666666667 0.16875
1 0.35520833333333335 0.07421875 0.18333333333333332 0.13125
1 0.5104166666666666 0.10078125 0.1625 0.1390625
1 0.5614583333333333 0.215625 0.11666666666666667 0.0921875
1 0.7458333333333333 0.2828125 0.18333333333333332 0.1609375
1 0.9208333333333333 0.275 0.14583333333333334 0.16875
1 0.7739583333333333 0.16796875 0.14583333333333334 0.071875
1 0.9197916666666667 0.15625 0.13125 0.103125
1 0.915625 0.0609375 0.13125 0.09375
1 0.740625 0.1109375 0.14583333333333334 0.059375