0 0.11666666666666667 0.5671875 0.23333333333333334 0.175
0 0.052083333333333336 0.7375 0.10208333333333333 0.2171875
0 0.30625 0.48125 0.23541666666666666 0.14375
0 0.27708333333333335 0.3421875 0.17916666666666667 0.1265625
0 0.7854166666666667 0.4578125 0.25833333333333336 0.21875
0 0.5770833333333333 0.528125 0.19375 0.125
0 0.45625 0.88125 0.325 0.2203125
0 0.8770833333333333 0.6625 0.24375 0.1890625
0 0.9520833333333333 0.4734375 0.09375 0.159375
0 0.63125 0.2796875 0.23541666666666666 0.1203125
1 0.40208333333333335 0.24375 0.21458333333333332 0.128125
1 0.4583333333333333 0.36875 0.17708333333333334 0.15
1 0.63125 0.39375 0.18333333333333332 0.121875
1 0.9604166666666667 0.334375 0.07916666666666666 0.128125
1 0.6020833333333333 0.6875 0.35208333333333336 0.2375
1 0.7854166666666667 0.86875 0.3145833333333333 0.24375
1 0.94375 0.8484375 0.11041666666666666 0.20625