1 0.17291666666666666 0.2421875 0.34375 0.3109375
1 0.17916666666666667 0.6171875 0.35625 0.39375
1 0.6333333333333333 0.8734375 0.36041666666666666 0.2515625
0 0.8791666666666667 0.8328125 0.24166666666666667 0.225
1 0.8916666666666667 0.5671875 0.21666666666666667 0.2671875
1 0.68125 0.690625 0.21666666666666667 0.125
1 0.45 0.6703125 0.22291666666666668 0.2375
0 0.2125 0.8984375 0.425 0.2015625
0 0.5 0.15625 0.25 0.228125
1 0.7145833333333333 0.2796875 0.36666666666666664 0.240625
0 0.6125 0.51875 0.35833333333333334 0.2328125
0 0.91875 0.203125 0.1625 0.16875
1 0.9270833333333334 0.371875 0.14375 0.1859375