0 0.35625 0.50390625 0.28541666666666665 0.175
0 0.53125 0.35703125 0.30625 0.25625
0 0.6427083333333333 0.57421875 0.2708333333333333 0.196875
0 0.9802083333333333 0.415625 0.0375 0.1125
0 0.5822916666666667 0.07734375 0.22916666666666666 0.1359375
0 0.8104166666666667 0.09453125 0.28125 0.146875
0 0.80625 0.2625 0.33125 0.20625
0 0.3104166666666667 0.146875 0.21458333333333332 0.14375
0 0.26458333333333334 0.2828125 0.225 0.1765625
0 0.14270833333333333 0.6671875 0.28541666666666665 0.35
1 0.4479166666666667 0.7265625 0.4083333333333333 0.2984375
0 0.8364583333333333 0.78203125 0.32708333333333334 0.3171875
1 0.8885416666666667 0.540625 0.22291666666666668 0.190625
1 0.7322916666666667 0.440625 0.14583333333333334 0.1390625
1 0.8895833333333333 0.39609375 0.14583333333333334 0.121875
1 0.36770833333333336 0.0734375 0.15 0.0859375