1 0.26979166666666665 0.32421875 0.19583333333333333 0.1296875
1 0.4 0.2953125 0.17916666666666667 0.115625
1 0.534375 0.27265625 0.19166666666666668 0.13125
1 0.696875 0.24609375 0.22083333333333333 0.1421875
1 0.25 0.40703125 0.18333333333333332 0.1375
1 0.42291666666666666 0.37890625 0.22083333333333333 0.1484375
1 0.5958333333333333 0.36171875 0.23125 0.15625
1 0.7697916666666667 0.33671875 0.22083333333333333 0.15
1 0.25416666666666665 0.521875 0.2375 0.1625
1 0.44583333333333336 0.478125 0.21666666666666667 0.134375
1 0.6322916666666667 0.4578125 0.23541666666666666 0.15
1 0.8166666666666667 0.43125 0.24791666666666667 0.1546875
0 0.259375 0.6546875 0.29791666666666666 0.2015625
1 0.46875 0.60703125 0.25 0.1890625
1 0.6677083333333333 0.5859375 0.2875 0.1984375
1 0.88125 0.5640625 0.2375 0.209375
1 0.24375 0.80859375 0.2520833333333333 0.1796875
1 0.49895833333333334 0.76875 0.3 0.196875
1 0.7322916666666667 0.73515625 0.26458333333333334 0.1625
1 0.9197916666666667 0.70234375 0.16041666666666668 0.1546875
1 0.425 0.896875 0.4375 0.20625
1 0.7770833333333333 0.85625 0.44583333333333336 0.271875