0 0.253125 0.64296875 0.33125 0.2265625
0 0.22395833333333334 0.8625 0.35625 0.275
0 0.675 0.34609375 0.28541666666666665 0.2453125
0 0.8520833333333333 0.796875 0.29583333333333334 0.228125
0 0.590625 0.51484375 0.2708333333333333 0.1859375
0 0.43020833333333336 0.36484375 0.23125 0.1953125
0 0.8666666666666667 0.42578125 0.19791666666666666 0.1546875
0 0.24270833333333333 0.28046875 0.275 0.1734375
0 0.058333333333333334 0.55234375 0.11666666666666667 0.2046875
1 0.22083333333333333 0.446875 0.28125 0.1890625
1 0.803125 0.57265625 0.30625 0.240625
1 0.9020833333333333 0.3359375 0.18333333333333332 0.1328125
0 0.7458333333333333 0.22421875 0.20208333333333334 0.1109375
1 0.5635416666666667 0.1578125 0.22083333333333333 0.1390625
1 0.03854166666666667 0.3625 0.07708333333333334 0.165625