1 0.56875 0.42109375 0.5854166666666667 0.4296875
1 0.46041666666666664 0.7359375 0.4979166666666667 0.353125
1 0.18645833333333334 0.55234375 0.3729166666666667 0.3609375
1 0.19375 0.33984375 0.3416666666666667 0.221875
1 0.27291666666666664 0.19921875 0.3416666666666667 0.1984375
1 0.5229166666666667 0.2265625 0.4041666666666667 0.2
1 0.8104166666666667 0.60859375 0.37916666666666665 0.2921875
1 0.7458333333333333 0.8390625 0.42916666666666664 0.3109375
1 0.328125 0.91640625 0.41041666666666665 0.1671875
1 0.18854166666666666 0.79140625 0.24583333333333332 0.203125
1 0.953125 0.8 0.09375 0.240625