0 0.5875 0.471875 0.43125 0.3
1 0.71875 0.803125 0.4083333333333333 0.3484375
1 0.175 0.6984375 0.34791666666666665 0.38125
1 0.19375 0.909375 0.38333333333333336 0.1796875
1 0.41875 0.7140625 0.23333333333333334 0.259375
1 0.23958333333333334 0.478125 0.29375 0.2046875
1 0.09166666666666666 0.3078125 0.18125 0.1625
1 0.28541666666666665 0.275 0.25833333333333336 0.1953125
1 0.5375 0.2390625 0.2604166666666667 0.1765625
1 0.36041666666666666 0.125 0.23125 0.15
1 0.13125 0.11875 0.2625 0.18125
1 0.79375 0.4140625 0.17291666666666666 0.1609375
1 0.9083333333333333 0.584375 0.18125 0.2296875