1 0.15416666666666667 0.26875 0.30833333333333335 0.2375
0 0.4635416666666667 0.35078125 0.3458333333333333 0.246875
1 0.7177083333333333 0.29921875 0.29583333333333334 0.20625
1 0.9208333333333333 0.3109375 0.15208333333333332 0.2390625
1 0.815625 0.515625 0.36875 0.271875
1 0.5 0.5828125 0.38958333333333334 0.2609375
1 0.17291666666666666 0.50625 0.3458333333333333 0.275
1 0.1375 0.7671875 0.2604166666666667 0.2921875
1 0.3885416666666667 0.8578125 0.43125 0.284375
1 0.75 0.759375 0.45 0.3515625
1 0.971875 0.7796875 0.05625 0.29375