0 0.20416666666666666 0.15234375 0.24375 0.159375
1 0.06666666666666667 0.1359375 0.13333333333333333 0.1625
1 0.43125 0.17109375 0.25 0.159375
1 0.19791666666666666 0.29765625 0.2520833333333333 0.16875
1 0.053125 0.290625 0.10625 0.175
1 0.11458333333333333 0.446875 0.22916666666666666 0.215625
1 0.2875 0.51953125 0.26458333333333334 0.184375
1 0.4947916666666667 0.55546875 0.20625 0.1875
1 0.615625 0.421875 0.24583333333333332 0.19375
1 0.3854166666666667 0.3109375 0.18958333333333333 0.1453125
1 0.54375 0.28203125 0.20625 0.134375
1 0.44583333333333336 0.41328125 0.19583333333333333 0.13125
1 0.8729166666666667 0.2546875 0.20833333333333334 0.2109375
0 0.834375 0.415625 0.2708333333333333 0.2125
0 0.8895833333333333 0.56875 0.22083333333333333 0.19375
1 0.7104166666666667 0.5703125 0.25416666666666665 0.18125
0 0.12604166666666666 0.7140625 0.21041666666666667 0.175
1 0.3385416666666667 0.69609375 0.2520833333333333 0.1984375
1 0.5802083333333333 0.696875 0.25625 0.1921875
1 0.8125 0.67890625 0.2375 0.1640625
1 0.8916666666666667 0.8125 0.21666666666666667 0.184375
1 0.7072916666666667 0.82890625 0.2625 0.1703125
1 0.503125 0.85546875 0.32708333333333334 0.240625
1 0.225 0.8734375 0.30625 0.209375