1 0.4479166666666667 0.12890625 0.2 0.1390625
1 0.29375 0.15234375 0.19375 0.121875
1 0.11875 0.134375 0.15833333333333333 0.0953125
1 0.346875 0.28671875 0.21041666666666667 0.1328125
1 0.38958333333333334 0.409375 0.24583333333333332 0.171875
1 0.14270833333333333 0.378125 0.225 0.15
1 0.17604166666666668 0.26953125 0.1625 0.1
1 0.6197916666666666 0.3484375 0.225 0.1375
1 0.60625 0.50625 0.26458333333333334 0.146875
1 0.784375 0.63984375 0.28125 0.215625
1 0.38125 0.571875 0.25833333333333336 0.1921875
1 0.12604166666666666 0.54140625 0.2520833333333333 0.1765625
0 0.13020833333333334 0.725 0.2520833333333333 0.1734375
1 0.346875 0.73203125 0.225 0.1640625
1 0.5604166666666667 0.76484375 0.23333333333333334 0.2171875
1 0.8125 0.83671875 0.26458333333333334 0.21875
1 0.8104166666666667 0.40078125 0.14166666666666666 0.0984375
1 0.6927083333333334 0.26328125 0.2 0.10625
1 0.27708333333333335 0.0671875 0.16666666666666666 0.0875
1 0.49895833333333334 0.26875 0.16666666666666666 0.109375