1 0.575 0.290625 0.33958333333333335 0.2515625
1 0.8520833333333333 0.3671875 0.29583333333333334 0.234375
1 0.86875 0.6203125 0.2625 0.3
1 0.68125 0.7703125 0.47291666666666665 0.3359375
0 0.4791666666666667 0.5453125 0.32708333333333334 0.190625
1 0.15208333333333332 0.5296875 0.30416666666666664 0.2609375
1 0.26875 0.3125 0.3104166666666667 0.25625
1 0.1875 0.109375 0.3145833333333333 0.1984375
1 0.4666666666666667 0.0875 0.3458333333333333 0.1734375
1 0.7833333333333333 0.1296875 0.2916666666666667 0.225
1 0.25833333333333336 0.771875 0.3333333333333333 0.2703125
1 0.4479166666666667 0.925 0.425 0.1484375
1 0.84375 0.95 0.3104166666666667 0.1
1 0.10625 0.9 0.21041666666666667 0.1984375
1 0.07708333333333334 0.3375 0.15416666666666667 0.1765625