0 0.4270833333333333 0.48046875 0.44166666666666665 0.275
1 0.8041666666666667 0.2296875 0.39166666666666666 0.284375
1 0.7947916666666667 0.496875 0.41041666666666665 0.346875
1 0.5083333333333333 0.69921875 0.5125 0.2453125
1 0.3104166666666667 0.884375 0.43333333333333335 0.23125
1 0.146875 0.69765625 0.29375 0.2515625
1 0.15416666666666667 0.49140625 0.2 0.184375
1 0.4625 0.30234375 0.33541666666666664 0.1859375
1 0.47604166666666664 0.14765625 0.28541666666666665 0.2046875
1 0.265625 0.10390625 0.20416666666666666 0.15625
1 0.09270833333333334 0.2125 0.14583333333333334 0.1625
1 0.26979166666666665 0.278125 0.23541666666666666 0.146875
1 0.10625 0.35859375 0.19166666666666668 0.0984375
1 0.1625 0.040625 0.24166666666666667 0.08125