1 0.28958333333333336 0.1203125 0.32083333333333336 0.2109375
1 0.5322916666666667 0.1671875 0.25 0.146875
1 0.8125 0.184375 0.275 0.203125
1 0.7677083333333333 0.07265625 0.29791666666666666 0.1453125
1 0.7072916666666667 0.3125 0.375 0.284375
1 0.43645833333333334 0.33671875 0.325 0.228125
1 0.17916666666666667 0.321875 0.275 0.2046875
0 0.17083333333333334 0.53046875 0.33958333333333335 0.234375
1 0.4625 0.54609375 0.3333333333333333 0.240625
1 0.7802083333333333 0.5140625 0.34791666666666665 0.2515625
1 0.15208333333333332 0.74765625 0.24375 0.2515625
1 0.36770833333333336 0.74765625 0.32083333333333336 0.2734375
1 0.7208333333333333 0.77265625 0.43125 0.353125
1 0.928125 0.77734375 0.14375 0.3140625