0 0.3333333333333333 0.6328125 0.45416666666666666 0.3453125
0 0.70625 0.5359375 0.42083333333333334 0.3015625
0 0.5541666666666667 0.2453125 0.3125 0.2984375
1 0.7833333333333333 0.2015625 0.23333333333333334 0.253125
0 0.9166666666666666 0.31875 0.16666666666666666 0.21875
1 0.90625 0.6234375 0.1875 0.2296875
1 0.54375 0.85625 0.4041666666666667 0.2625
1 0.175 0.815625 0.35 0.25
1 0.08541666666666667 0.59375 0.17083333333333334 0.278125
1 0.2875 0.3828125 0.3145833333333333 0.2
1 0.09583333333333334 0.1140625 0.18958333333333333 0.228125
1 0.2625 0.04375 0.13958333333333334 0.0859375
1 0.4125 0.0421875 0.18333333333333332 0.0828125
1 0.5729166666666666 0.05625 0.20416666666666666 0.1078125
1 0.20416666666666666 0.2359375 0.27708333333333335 0.1671875
1 0.05625 0.35 0.11041666666666666 0.21875
1 0.7354166666666667 0.7171875 0.17083333333333334 0.1078125