1 0.29270833333333335 0.6859375 0.5145833333333333 0.3859375
1 0.715625 0.66640625 0.4708333333333333 0.3109375
1 0.6322916666666667 0.42890625 0.39791666666666664 0.2140625
1 0.25729166666666664 0.365625 0.43333333333333335 0.30625
1 0.5645833333333333 0.23046875 0.3375 0.20625
0 0.21770833333333334 0.18046875 0.3229166666666667 0.1546875
1 0.5916666666666667 0.07734375 0.2791666666666667 0.1546875
1 0.34270833333333334 0.0765625 0.23958333333333334 0.153125
1 0.140625 0.07421875 0.23125 0.1484375
1 0.06354166666666666 0.5359375 0.12708333333333333 0.203125
1 0.22291666666666668 0.93671875 0.33125 0.1171875
1 0.775 0.9578125 0.3875 0.084375