1 0.45416666666666666 0.36015625 0.21875 0.146875
1 0.3229166666666667 0.45234375 0.25 0.159375
1 0.6583333333333333 0.49921875 0.325 0.25625
1 0.8770833333333333 0.5875 0.24583333333333332 0.221875
1 0.42604166666666665 0.56640625 0.2625 0.153125
1 0.184375 0.58984375 0.26666666666666666 0.1671875
1 0.11770833333333333 0.77109375 0.19583333333333333 0.215625
1 0.30625 0.72265625 0.27708333333333335 0.20625
1 0.5625 0.709375 0.2875 0.240625
1 0.321875 0.90390625 0.3770833333333333 0.1921875
1 0.7604166666666666 0.8828125 0.33541666666666664 0.2234375
1 0.9416666666666667 0.86796875 0.11666666666666667 0.2109375
1 0.5541666666666667 0.07734375 0.22916666666666666 0.1546875
1 0.8 0.1 0.30416666666666664 0.2