1 0.546875 0.60390625 0.41041666666666665 0.3296875
1 0.8114583333333333 0.63671875 0.28125 0.2640625
1 0.6677083333333333 0.884375 0.3729166666666667 0.23125
1 0.88125 0.8453125 0.2375 0.225
1 0.9697916666666667 0.73984375 0.06041666666666667 0.2265625
1 0.8927083333333333 0.503125 0.21458333333333332 0.33125
1 0.6916666666666667 0.4078125 0.34375 0.25625
1 0.8666666666666667 0.27421875 0.19166666666666668 0.1734375
1 0.809375 0.13046875 0.225 0.20625
1 0.6510416666666666 0.24609375 0.29791666666666666 0.190625
1 0.35104166666666664 0.3140625 0.38333333333333336 0.28125
1 0.26458333333333334 0.50546875 0.375 0.275
1 0.128125 0.6671875 0.24583333333333332 0.2765625
1 0.31666666666666665 0.72421875 0.2375 0.196875
1 0.5541666666666667 0.8015625 0.35 0.2
1 0.10625 0.41484375 0.2125 0.1453125
1 0.042708333333333334 0.3015625 0.08541666666666667 0.153125
1 0.15208333333333332 0.31953125 0.15833333333333333 0.096875
1 0.30520833333333336 0.125 0.175 0.1046875
1 0.390625 0.05546875 0.11666666666666667 0.1015625
1 0.5864583333333333 0.1078125 0.24791666666666667 0.1703125
1 0.47708333333333336 0.0921875 0.14791666666666667 0.10625
1 0.4895833333333333 0.02109375 0.2125 0.0421875
1 0.37083333333333335 0.15703125 0.1875 0.09375
1 0.04375 0.46640625 0.0875 0.1765625