1 0.165625 0.65234375 0.33125 0.2921875
1 0.071875 0.87734375 0.14375 0.2078125
1 0.346875 0.77734375 0.25625 0.2765625
1 0.5885416666666666 0.82890625 0.32083333333333336 0.2515625
1 0.5958333333333333 0.63671875 0.24166666666666667 0.1609375
1 0.8333333333333334 0.64140625 0.3229166666666667 0.24375
1 0.359375 0.55546875 0.28541666666666665 0.2203125
1 0.5666666666666667 0.453125 0.26458333333333334 0.2109375
1 0.6822916666666666 0.3859375 0.17916666666666667 0.165625
1 0.5739583333333333 0.2421875 0.24166666666666667 0.1984375
1 0.30520833333333336 0.37578125 0.29375 0.19375
1 0.32708333333333334 0.246875 0.275 0.16875
1 0.459375 0.1109375 0.2625 0.203125
1 0.11770833333333333 0.46171875 0.23541666666666666 0.1546875
1 0.057291666666666664 0.3421875 0.09583333333333334 0.1265625