0 0.309375 0.7140625 0.30625 0.253125
0 0.38125 0.55234375 0.21875 0.2046875
0 0.5572916666666666 0.43046875 0.28958333333333336 0.1890625
0 0.85 0.45078125 0.24166666666666667 0.153125
0 0.8364583333333333 0.8140625 0.32708333333333334 0.30625
1 0.8833333333333333 0.603125 0.23333333333333334 0.265625
0 0.46875 0.30234375 0.21041666666666667 0.1484375
0 0.8083333333333333 0.19296875 0.25416666666666665 0.1546875
1 0.553125 0.19296875 0.23125 0.1421875
1 0.6645833333333333 0.30859375 0.21875 0.1703125
1 0.8583333333333333 0.31484375 0.24375 0.1984375