0 0.3770833333333333 0.4390625 0.26666666666666666 0.1734375
0 0.41875 0.3015625 0.2125 0.153125
0 0.7979166666666667 0.325 0.21666666666666667 0.16875
0 0.825 0.5796875 0.18958333333333333 0.159375
0 0.69375 0.7890625 0.27291666666666664 0.221875
1 0.4979166666666667 0.9015625 0.32916666666666666 0.196875
1 0.23958333333333334 0.7953125 0.3 0.2546875
1 0.29583333333333334 0.6 0.21458333333333332 0.1515625
1 0.5895833333333333 0.6046875 0.2916666666666667 0.1859375
1 0.6895833333333333 0.4359375 0.24375 0.1671875
1 0.9270833333333334 0.45 0.14583333333333334 0.16875
1 0.6145833333333334 0.296875 0.15833333333333333 0.1234375
1 0.66875 0.190625 0.16458333333333333 0.0875
1 0.9458333333333333 0.190625 0.10833333333333334 0.1609375
1 0.90625 0.1203125 0.16458333333333333 0.1203125
1 0.23541666666666666 0.2421875 0.10625 0.1015625
1 0.33541666666666664 0.24375 0.09791666666666667 0.04375
1 0.27291666666666664 0.328125 0.11458333333333333 0.0875
1 0.15625 0.396875 0.175 0.0890625
1 0.10625 0.5171875 0.21041666666666667 0.1625
1 0.08958333333333333 0.6765625 0.17708333333333334 0.175
0 0.2375 0.45625 0.08541666666666667 0.125
1 0.38125 0.1984375 0.14791666666666667 0.0765625
0 0.525 0.209375 0.12083333333333333 0.0609375
1 0.5541666666666667 0.1640625 0.09791666666666667 0.0453125