0 0.5833333333333334 0.83671875 0.4395833333333333 0.2625
0 0.7520833333333333 0.41796875 0.38333333333333336 0.3125
0 0.42083333333333334 0.3671875 0.36666666666666664 0.315625
1 0.6822916666666666 0.17890625 0.4083333333333333 0.25
1 0.48854166666666665 0.06171875 0.3145833333333333 0.1234375
1 0.8760416666666667 0.0953125 0.24791666666666667 0.165625
1 0.934375 0.278125 0.13125 0.225
1 0.9489583333333333 0.5 0.10208333333333333 0.225
1 0.834375 0.74140625 0.3104166666666667 0.2984375
1 0.41041666666666665 0.6328125 0.48333333333333334 0.2984375
1 0.32083333333333336 0.92578125 0.30833333333333335 0.146875
1 0.8760416666666667 0.93203125 0.18125 0.1359375