0 0.49583333333333335 0.59375 0.21666666666666667 0.1453125
0 0.48333333333333334 0.4625 0.18541666666666667 0.1265625
0 0.8166666666666667 0.446875 0.21875 0.1234375
0 0.8875 0.6734375 0.15 0.1484375
0 0.35833333333333334 0.6078125 0.125 0.125
0 0.8791666666666667 0.871875 0.24166666666666667 0.1921875
1 0.7145833333333333 0.73125 0.23333333333333334 0.1609375
0 0.45416666666666666 0.746875 0.24166666666666667 0.14375
1 0.4708333333333333 0.9078125 0.30416666666666664 0.1828125
1 0.7458333333333333 0.9484375 0.25625 0.103125
1 0.22083333333333333 0.8640625 0.3 0.175
1 0.22916666666666666 0.6953125 0.2520833333333333 0.1390625
1 0.22916666666666666 0.575 0.18541666666666667 0.0953125
1 0.3541666666666667 0.4828125 0.125 0.090625
1 0.23958333333333334 0.3953125 0.11666666666666667 0.0765625
1 0.3541666666666667 0.340625 0.1375 0.0546875
1 0.36666666666666664 0.3953125 0.12291666666666666 0.05625
1 0.5041666666666667 0.3 0.11041666666666666 0.05625
0 0.49166666666666664 0.3453125 0.11458333333333333 0.05
1 0.61875 0.3296875 0.13125 0.1015625
1 0.63125 0.4328125 0.15625 0.1125
1 0.9166666666666666 0.3171875 0.16458333333333333 0.1359375
1 0.8229166666666666 0.25 0.13541666666666666 0.1
1 0.8875 0.2078125 0.1 0.071875
1 0.975 0.20625 0.04791666666666667 0.1125
1 0.7041666666666667 0.3734375 0.08541666666666667 0.0484375
1 0.9375 0.55 0.125 0.140625
1 0.7541666666666667 0.5609375 0.22708333333333333 0.1484375