1 0.47604166666666664 0.3421875 0.36666666666666664 0.2328125
1 0.24895833333333334 0.3171875 0.22291666666666668 0.2234375
1 0.3104166666666667 0.48046875 0.27291666666666664 0.153125
1 0.584375 0.55234375 0.32916666666666666 0.2375
1 0.115625 0.60703125 0.23125 0.3109375
0 0.34791666666666665 0.6734375 0.39166666666666666 0.3015625
1 0.6333333333333333 0.77734375 0.3229166666666667 0.284375
1 0.6041666666666666 0.9296875 0.35833333333333334 0.140625
1 0.26666666666666666 0.88046875 0.38125 0.2328125
1 0.871875 0.89765625 0.17291666666666666 0.2046875
1 0.9041666666666667 0.7234375 0.1625 0.2171875
1 0.7708333333333334 0.61875 0.1625 0.190625
1 0.9052083333333333 0.54296875 0.18958333333333333 0.1765625
1 0.828125 0.4015625 0.23958333333333334 0.225
0 0.7541666666666667 0.17734375 0.16458333333333333 0.1421875
1 0.8416666666666667 0.25703125 0.15625 0.103125
1 0.6760416666666667 0.3171875 0.16666666666666666 0.1
1 0.5 0.23125 0.16875 0.0765625