0 0.5947916666666667 0.0953125 0.21041666666666667 0.159375
1 0.6354166666666666 0.51015625 0.3 0.225
1 0.8770833333333333 0.4 0.24583333333333332 0.21875
1 0.8916666666666667 0.65 0.2125 0.290625
1 0.715625 0.75078125 0.3125 0.246875
1 0.9020833333333333 0.88828125 0.15833333333333333 0.2234375
1 0.7010416666666667 0.9328125 0.33125 0.134375
1 0.40729166666666666 0.875 0.37083333333333335 0.2421875
1 0.4197916666666667 0.6609375 0.375 0.3109375
1 0.3 0.4953125 0.22916666666666666 0.1578125
1 0.440625 0.36015625 0.275 0.175
1 0.6614583333333334 0.28125 0.2625 0.215625
1 0.8104166666666667 0.11171875 0.225 0.1890625
1 0.915625 0.21875 0.16875 0.184375
1 0.440625 0.21640625 0.22916666666666666 0.140625
1 0.19375 0.69609375 0.19791666666666666 0.2234375
1 0.08333333333333333 0.59609375 0.16666666666666666 0.2203125
1 0.09479166666666666 0.44375 0.18958333333333333 0.128125
1 0.22916666666666666 0.321875 0.20625 0.1640625
1 0.221875 0.2046875 0.21041666666666667 0.1203125
1 0.37395833333333334 0.09765625 0.19791666666666666 0.1484375
1 0.2791666666666667 0.03671875 0.175 0.0734375
1 0.13020833333333334 0.08359375 0.21458333333333332 0.1484375
1 0.06770833333333333 0.209375 0.10208333333333333 0.1125
1 0.08229166666666667 0.32265625 0.14791666666666667 0.1328125
1 0.46041666666666664 0.03125 0.14166666666666666 0.0625