1 0.5375 0.2671875 0.3333333333333333 0.225
1 0.653125 0.41484375 0.31875 0.190625
1 0.8916666666666667 0.4796875 0.21666666666666667 0.215625
1 0.7041666666666667 0.62109375 0.45 0.3171875
1 0.4395833333333333 0.72421875 0.33541666666666664 0.25625
1 0.16666666666666666 0.7984375 0.3333333333333333 0.271875
1 0.4270833333333333 0.91640625 0.375 0.1671875
1 0.7572916666666667 0.86953125 0.38958333333333334 0.2609375
1 0.234375 0.56953125 0.32916666666666666 0.2
1 0.058333333333333334 0.63984375 0.11666666666666667 0.2171875
1 0.2989583333333333 0.403125 0.25 0.1921875
1 0.6072916666666667 0.128125 0.24583333333333332 0.1671875
1 0.39791666666666664 0.16875 0.17708333333333334 0.134375
1 0.08229166666666667 0.45703125 0.16458333333333333 0.1765625
1 0.32916666666666666 0.278125 0.14375 0.096875
1 0.23854166666666668 0.25625 0.15833333333333333 0.1015625