0 0.3072916666666667 0.55546875 0.47291666666666665 0.290625
0 0.8875 0.5796875 0.225 0.278125
1 0.81875 0.24140625 0.3625 0.3609375
1 0.4864583333333333 0.15703125 0.46458333333333335 0.3140625
1 0.21145833333333333 0.11875 0.29791666666666666 0.2375
1 0.22708333333333333 0.359375 0.45416666666666666 0.365625
1 0.1375 0.7671875 0.275 0.35
1 0.4197916666666667 0.796875 0.43333333333333335 0.325
0 0.71875 0.72890625 0.4125 0.3265625
1 0.6291666666666667 0.45546875 0.42916666666666664 0.290625
1 0.890625 0.82734375 0.13541666666666666 0.25