1 0.3229166666666667 0.128125 0.23541666666666666 0.1875
1 0.75625 0.1 0.20625 0.1859375
1 0.5229166666666667 0.271875 0.26666666666666666 0.1625
1 0.42291666666666666 0.4546875 0.2375 0.171875
1 0.7125 0.45 0.33958333333333335 0.23125
1 0.28541666666666665 0.603125 0.31666666666666665 0.19375
1 0.70625 0.6453125 0.30625 0.225
1 0.44166666666666665 0.7765625 0.40208333333333335 0.284375
1 0.10208333333333333 0.696875 0.20208333333333334 0.2859375
0 0.15625 0.9046875 0.3104166666666667 0.1890625
0 0.7604166666666666 0.3 0.275 0.18125
0 0.5625 0.1140625 0.20625 0.1765625
0 0.27291666666666664 0.309375 0.28125 0.1828125