0 0.7916666666666666 0.7046875 0.34375 0.3140625
0 0.5395833333333333 0.5296875 0.2833333333333333 0.215625
0 0.25625 0.475 0.32083333333333336 0.21875
0 0.35208333333333336 0.3203125 0.2916666666666667 0.2125
0 0.76875 0.475 0.25625 0.1765625
0 0.9125 0.0640625 0.175 0.128125
1 0.9020833333333333 0.1796875 0.19375 0.1
1 0.7791666666666667 0.30625 0.25416666666666665 0.190625
1 0.95625 0.3109375 0.08541666666666667 0.140625
1 0.9416666666666667 0.4609375 0.11666666666666667 0.1671875
1 0.425 0.7234375 0.325 0.25625
1 0.5729166666666666 0.296875 0.17083333333333334 0.1359375
1 0.35625 0.196875 0.16041666666666668 0.09375
1 0.5333333333333333 0.1796875 0.2 0.11875
1 0.7395833333333334 0.1859375 0.20833333333333334 0.0609375
1 0.71875 0.109375 0.1875 0.109375
1 0.5395833333333333 0.0859375 0.18125 0.115625
1 0.3625 0.103125 0.16666666666666666 0.109375
0 0.36041666666666666 0.034375 0.17083333333333334 0.06875
1 0.7104166666666667 0.0375 0.19375 0.075
1 0.8625 0.021875 0.15208333333333332 0.04375