0 0.28125 0.646875 0.3875 0.2390625
0 0.3572916666666667 0.421875 0.38958333333333334 0.2921875
0 0.859375 0.23046875 0.28125 0.2734375
0 0.9375 0.384375 0.125 0.259375
0 0.6197916666666666 0.5765625 0.3104166666666667 0.2140625
0 0.13125 0.1046875 0.2 0.1203125
0 0.36875 0.08984375 0.2791666666666667 0.1796875
0 0.475 0.21328125 0.36041666666666666 0.234375
1 0.5822916666666667 0.8203125 0.42291666666666666 0.359375
1 0.21875 0.871875 0.4375 0.246875
1 0.878125 0.6328125 0.24375 0.271875
1 0.7666666666666667 0.4390625 0.27291666666666664 0.175
1 0.584375 0.41953125 0.11666666666666667 0.1328125
1 0.6458333333333334 0.28515625 0.15625 0.1765625
1 0.14270833333333333 0.25546875 0.2604166666666667 0.2375
1 0.159375 0.47578125 0.17291666666666666 0.1625
0 0.051041666666666666 0.465625 0.10208333333333333 0.2125
1 0.6833333333333333 0.10546875 0.25625 0.1796875
1 0.15208333333333332 0.0265625 0.22083333333333333 0.053125