0 0.728125 0.52578125 0.54375 0.4734375
0 0.5166666666666667 0.81328125 0.4708333333333333 0.3390625
0 0.32083333333333336 0.5078125 0.32916666666666666 0.3046875
0 0.12916666666666668 0.36953125 0.25833333333333336 0.2609375
0 0.3177083333333333 0.215625 0.32708333333333334 0.2578125
0 0.47291666666666665 0.08984375 0.3375 0.1796875
0 0.80625 0.1140625 0.3875 0.221875
1 0.16354166666666667 0.71796875 0.32708333333333334 0.3171875
1 0.85 0.8703125 0.275 0.259375
1 0.9572916666666667 0.284375 0.08541666666666667 0.18125
0 0.7291666666666666 0.2828125 0.34375 0.1875