0 0.59375 0.646875 0.45416666666666666 0.29375
0 0.7375 0.95 0.39375 0.1
1 0.6083333333333333 0.834375 0.25833333333333336 0.1734375
1 0.8583333333333333 0.8109375 0.2833333333333333 0.2875
1 0.325 0.890625 0.3729166666666667 0.2125
1 0.29375 0.5359375 0.24583333333333332 0.121875
1 0.32083333333333336 0.4 0.21875 0.153125
1 0.29583333333333334 0.290625 0.2125 0.1046875
1 0.42916666666666664 0.246875 0.1375 0.1109375
1 0.55625 0.15625 0.26875 0.1796875
1 0.7416666666666667 0.134375 0.16875 0.1421875
1 0.9 0.1203125 0.19791666666666666 0.1703125
1 0.9104166666666667 0.265625 0.17708333333333334 0.153125
1 0.7416666666666667 0.2421875 0.21666666666666667 0.109375
1 0.6 0.3375 0.3541666666666667 0.228125
1 0.9145833333333333 0.4171875 0.16875 0.2140625
1 0.8125 0.575 0.2375 0.24375
1 0.5229166666666667 0.490625 0.23541666666666666 0.1203125
1 0.8083333333333333 0.4078125 0.11458333333333333 0.1546875