1 0.31354166666666666 0.28671875 0.35208333333333336 0.21875
1 0.5302083333333333 0.44453125 0.2875 0.2453125
0 0.76875 0.3984375 0.31666666666666665 0.2234375
0 0.2 0.4921875 0.4 0.29375
0 0.5510416666666667 0.3109375 0.19166666666666668 0.1484375
0 0.18333333333333332 0.1640625 0.3333333333333333 0.1875
1 0.41458333333333336 0.1859375 0.20833333333333334 0.1484375
1 0.6083333333333333 0.18203125 0.225 0.1921875
1 0.8145833333333333 0.159375 0.24166666666666667 0.1859375
1 0.884375 0.55546875 0.23125 0.2953125
1 0.7666666666666667 0.73359375 0.4666666666666667 0.3796875
1 0.4822916666666667 0.88828125 0.45625 0.2234375
0 0.403125 0.675 0.42916666666666664 0.29375
1 0.19375 0.871875 0.26666666666666666 0.25625
1 0.084375 0.2921875 0.16875 0.240625
1 0.065625 0.096875 0.13125 0.096875
1 0.375 0.053125 0.17916666666666667 0.10625
1 0.490625 0.096875 0.11458333333333333 0.0734375
1 0.653125 0.0828125 0.16458333333333333 0.1046875
1 0.8104166666666667 0.0421875 0.16666666666666666 0.084375
1 0.64375 0.0328125 0.17916666666666667 0.065625
0 0.5083333333333333 0.03828125 0.13333333333333333 0.0765625