0 0.2760416666666667 0.36875 0.38958333333333334 0.271875
0 0.4125 0.62578125 0.4625 0.31875
0 0.13854166666666667 0.6609375 0.27708333333333335 0.384375
0 0.4864583333333333 0.8609375 0.46875 0.278125
1 0.8166666666666667 0.8671875 0.36666666666666664 0.234375
1 0.7208333333333333 0.62734375 0.26875 0.290625
1 0.7291666666666666 0.3984375 0.2708333333333333 0.190625
1 0.5083333333333333 0.35859375 0.19375 0.159375
0 0.22916666666666666 0.13828125 0.37083333333333335 0.25625
1 0.058333333333333334 0.31796875 0.11666666666666667 0.2453125
1 0.028125 0.1453125 0.05625 0.15
1 0.47708333333333336 0.0515625 0.3125 0.103125
1 0.7885416666666667 0.0609375 0.26458333333333334 0.121875
1 0.809375 0.22890625 0.32708333333333334 0.3015625