0 0.73125 0.30625 0.4791666666666667 0.3375
0 0.22291666666666668 0.4234375 0.44583333333333336 0.303125
0 0.828125 0.5328125 0.34375 0.3
0 0.6697916666666667 0.753125 0.5416666666666666 0.3921875
0 0.9145833333333333 0.76171875 0.17083333333333334 0.2921875
0 0.5333333333333333 0.51796875 0.4166666666666667 0.2703125
1 0.2677083333333333 0.66171875 0.4166666666666667 0.26875
1 0.3125 0.86484375 0.4708333333333333 0.2703125
1 0.24791666666666667 0.28359375 0.34375 0.221875
1 0.4510416666666667 0.3609375 0.29583333333333334 0.19375
1 0.225 0.16796875 0.21041666666666667 0.171875
1 0.3875 0.1421875 0.25833333333333336 0.16875
1 0.53125 0.20625 0.31666666666666665 0.203125
1 0.696875 0.1046875 0.30833333333333335 0.159375