1 0.6989583333333333 0.5515625 0.43125 0.3046875
1 0.44375 0.67734375 0.45416666666666666 0.3484375
1 0.6239583333333333 0.90078125 0.46875 0.1984375
1 0.8927083333333333 0.71875 0.19791666666666666 0.3078125
1 0.9166666666666666 0.44765625 0.16666666666666666 0.2953125
1 0.84375 0.12421875 0.3125 0.2171875
1 0.4947916666666667 0.14921875 0.40625 0.2984375
1 0.34479166666666666 0.41171875 0.3770833333333333 0.271875
1 0.15729166666666666 0.603125 0.3145833333333333 0.309375
1 0.16354166666666667 0.8515625 0.32708333333333334 0.265625
1 0.10104166666666667 0.40390625 0.20208333333333334 0.2078125
1 0.23854166666666668 0.22421875 0.3104166666666667 0.25
0 0.14270833333333333 0.1078125 0.18958333333333333 0.2046875
1 0.3385416666666667 0.059375 0.3229166666666667 0.11875
1 0.884375 0.93046875 0.11458333333333333 0.1390625
1 0.7489583333333333 0.28671875 0.41875 0.3375