1 0.271875 0.42421875 0.3145833333333333 0.2109375
1 0.5489583333333333 0.33828125 0.24166666666666667 0.1796875
1 0.7791666666666667 0.340625 0.23958333333333334 0.1796875
1 0.5666666666666667 0.49921875 0.29583333333333334 0.1828125
1 0.83125 0.49921875 0.2833333333333333 0.178125
1 0.6177083333333333 0.684375 0.27291666666666664 0.2125
1 0.8427083333333333 0.66484375 0.2833333333333333 0.2078125
1 0.37604166666666666 0.76015625 0.35 0.2734375
1 0.25625 0.5890625 0.26458333333333334 0.159375
1 0.12395833333333334 0.75390625 0.22708333333333333 0.240625
1 0.271875 0.91796875 0.28125 0.1640625
1 0.71875 0.8296875 0.28125 0.1953125
1 0.8947916666666667 0.8109375 0.21041666666666667 0.209375
1 0.5885416666666666 0.18515625 0.23125 0.19375
1 0.7947916666666667 0.21171875 0.23333333333333334 0.1296875
1 0.409375 0.28125 0.23125 0.1453125
1 0.31666666666666665 0.0859375 0.19166666666666668 0.1234375
1 0.596875 0.0515625 0.18958333333333333 0.103125
1 0.721875 0.121875 0.20416666666666666 0.128125
1 0.8854166666666666 0.1046875 0.18125 0.14375
1 0.09479166666666666 0.57734375 0.1875 0.153125
1 0.07916666666666666 0.24921875 0.15833333333333333 0.1453125
1 0.171875 0.1578125 0.24583333333333332 0.1515625