0 0.5166666666666667 0.334375 0.27291666666666664 0.215625
1 0.4510416666666667 0.54140625 0.38958333333333334 0.259375
1 0.13333333333333333 0.4640625 0.26666666666666666 0.259375
1 0.203125 0.65390625 0.3333333333333333 0.1890625
1 0.503125 0.7375 0.3541666666666667 0.2015625
0 0.24270833333333333 0.884375 0.31875 0.228125
1 0.55625 0.90234375 0.42083333333333334 0.1953125
1 0.740625 0.828125 0.24583333333333332 0.2375
1 0.734375 0.653125 0.2791666666666667 0.1828125
1 0.7291666666666666 0.48125 0.29583333333333334 0.1984375
1 0.8364583333333333 0.3625 0.23541666666666666 0.1953125
1 0.2604166666666667 0.225 0.17916666666666667 0.1328125
1 0.10104166666666667 0.16640625 0.18958333333333333 0.1421875
1 0.13020833333333334 0.284375 0.25416666666666665 0.15625
1 0.2791666666666667 0.4078125 0.20625 0.11875
1 0.3416666666666667 0.32265625 0.16041666666666668 0.115625
1 0.05 0.846875 0.1 0.221875