0 0.3854166666666667 0.475 0.2833333333333333 0.2328125
0 0.6791666666666667 0.5765625 0.35625 0.2046875
0 0.5041666666666667 0.6984375 0.3416666666666667 0.2
0 0.6375 0.1671875 0.2520833333333333 0.1796875
0 0.05625 0.325 0.1125 0.1234375
0 0.052083333333333336 0.159375 0.10416666666666667 0.1703125
1 0.39166666666666666 0.2796875 0.28541666666666665 0.165625
1 0.775 0.340625 0.32083333333333336 0.1765625
1 0.9041666666666667 0.490625 0.18958333333333333 0.1875
1 0.8270833333333333 0.7171875 0.29583333333333334 0.1828125
1 0.8458333333333333 0.90625 0.30833333333333335 0.1875
1 0.5395833333333333 0.8765625 0.3 0.2203125
1 0.25416666666666665 0.7953125 0.3333333333333333 0.2234375
1 0.20416666666666666 0.6 0.28958333333333336 0.190625
0 0.10416666666666667 0.4984375 0.20833333333333334 0.159375
0 0.18958333333333333 0.35625 0.25833333333333336 0.1859375
1 0.17083333333333334 0.1921875 0.16041666666666668 0.121875
1 0.9229166666666667 0.1671875 0.15208333333333332 0.15625
1 0.7958333333333333 0.175 0.15 0.1515625
1 0.7645833333333333 0.078125 0.20416666666666666 0.0953125
1 0.9479166666666666 0.0546875 0.10208333333333333 0.1078125
1 0.81875 0.0359375 0.175 0.0703125