1 0.534375 0.26875 0.39166666666666666 0.26875
1 0.59375 0.49375 0.42083333333333334 0.29375
0 0.8541666666666666 0.64296875 0.2916666666666667 0.3109375
0 0.5708333333333333 0.7703125 0.4 0.3375
1 0.26875 0.63125 0.4354166666666667 0.3375
1 0.7916666666666666 0.87578125 0.26666666666666666 0.2484375
1 0.6739583333333333 0.965625 0.3229166666666667 0.06875
1 0.3729166666666667 0.89375 0.425 0.2125
1 0.10416666666666667 0.80625 0.20833333333333334 0.259375
1 0.121875 0.91796875 0.24375 0.0953125
1 0.09479166666666666 0.5609375 0.18958333333333333 0.28125
1 0.284375 0.38203125 0.41041666666666665 0.29375
1 0.21041666666666667 0.2109375 0.31875 0.2578125