0 0.18854166666666666 0.46796875 0.28125 0.178125
0 0.3958333333333333 0.41171875 0.2375 0.19375
0 0.5541666666666667 0.27421875 0.25416666666666665 0.2125
0 0.9791666666666666 0.1265625 0.041666666666666664 0.15
0 0.59375 0.56484375 0.28125 0.2171875
0 0.8510416666666667 0.590625 0.29791666666666666 0.215625
0 0.2708333333333333 0.61640625 0.33958333333333335 0.1984375
0 0.28229166666666666 0.84296875 0.4125 0.3078125
0 0.5833333333333334 0.921875 0.36666666666666664 0.15625
1 0.7229166666666667 0.7640625 0.37083333333333335 0.3046875
1 0.09270833333333334 0.71171875 0.18541666666666667 0.2265625
1 0.6114583333333333 0.434375 0.22083333333333333 0.121875
1 0.8427083333333333 0.415625 0.25416666666666665 0.18125
1 0.7041666666666667 0.3421875 0.175 0.1390625
1 0.7791666666666667 0.246875 0.18958333333333333 0.115625
1 0.9072916666666667 0.34453125 0.18541666666666667 0.1890625
1 0.9489583333333333 0.2453125 0.10208333333333333 0.128125
1 0.84375 0.18046875 0.18125 0.1234375
0 0.6864583333333333 0.16796875 0.17708333333333334 0.1390625
1 0.7677083333333333 0.0890625 0.15416666666666667 0.1
1 0.9125 0.1015625 0.175 0.1125