1 0.5916666666666667 0.5078125 0.33125 0.228125
1 0.8458333333333333 0.7234375 0.30833333333333335 0.3046875
1 0.8208333333333333 0.909375 0.35833333333333334 0.18125
1 0.4895833333333333 0.9140625 0.31875 0.1703125
1 0.5854166666666667 0.728125 0.2625 0.20625
1 0.3625 0.58125 0.20625 0.1515625
1 0.3 0.765625 0.2375 0.209375
1 0.15 0.9171875 0.2833333333333333 0.1640625
1 0.12708333333333333 0.73125 0.25416666666666665 0.3484375
1 0.11875 0.6109375 0.2375 0.1234375
1 0.13958333333333334 0.46875 0.2791666666666667 0.228125
1 0.13958333333333334 0.303125 0.19375 0.121875
1 0.37916666666666665 0.3328125 0.3729166666666667 0.221875
1 0.5895833333333333 0.284375 0.22291666666666668 0.134375
1 0.78125 0.2671875 0.20416666666666666 0.13125
1 0.7270833333333333 0.3875 0.225 0.1375
1 0.9041666666666667 0.3609375 0.18958333333333333 0.1296875
1 0.9104166666666667 0.471875 0.16458333333333333 0.1109375
1 0.8166666666666667 0.51875 0.19166666666666668 0.1453125
1 0.5791666666666667 0.040625 0.24791666666666667 0.08125
1 0.23541666666666666 0.0546875 0.28125 0.1078125