1 0.1625 0.0578125 0.24583333333333332 0.1140625
1 0.1125 0.1796875 0.225 0.1859375
1 0.25416666666666665 0.3328125 0.30833333333333335 0.228125
1 0.06875 0.38125 0.13541666666666666 0.21875
1 0.21041666666666667 0.5578125 0.41875 0.2203125
1 0.5958333333333333 0.6734375 0.4395833333333333 0.275
1 0.875 0.5796875 0.24791666666666667 0.30625
1 0.88125 0.8578125 0.23541666666666666 0.271875
1 0.5625 0.90625 0.45 0.1875
1 0.19791666666666666 0.81875 0.3958333333333333 0.3
0 0.55625 0.3984375 0.33958333333333335 0.2796875
1 0.85625 0.3578125 0.28541666666666665 0.2140625
1 0.6333333333333333 0.215625 0.2916666666666667 0.2453125
1 0.7958333333333333 0.0875 0.2125 0.175
1 0.9 0.190625 0.19791666666666666 0.19375
1 0.6145833333333334 0.075 0.18125 0.1484375