1 0.775 0.5890625 0.41041666666666665 0.2859375
1 0.3625 0.7390625 0.38958333333333334 0.2546875
0 0.21875 0.475 0.3 0.184375
1 0.6708333333333333 0.2375 0.2833333333333333 0.165625
1 0.5083333333333333 0.3671875 0.2520833333333333 0.14375
1 0.7333333333333333 0.38125 0.2708333333333333 0.1734375
1 0.9125 0.4484375 0.17291666666666666 0.259375
1 0.5145833333333333 0.5390625 0.30416666666666664 0.209375
1 0.8854166666666666 0.8359375 0.22916666666666666 0.2515625
1 0.63125 0.765625 0.25416666666666665 0.2296875
1 0.71875 0.91875 0.3 0.1609375
1 0.14791666666666667 0.6453125 0.29583333333333334 0.1890625
1 0.06875 0.821875 0.13541666666666666 0.2296875
1 0.3458333333333333 0.0921875 0.24166666666666667 0.1296875
1 0.45625 0.2359375 0.19583333333333333 0.1453125
1 0.3416666666666667 0.3640625 0.175 0.109375
1 0.24791666666666667 0.259375 0.12708333333333333 0.06875
1 0.16458333333333333 0.3515625 0.16041666666666668 0.0703125
1 0.04583333333333333 0.4484375 0.08958333333333333 0.084375