1 0.5927083333333333 0.34609375 0.3375 0.234375
1 0.375 0.4953125 0.31875 0.190625
1 0.16041666666666668 0.44921875 0.29375 0.2015625
1 0.10104166666666667 0.56640625 0.20208333333333334 0.1671875
1 0.26145833333333335 0.6046875 0.23333333333333334 0.15625
1 0.6385416666666667 0.51484375 0.2520833333333333 0.1515625
1 0.85 0.45 0.28541666666666665 0.246875
1 0.340625 0.34296875 0.23333333333333334 0.196875
1 0.15104166666666666 0.30625 0.18333333333333332 0.1421875
1 0.13229166666666667 0.0765625 0.22083333333333333 0.1390625
1 0.30416666666666664 0.0640625 0.2375 0.1234375
1 0.4947916666666667 0.06953125 0.20208333333333334 0.1390625
1 0.6947916666666667 0.0828125 0.29791666666666666 0.165625
1 0.8947916666666667 0.059375 0.17291666666666666 0.11875
1 0.5270833333333333 0.63984375 0.3 0.2484375
1 0.8 0.6859375 0.28541666666666665 0.2328125
1 0.35 0.80546875 0.3375 0.2484375
1 0.128125 0.76015625 0.225 0.1890625
0 0.08020833333333334 0.8921875 0.13541666666666666 0.215625
1 0.26979166666666665 0.94375 0.28958333333333336 0.1125
1 0.6125 0.87578125 0.3125 0.2484375
1 0.8729166666666667 0.8765625 0.25416666666666665 0.23125