0 0.3260416666666667 0.2453125 0.35208333333333336 0.25
0 0.3697916666666667 0.45234375 0.39375 0.278125
1 0.17916666666666667 0.603125 0.35833333333333334 0.371875
1 0.378125 0.73359375 0.35625 0.3125
1 0.6791666666666667 0.840625 0.475 0.31875
1 0.6645833333333333 0.584375 0.45208333333333334 0.3234375
1 0.6125 0.35234375 0.34791666666666665 0.225
1 0.5614583333333333 0.1734375 0.30833333333333335 0.1984375
1 0.42083333333333334 0.07109375 0.30416666666666664 0.1421875
1 0.13854166666666667 0.2390625 0.20625 0.2296875
1 0.125 0.39921875 0.24166666666666667 0.1609375
0 0.13125 0.85390625 0.2625 0.2265625