0 0.29791666666666666 0.11875 0.24166666666666667 0.165625
0 0.5375 0.1140625 0.25625 0.1421875
0 0.39895833333333336 0.240625 0.21458333333333332 0.16875
0 0.27291666666666664 0.52734375 0.2791666666666667 0.184375
0 0.1875 0.66796875 0.32916666666666666 0.19375
1 0.6135416666666667 0.234375 0.2625 0.178125
1 0.546875 0.39765625 0.22916666666666666 0.2328125
1 0.35625 0.36640625 0.2625 0.2078125
1 0.18645833333333334 0.25 0.22916666666666666 0.1765625
1 0.12708333333333333 0.3875 0.25416666666666665 0.15625
1 0.08541666666666667 0.53984375 0.17083333333333334 0.1671875
1 0.5104166666666666 0.5625 0.29375 0.203125
1 0.503125 0.715625 0.37083333333333335 0.2359375