0 0.5677083333333334 0.73359375 0.33541666666666664 0.2625
1 0.8020833333333334 0.60234375 0.35625 0.2828125
0 0.590625 0.3984375 0.32916666666666666 0.2109375
1 0.3802083333333333 0.5265625 0.275 0.2046875
1 0.30833333333333335 0.740625 0.28125 0.2359375
1 0.43645833333333334 0.915625 0.40208333333333335 0.16875
1 0.884375 0.35546875 0.23125 0.2796875
1 0.7927083333333333 0.1875 0.41458333333333336 0.253125
1 0.4427083333333333 0.26484375 0.275 0.228125
1 0.5052083333333334 0.08203125 0.26458333333333334 0.1640625
0 0.2677083333333333 0.19296875 0.23333333333333334 0.18125
1 0.19375 0.35234375 0.30833333333333335 0.209375
0 0.18020833333333333 0.52421875 0.23333333333333334 0.1609375
1 0.11145833333333334 0.71484375 0.22291666666666668 0.1953125
1 0.040625 0.57578125 0.08125 0.1640625
1 0.8177083333333334 0.0515625 0.3458333333333333 0.0875