0 0.12395833333333334 0.50703125 0.24791666666666667 0.2203125
0 0.11041666666666666 0.28046875 0.22083333333333333 0.1421875
0 0.3885416666666667 0.384375 0.175 0.121875
0 0.8208333333333333 0.2515625 0.22083333333333333 0.1390625
0 0.784375 0.36796875 0.28958333333333336 0.209375
0 0.5458333333333333 0.44296875 0.21875 0.1625
1 0.7041666666666667 0.55859375 0.3541666666666667 0.24375
1 0.3572916666666667 0.49140625 0.24583333333333332 0.20625
1 0.20729166666666668 0.36328125 0.2604166666666667 0.1671875
1 0.052083333333333336 0.36875 0.10416666666666667 0.134375
0 0.05 0.18515625 0.1 0.1703125
1 0.12395833333333334 0.12578125 0.17916666666666667 0.1578125
0 0.234375 0.65078125 0.2875 0.1953125
1 0.5041666666666667 0.68125 0.3458333333333333 0.2515625
1 0.3125 0.84609375 0.40208333333333335 0.2953125
1 0.5510416666666667 0.875 0.46041666666666664 0.25
1 0.6270833333333333 0.26171875 0.19791666666666666 0.15625
1 0.46875 0.28359375 0.1875 0.1359375
1 0.29270833333333335 0.2953125 0.1625 0.125
1 0.2916666666666667 0.1640625 0.13958333333333334 0.1046875
1 0.20104166666666667 0.0921875 0.1125 0.1015625
0 0.39791666666666664 0.16171875 0.1125 0.065625
0 0.7635416666666667 0.08515625 0.15625 0.0921875
1 0.6260416666666667 0.09765625 0.13541666666666666 0.075
1 0.44895833333333335 0.10859375 0.12916666666666668 0.08125
1 0.49166666666666664 0.15078125 0.11041666666666666 0.0671875
1 0.61875 0.16015625 0.14375 0.0984375
1 0.7583333333333333 0.121875 0.15833333333333333 0.0875
1 0.765625 0.1765625 0.16041666666666668 0.090625
1 0.49375 0.209375 0.15625 0.1015625
1 0.38229166666666664 0.2109375 0.11041666666666666 0.0625