0 0.4125 0.32421875 0.25625 0.1609375
1 0.8239583333333333 0.38359375 0.25416666666666665 0.1703125
1 0.10729166666666666 0.33671875 0.17708333333333334 0.1671875
1 0.32083333333333336 0.40546875 0.2708333333333333 0.1875
1 0.5260416666666666 0.446875 0.23541666666666666 0.184375
1 0.721875 0.48984375 0.24166666666666667 0.16875
1 0.9 0.48515625 0.2 0.1546875
1 0.546875 0.81015625 0.25833333333333336 0.1890625
1 0.303125 0.7640625 0.2604166666666667 0.1828125
1 0.121875 0.68125 0.24375 0.153125
1 0.026041666666666668 0.7953125 0.052083333333333336 0.175
1 0.12083333333333333 0.83984375 0.24166666666666667 0.2171875
1 0.390625 0.90703125 0.2520833333333333 0.1859375
1 0.6010416666666667 0.9484375 0.23958333333333334 0.103125