0 0.38645833333333335 0.30234375 0.2791666666666667 0.175
0 0.37604166666666666 0.4890625 0.29375 0.203125
0 0.671875 0.56953125 0.42916666666666664 0.2625
0 0.140625 0.43515625 0.28125 0.2015625
1 0.6552083333333333 0.3578125 0.32916666666666666 0.215625
0 0.7625 0.90625 0.42291666666666666 0.184375
0 0.29270833333333335 0.225 0.25833333333333336 0.1546875
0 0.11979166666666667 0.26015625 0.15625 0.10625
1 0.38958333333333334 0.06953125 0.2375 0.1390625
1 0.5854166666666667 0.0734375 0.19583333333333333 0.146875
1 0.73125 0.1359375 0.2625 0.15625
1 0.9125 0.16796875 0.14166666666666666 0.1921875
1 0.7604166666666666 0.2578125 0.23541666666666666 0.1734375
1 0.9072916666666667 0.35078125 0.17916666666666667 0.221875
1 0.9354166666666667 0.57265625 0.12916666666666668 0.2578125
1 0.815625 0.71484375 0.29375 0.18125
1 0.5822916666666667 0.7890625 0.23958333333333334 0.23125
1 0.32083333333333336 0.65390625 0.3375 0.2734375
1 0.090625 0.53203125 0.18125 0.1734375
1 0.13541666666666666 0.153125 0.18958333333333333 0.1234375
1 0.4822916666666667 0.1796875 0.20833333333333334 0.109375