1 0.8447916666666667 0.13203125 0.23958333333333334 0.24375
1 0.6833333333333333 0.44453125 0.4083333333333333 0.3046875
1 0.63125 0.71640625 0.35625 0.2734375
1 0.3489583333333333 0.78359375 0.34375 0.2625
1 0.5364583333333334 0.9546875 0.27708333333333335 0.090625
1 0.228125 0.93046875 0.34375 0.1296875
1 0.08854166666666667 0.8890625 0.17708333333333334 0.19375
1 0.11875 0.703125 0.2375 0.234375
1 0.4239583333333333 0.54375 0.28958333333333336 0.225
1 0.15 0.5171875 0.26458333333333334 0.2015625
1 0.2635416666666667 0.3625 0.4354166666666667 0.2703125
1 0.5020833333333333 0.325 0.18125 0.1640625
1 0.30520833333333336 0.2109375 0.26458333333333334 0.0953125