1 0.39375 0.80234375 0.5875 0.3953125
1 0.6166666666666667 0.73125 0.27708333333333335 0.240625
1 0.4239583333333333 0.534375 0.36666666666666664 0.240625
1 0.7458333333333333 0.5609375 0.325 0.2640625
1 0.8458333333333333 0.75546875 0.2520833333333333 0.2671875
1 0.921875 0.515625 0.15625 0.178125
1 0.865625 0.34375 0.26875 0.2625
1 0.9239583333333333 0.11953125 0.15208333333333332 0.1546875
1 0.9625 0.25 0.075 0.159375
1 0.746875 0.1953125 0.50625 0.375
1 0.5916666666666667 0.38828125 0.325 0.2296875
1 0.3229166666666667 0.32734375 0.32708333333333334 0.234375
1 0.46458333333333335 0.14609375 0.3125 0.2609375
1 0.19583333333333333 0.1484375 0.28541666666666665 0.2578125
1 0.146875 0.48828125 0.29375 0.2703125
1 0.17916666666666667 0.71328125 0.27291666666666664 0.25625
1 0.046875 0.71875 0.09375 0.265625