1 0.3 0.35 0.4479166666666667 0.3078125
1 0.6041666666666666 0.509375 0.32083333333333336 0.2109375
1 0.8625 0.4296875 0.27291666666666664 0.20625
1 0.8770833333333333 0.65625 0.24375 0.23125
1 0.6729166666666667 0.7296875 0.34791666666666665 0.2296875
1 0.8166666666666667 0.890625 0.3020833333333333 0.2171875
1 0.4895833333333333 0.9125 0.3375 0.175
1 0.35833333333333334 0.721875 0.29375 0.23125
1 0.27291666666666664 0.5421875 0.30833333333333335 0.134375
1 0.08125 0.4109375 0.1625 0.2015625
1 0.11041666666666666 0.6453125 0.21875 0.2578125
1 0.15 0.8828125 0.3 0.225
1 0.06041666666666667 0.2578125 0.12083333333333333 0.1671875
1 0.04583333333333333 0.096875 0.09166666666666666 0.1875
1 0.40208333333333335 0.1046875 0.36875 0.209375
1 0.7145833333333333 0.084375 0.28125 0.1671875
1 0.9166666666666666 0.1109375 0.16666666666666666 0.1953125
1 0.8208333333333333 0.246875 0.2833333333333333 0.2078125
1 0.5708333333333333 0.2875 0.23125 0.203125