0 0.48125 0.3109375 0.26458333333333334 0.2125
0 0.5125 0.5078125 0.28541666666666665 0.203125
0 0.21458333333333332 0.44375 0.2875 0.1546875
0 0.1375 0.853125 0.27291666666666664 0.2390625
1 0.20208333333333334 0.6375 0.3645833333333333 0.2390625
1 0.44166666666666665 0.7484375 0.28541666666666665 0.2296875
1 0.6895833333333333 0.89375 0.29583333333333334 0.2125
1 0.73125 0.6671875 0.3625 0.2609375
1 0.7604166666666666 0.4390625 0.29375 0.1984375
0 0.7270833333333333 0.2546875 0.2625 0.1609375
1 0.6270833333333333 0.115625 0.27291666666666664 0.178125
1 0.175 0.1359375 0.29791666666666666 0.140625
1 0.23125 0.271875 0.275 0.1828125
1 0.05 0.2921875 0.09791666666666667 0.203125