0 0.7125 0.30625 0.375 0.2265625
1 0.7354166666666667 0.534375 0.33125 0.215625
1 0.4354166666666667 0.51875 0.3541666666666667 0.290625
1 0.13541666666666666 0.475 0.2708333333333333 0.328125
1 0.11666666666666667 0.096875 0.23333333333333334 0.1921875
1 0.3645833333333333 0.1515625 0.3104166666666667 0.25
1 0.6145833333333334 0.125 0.25625 0.1484375
1 0.81875 0.16875 0.14791666666666667 0.1125
1 0.9375 0.515625 0.125 0.2671875
1 0.6791666666666667 0.809375 0.47291666666666665 0.3546875
1 0.31875 0.775 0.30416666666666664 0.2578125
1 0.09791666666666667 0.7765625 0.19583333333333333 0.2828125
1 0.4583333333333333 0.321875 0.24791666666666667 0.1921875
1 0.9416666666666667 0.315625 0.11458333333333333 0.184375
1 0.6708333333333333 0.0578125 0.26666666666666666 0.1140625